timestamp,mx,my,mz
1482900495704,-24.784000396728516,-35.67499923706055,1.2029999494552612
1482900495745,-23.634000778198242,-35.67499923706055,1.2029999494552612
1482900495745,-23.634000778198242,-35.67499923706055,0.4269999861717224
1482900495758,-23.165000915527344,-36.279998779296875,1.069000005722046
1482900495779,-22.69700050354004,-36.67599868774414,0.0
1482900495799,-22.69700050354004,-36.67599868774414,0.0
1482900495818,-22.69700050354004,-36.67599868774414,0.5659999847412109
1482900495838,-21.687000274658203,-37.14400100708008,2.5160000324249268
1482900495863,-21.992000579833984,-36.65599822998047,0.8330000042915344
1482900495878,-21.992000579833984,-37.05400085449219,0.8330000042915344
1482900495898,-21.992000579833984,-37.05400085449219,0.1289999932050705
1482900495919,-21.617000579833984,-37.05400085449219,2.0899999141693115
1482900495939,-21.617000579833984,-36.66899871826172,1.1610000133514404
1482900495972,-21.617000579833984,-36.66899871826172,0.8050000071525574
1482900495980,-21.617000579833984,-36.66899871826172,1.2899999618530273
1482900495999,-21.617000579833984,-36.66899871826172,0.781000018119812
1482900496019,-21.617000579833984,-36.66899871826172,1.3880000114440918
1482900496051,-21.617000579833984,-36.66899871826172,1.7309999465942383
1482900496062,-21.617000579833984,-36.66899871826172,0.8569999933242798
1482900496079,-21.617000579833984,-36.66899871826172,0.8569999933242798
1482900496099,-21.617000579833984,-36.66899871826172,0.8569999933242798
1482900496119,-21.617000579833984,-36.66899871826172,0.8569999933242798
1482900496139,-21.27199935913086,-37.005001068115234,1.184999942779541
1482900496159,-21.27199935913086,-37.005001068115234,1.184999942779541
1482900496179,-20.232999801635742,-37.005001068115234,1.184999942779541
1482900496216,-18.149999618530273,-37.37900161743164,1.184999942779541
1482900496224,-17.007999420166016,-37.37900161743164,1.184999942779541
1482900496239,-15.175999641418457,-37.76499938964844,1.184999942779541
1482900496259,-14.468000411987305,-38.612998962402344,1.184999942779541
1482900496279,-14.468000411987305,-39.183998107910156,1.5379999876022339
1482900496299,-15.498000144958496,-39.183998107910156,1.5379999876022339
1482900496319,-15.86400032043457,-39.183998107910156,1.5379999876022339
1482900496341,-15.86400032043457,-39.183998107910156,1.5379999876022339
1482900496360,-15.196999549865723,-39.571998596191406,1.5379999876022339
1482900496381,-14.128999710083008,-39.571998596191406,1.5379999876022339
1482900496405,-13.496000289916992,-39.99700164794922,1.5379999876022339
1482900496420,-12.418999671936035,-39.99700164794922,1.5379999876022339
1482900496440,-11.668999671936035,-40.404998779296875,1.5379999876022339
1482900496464,-10.310999870300293,-40.404998779296875,1.5379999876022339
1482900496482,-9.333000183105469,-40.79999923706055,1.5379999876022339
1482900496526,-8.062000274658203,-40.79999923706055,1.5379999876022339
1482900496526,-7.084000110626221,-40.79999923706055,1.1519999504089355
1482900496539,-5.910999774932861,-40.79999923706055,1.1519999504089355
1482900496559,-5.25,-41.13999938964844,1.1519999504089355
1482900496582,-4.695000171661377,-41.13999938964844,0.8339999914169312
1482900496599,-4.301000118255615,-41.49100112915039,0.8339999914169312
1482900496619,-4.301000118255615,-41.49100112915039,-0.2919999957084656
1482900496640,-4.301000118255615,-41.49100112915039,-0.902999997138977
1482900496660,-4.301000118255615,-41.83100128173828,-1.6180000305175781
1482900496681,-4.936999797821045,-41.83100128173828,-1.9600000381469727
1482900496702,-5.460999965667725,-41.83100128173828,-1.9600000381469727
1482900496721,-5.908999919891357,-41.83100128173828,-2.690999984741211
1482900496741,-5.908999919891357,-42.24300003051758,-3.2829999923706055
1482900496767,-6.488999843597412,-42.24300003051758,-3.2829999923706055
1482900496780,-6.488999843597412,-42.24300003051758,-3.2829999923706055
1482900496802,-7.008999824523926,-42.24300003051758,-3.2829999923706055
1482900496822,-7.3480000495910645,-42.24300003051758,-3.2829999923706055
1482900496840,-7.3480000495910645,-42.24300003051758,-3.6070001125335693
1482900496861,-7.708000183105469,-42.24300003051758,-3.6070001125335693
1482900496883,-7.708000183105469,-42.24300003051758,-4.039999961853027
1482900496900,-7.708000183105469,-42.24300003051758,-4.039999961853027
1482900496922,-7.708000183105469,-42.24300003051758,-4.039999961853027
1482900496946,-7.708000183105469,-42.24300003051758,-4.039999961853027
1482900496961,-7.136000156402588,-42.24300003051758,-4.039999961853027
1482900496981,-7.136000156402588,-42.24300003051758,-4.039999961853027
1482900497003,-7.136000156402588,-42.24300003051758,-4.34499979019165
1482900497022,-7.136000156402588,-42.24300003051758,-4.34499979019165
1482900497041,-7.136000156402588,-42.24300003051758,-4.34499979019165
1482900497063,-7.136000156402588,-41.888999938964844,-4.718999862670898
1482900497085,-7.458000183105469,-41.888999938964844,-4.718999862670898
1482900497100,-7.458000183105469,-41.888999938964844,-4.718999862670898
1482900497126,-7.458000183105469,-41.888999938964844,-4.718999862670898
1482900497142,-7.760000228881836,-41.888999938964844,-4.718999862670898
1482900497161,-7.760000228881836,-41.888999938964844,-4.718999862670898
1482900497183,-7.760000228881836,-41.888999938964844,-4.718999862670898
1482900497203,-7.760000228881836,-41.888999938964844,-4.718999862670898
1482900497222,-7.760000228881836,-41.888999938964844,-4.718999862670898
1482900497243,-7.760000228881836,-41.888999938964844,-4.718999862670898
1482900497261,-7.760000228881836,-41.888999938964844,-4.718999862670898
1482900497282,-7.760000228881836,-41.888999938964844,-4.718999862670898
1482900497308,-7.760000228881836,-41.888999938964844,-4.718999862670898
1482900497322,-7.760000228881836,-41.888999938964844,-4.718999862670898
1482900497343,-7.760000228881836,-41.888999938964844,-4.718999862670898
1482900497363,-7.760000228881836,-41.888999938964844,-4.718999862670898
1482900497383,-7.760000228881836,-41.888999938964844,-4.718999862670898
1482900497403,-7.760000228881836,-41.888999938964844,-4.718999862670898
1482900497423,-7.760000228881836,-41.888999938964844,-4.718999862670898
1482900497441,-7.760000228881836,-41.888999938964844,-4.388000011444092
1482900497463,-7.760000228881836,-41.888999938964844,-4.388000011444092
1482900497487,-7.760000228881836,-41.888999938964844,-4.388000011444092
1482900497503,-7.760000228881836,-41.888999938964844,-4.388000011444092
1482900497521,-7.760000228881836,-41.888999938964844,-4.388000011444092
1482900497543,-7.760000228881836,-41.888999938964844,-4.388000011444092
1482900497563,-7.760000228881836,-41.888999938964844,-4.083000183105469
1482900497583,-7.760000228881836,-41.888999938964844,-4.083000183105469
1482900497602,-7.760000228881836,-41.888999938964844,-4.083000183105469
1482900497637,-7.760000228881836,-41.888999938964844,-4.083000183105469
1482900497642,-7.760000228881836,-41.888999938964844,-4.083000183105469
1482900497665,-7.760000228881836,-41.888999938964844,-4.083000183105469
1482900497680,-7.760000228881836,-41.888999938964844,-4.083000183105469
1482900497700,-7.760000228881836,-41.888999938964844,-4.083000183105469
1482900497729,-7.760000228881836,-41.888999938964844,-4.083000183105469
1482900497743,-7.760000228881836,-41.888999938964844,-4.083000183105469
1482900497761,-7.760000228881836,-41.58300018310547,-4.083000183105469
1482900497782,-7.760000228881836,-41.58300018310547,-4.083000183105469
1482900497803,-7.760000228881836,-41.58300018310547,-3.7170000076293945
1482900497822,-7.760000228881836,-41.58300018310547,-3.7170000076293945
1482900497845,-7.760000228881836,-41.58300018310547,-3.7170000076293945
1482900497861,-7.760000228881836,-41.58300018310547,-3.7170000076293945
1482900497881,-7.760000228881836,-41.58300018310547,-3.3529999256134033
1482900497906,-7.760000228881836,-41.58300018310547,-3.3529999256134033
1482900497924,-7.760000228881836,-41.58300018310547,-3.3529999256134033
1482900497941,-7.760000228881836,-41.58300018310547,-3.3529999256134033
1482900497962,-7.760000228881836,-41.58300018310547,-3.3529999256134033
1482900497981,-7.760000228881836,-41.23899841308594,-3.3529999256134033
1482900498002,-7.760000228881836,-41.23899841308594,-3.3529999256134033
1482900498025,-7.431000232696533,-41.23899841308594,-3.3529999256134033
1482900498041,-7.431000232696533,-41.23899841308594,-3.3529999256134033
1482900498061,-7.431000232696533,-41.23899841308594,-3.6679999828338623
1482900498083,-6.158999919891357,-41.23899841308594,-3.6679999828338623
1482900498105,-4.436999797821045,-40.862998962402344,-4.369999885559082
1482900498122,-3.002000093460083,-40.862998962402344,-5.177000045776367
1482900498141,-1.3819999694824219,-40.862998962402344,-5.734000205993652
1482900498161,0.17299999296665192,-40.518001556396484,-6.451000213623047
1482900498181,1.4170000553131104,-40.518001556396484,-6.783999919891357
1482900498206,2.2939999103546143,-40.17300033569336,-6.783999919891357
1482900498221,2.2939999103546143,-40.17300033569336,-6.783999919891357
1482900498242,2.2939999103546143,-39.85900115966797,-6.783999919891357
1482900498264,2.2939999103546143,-39.85900115966797,-6.783999919891357
1482900498283,3.131999969482422,-39.85900115966797,-6.783999919891357
1482900498303,3.7230000495910645,-39.430999755859375,-6.783999919891357
1482900498323,4.051000118255615,-39.430999755859375,-6.783999919891357
1482900498343,4.650000095367432,-39.430999755859375,-6.783999919891357
1482900498363,5.052999973297119,-39.029998779296875,-6.783999919891357
1482900498389,5.546000003814697,-39.029998779296875,-7.158999919891357
1482900498403,5.546000003814697,-38.72600173950195,-7.158999919891357
1482900498424,5.953000068664551,-38.72600173950195,-7.5279998779296875
1482900498443,5.953000068664551,-38.40999984741211,-7.5279998779296875
1482900498463,5.953000068664551,-38.40999984741211,-7.835999965667725
1482900498484,6.4079999923706055,-38.40999984741211,-7.835999965667725
1482900498503,6.4079999923706055,-38.00199890136719,-7.835999965667725
1482900498522,6.4079999923706055,-38.00199890136719,-8.201000213623047
1482900498551,6.4079999923706055,-38.00199890136719,-8.201000213623047
1482900498566,6.4079999923706055,-38.00199890136719,-8.201000213623047
1482900498581,6.711999893188477,-37.68000030517578,-8.201000213623047
1482900498601,6.711999893188477,-37.68000030517578,-8.201000213623047
1482900498621,6.711999893188477,-37.68000030517578,-8.531000137329102
1482900498641,6.711999893188477,-37.68000030517578,-8.531000137329102
1482900498661,6.711999893188477,-37.68000030517578,-8.531000137329102
1482900498682,6.711999893188477,-37.68000030517578,-8.531000137329102
1482900498722,6.711999893188477,-37.68000030517578,-8.887999534606934
1482900498722,7.070000171661377,-37.68000030517578,-8.887999534606934
1482900498745,7.070000171661377,-37.68000030517578,-8.887999534606934
1482900498763,7.070000171661377,-37.367000579833984,-8.887999534606934
1482900498783,7.438000202178955,-37.367000579833984,-8.887999534606934
1482900498804,7.438000202178955,-37.367000579833984,-8.887999534606934
1482900498822,7.438000202178955,-37.367000579833984,-8.887999534606934
1482900498844,7.438000202178955,-37.367000579833984,-9.232999801635742
1482900498864,7.794000148773193,-37.367000579833984,-9.232999801635742
1482900498884,7.794000148773193,-37.367000579833984,-9.232999801635742
1482900498904,7.794000148773193,-37.367000579833984,-9.232999801635742
1482900498930,7.794000148773193,-37.367000579833984,-9.232999801635742
1482900498944,8.163000106811523,-37.367000579833984,-9.232999801635742
1482900498964,8.163000106811523,-37.367000579833984,-9.232999801635742
1482900498984,8.163000106811523,-37.367000579833984,-9.232999801635742
1482900499003,8.163000106811523,-37.367000579833984,-9.232999801635742
1482900499023,8.54699993133545,-37.367000579833984,-9.232999801635742
1482900499044,8.54699993133545,-37.367000579833984,-9.59000015258789
1482900499063,8.54699993133545,-37.367000579833984,-9.59000015258789
1482900499083,8.54699993133545,-37.367000579833984,-9.59000015258789
1482900499109,8.937999725341797,-37.367000579833984,-9.59000015258789
1482900499124,8.937999725341797,-37.367000579833984,-9.59000015258789
1482900499144,8.937999725341797,-37.367000579833984,-9.59000015258789
1482900499164,8.937999725341797,-37.367000579833984,-9.906000137329102
1482900499184,9.28600025177002,-37.367000579833984,-9.906000137329102
1482900499204,9.28600025177002,-37.367000579833984,-9.906000137329102
1482900499227,9.28600025177002,-37.367000579833984,-9.906000137329102
1482900499244,9.28600025177002,-37.367000579833984,-9.906000137329102
1482900499264,9.621999740600586,-37.367000579833984,-10.262999534606934
1482900499289,9.621999740600586,-37.367000579833984,-10.262999534606934
1482900499304,9.621999740600586,-37.367000579833984,-10.262999534606934
1482900499329,9.621999740600586,-37.367000579833984,-10.262999534606934
1482900499345,9.621999740600586,-37.367000579833984,-10.262999534606934
1482900499364,9.621999740600586,-37.367000579833984,-10.574000358581543
1482900499385,9.621999740600586,-37.367000579833984,-10.574000358581543
1482900499405,9.949999809265137,-37.367000579833984,-10.574000358581543
1482900499425,9.949999809265137,-37.367000579833984,-10.574000358581543
1482900499445,9.949999809265137,-37.367000579833984,-10.574000358581543
1482900499471,9.949999809265137,-37.0620002746582,-10.574000358581543
1482900499485,9.949999809265137,-37.0620002746582,-10.574000358581543
1482900499504,9.949999809265137,-37.0620002746582,-10.574000358581543
1482900499523,10.307000160217285,-37.0620002746582,-10.574000358581543
1482900499595,10.307000160217285,-37.0620002746582,-10.90999984741211
1482900499595,10.307000160217285,-37.0620002746582,-10.90999984741211
1482900499596,10.307000160217285,-37.0620002746582,-10.90999984741211
1482900499602,10.307000160217285,-37.0620002746582,-10.90999984741211
1482900499622,10.307000160217285,-37.0620002746582,-10.90999984741211
1482900499647,10.307000160217285,-37.0620002746582,-10.90999984741211
1482900499662,10.307000160217285,-37.0620002746582,-10.90999984741211
1482900499682,10.307000160217285,-37.0620002746582,-10.90999984741211
1482900499703,10.307000160217285,-37.0620002746582,-10.90999984741211
1482900499725,10.307000160217285,-37.0620002746582,-10.90999984741211
1482900499745,10.619999885559082,-37.0620002746582,-10.90999984741211
1482900499765,10.619999885559082,-37.0620002746582,-10.90999984741211
1482900499785,10.619999885559082,-37.0620002746582,-10.90999984741211
1482900499803,10.619999885559082,-37.0620002746582,-10.90999984741211
1482900499832,10.619999885559082,-37.0620002746582,-10.90999984741211
1482900499845,10.619999885559082,-36.73400115966797,-10.90999984741211
1482900499865,10.619999885559082,-36.73400115966797,-10.90999984741211
1482900499885,10.619999885559082,-36.73400115966797,-10.90999984741211
1482900499906,10.619999885559082,-36.73400115966797,-10.90999984741211
1482900499925,10.619999885559082,-36.73400115966797,-10.90999984741211
1482900499945,10.619999885559082,-36.73400115966797,-10.90999984741211
1482900499965,10.619999885559082,-36.73400115966797,-10.90999984741211
1482900499985,10.619999885559082,-36.73400115966797,-10.90999984741211
1482900500011,10.619999885559082,-36.73400115966797,-10.90999984741211
1482900500025,10.619999885559082,-36.73400115966797,-10.90999984741211
1482900500045,10.619999885559082,-36.73400115966797,-10.90999984741211
1482900500064,10.619999885559082,-36.73400115966797,-10.90999984741211
1482900500085,10.619999885559082,-36.73400115966797,-10.90999984741211
1482900500106,10.619999885559082,-36.73400115966797,-10.90999984741211
1482900500125,10.619999885559082,-36.73400115966797,-10.90999984741211
1482900500145,10.619999885559082,-36.73400115966797,-10.90999984741211
1482900500165,10.619999885559082,-36.73400115966797,-10.90999984741211
1482900500191,10.619999885559082,-36.73400115966797,-10.90999984741211
1482900500206,10.619999885559082,-36.73400115966797,-10.90999984741211
1482900500225,10.619999885559082,-36.73400115966797,-10.90999984741211
1482900500245,10.619999885559082,-36.73400115966797,-10.90999984741211
1482900500265,10.619999885559082,-36.73400115966797,-10.90999984741211
1482900500285,10.619999885559082,-36.73400115966797,-10.90999984741211
1482900500306,10.619999885559082,-36.73400115966797,-10.90999984741211
1482900500325,10.619999885559082,-36.73400115966797,-10.90999984741211
1482900500345,10.619999885559082,-36.73400115966797,-10.90999984741211
1482900500371,10.619999885559082,-36.73400115966797,-10.90999984741211
1482900500385,10.619999885559082,-36.73400115966797,-10.90999984741211
1482900500405,10.619999885559082,-36.73400115966797,-10.90999984741211
1482900500426,10.619999885559082,-36.73400115966797,-10.90999984741211
1482900500445,10.619999885559082,-36.73400115966797,-10.90999984741211
1482900500465,10.619999885559082,-36.430999755859375,-10.90999984741211
1482900500486,10.619999885559082,-36.430999755859375,-10.90999984741211
1482900500506,10.619999885559082,-36.430999755859375,-10.90999984741211
1482900500524,10.619999885559082,-36.430999755859375,-10.90999984741211
1482900500552,10.619999885559082,-36.430999755859375,-10.90999984741211
1482900500566,10.619999885559082,-36.430999755859375,-10.90999984741211
1482900500585,10.619999885559082,-36.430999755859375,-10.90999984741211
1482900500605,10.619999885559082,-36.430999755859375,-10.90999984741211
1482900500626,10.619999885559082,-36.430999755859375,-10.90999984741211
1482900500655,10.619999885559082,-36.430999755859375,-10.90999984741211
1482900500666,10.619999885559082,-36.430999755859375,-10.90999984741211
1482900500683,10.619999885559082,-36.430999755859375,-10.90999984741211
1482900500707,10.619999885559082,-36.430999755859375,-10.90999984741211
1482900500726,10.619999885559082,-36.430999755859375,-10.90999984741211
1482900500747,10.619999885559082,-36.430999755859375,-10.90999984741211
1482900500765,10.619999885559082,-36.430999755859375,-10.90999984741211
1482900500787,10.619999885559082,-36.430999755859375,-10.605999946594238
1482900500806,10.619999885559082,-36.430999755859375,-10.605999946594238
1482900500825,10.619999885559082,-36.430999755859375,-10.605999946594238
1482900500846,10.619999885559082,-36.430999755859375,-10.605999946594238
1482900500866,10.619999885559082,-36.430999755859375,-10.605999946594238
1482900500886,10.619999885559082,-36.430999755859375,-10.605999946594238
1482900500912,10.619999885559082,-36.430999755859375,-10.605999946594238
1482900500926,10.619999885559082,-36.430999755859375,-10.605999946594238
1482900500946,10.619999885559082,-36.430999755859375,-10.605999946594238
1482900500966,10.619999885559082,-36.430999755859375,-10.605999946594238
1482900500984,10.619999885559082,-36.430999755859375,-10.605999946594238
1482900501007,10.619999885559082,-36.430999755859375,-10.605999946594238
1482900501026,10.619999885559082,-36.430999755859375,-10.605999946594238
1482900501047,10.619999885559082,-36.430999755859375,-10.605999946594238
1482900501066,10.619999885559082,-36.430999755859375,-10.605999946594238
1482900501092,10.619999885559082,-36.430999755859375,-10.605999946594238
1482900501107,10.619999885559082,-36.430999755859375,-10.605999946594238
1482900501127,10.619999885559082,-36.430999755859375,-10.605999946594238
1482900501147,10.619999885559082,-36.430999755859375,-10.605999946594238
1482900501166,10.619999885559082,-36.430999755859375,-10.605999946594238
1482900501186,10.619999885559082,-36.430999755859375,-10.605999946594238
1482900501208,10.619999885559082,-36.430999755859375,-10.605999946594238
1482900501227,10.619999885559082,-36.430999755859375,-10.605999946594238
1482900501246,10.619999885559082,-36.430999755859375,-10.605999946594238
1482900501272,10.619999885559082,-36.430999755859375,-10.605999946594238
1482900501286,10.619999885559082,-36.430999755859375,-10.605999946594238
1482900501307,10.619999885559082,-36.430999755859375,-10.605999946594238
1482900501328,10.619999885559082,-36.430999755859375,-10.605999946594238
1482900501347,10.619999885559082,-36.430999755859375,-10.605999946594238
1482900501367,10.619999885559082,-36.430999755859375,-10.605999946594238
1482900501387,10.619999885559082,-36.430999755859375,-10.605999946594238
1482900501408,10.619999885559082,-36.430999755859375,-10.605999946594238
1482900501428,10.619999885559082,-36.430999755859375,-10.605999946594238
1482900501452,10.619999885559082,-36.430999755859375,-10.605999946594238
1482900501465,10.619999885559082,-36.430999755859375,-10.605999946594238
1482900501487,10.619999885559082,-36.430999755859375,-10.605999946594238
1482900501507,10.619999885559082,-36.430999755859375,-10.605999946594238
1482900501527,10.619999885559082,-36.430999755859375,-10.605999946594238
1482900501545,10.619999885559082,-36.430999755859375,-10.605999946594238
1482900501565,10.619999885559082,-36.430999755859375,-10.605999946594238
1482900501587,10.928000450134277,-36.430999755859375,-10.605999946594238
1482900501625,10.928000450134277,-36.430999755859375,-10.605999946594238
1482900501629,10.928000450134277,-36.430999755859375,-10.605999946594238
1482900501645,10.928000450134277,-36.430999755859375,-10.605999946594238
1482900501663,10.928000450134277,-36.430999755859375,-10.605999946594238
1482900501684,10.928000450134277,-36.430999755859375,-10.605999946594238
1482900501703,10.928000450134277,-36.430999755859375,-10.605999946594238
1482900501723,10.928000450134277,-36.430999755859375,-10.605999946594238
1482900501745,10.928000450134277,-36.430999755859375,-10.605999946594238
1482900501766,10.928000450134277,-36.430999755859375,-10.605999946594238
1482900501786,10.928000450134277,-36.430999755859375,-10.9350004196167
1482900501813,10.928000450134277,-36.430999755859375,-10.9350004196167
1482900501827,10.928000450134277,-36.430999755859375,-10.9350004196167
1482900501847,10.928000450134277,-36.430999755859375,-10.9350004196167
1482900501867,10.928000450134277,-36.430999755859375,-10.9350004196167
1482900501884,10.928000450134277,-36.430999755859375,-10.9350004196167
1482900501907,10.928000450134277,-36.430999755859375,-10.9350004196167
1482900501927,10.928000450134277,-36.430999755859375,-10.9350004196167
1482900501945,10.928000450134277,-36.430999755859375,-10.9350004196167
1482900501967,10.928000450134277,-36.430999755859375,-10.9350004196167
1482900501993,10.928000450134277,-36.430999755859375,-10.9350004196167
1482900502007,10.928000450134277,-36.430999755859375,-10.9350004196167
1482900502027,10.928000450134277,-36.430999755859375,-10.9350004196167
1482900502047,10.928000450134277,-36.430999755859375,-10.9350004196167
1482900502067,10.928000450134277,-36.430999755859375,-10.9350004196167
1482900502087,10.928000450134277,-36.430999755859375,-10.9350004196167
1482900502106,10.928000450134277,-36.430999755859375,-10.9350004196167
1482900502124,10.928000450134277,-36.430999755859375,-10.9350004196167
1482900502147,10.928000450134277,-36.430999755859375,-10.9350004196167
1482900502172,10.928000450134277,-36.430999755859375,-10.9350004196167
1482900502187,10.928000450134277,-36.430999755859375,-10.9350004196167
1482900502207,10.928000450134277,-36.430999755859375,-10.9350004196167
1482900502227,10.928000450134277,-36.430999755859375,-10.9350004196167
1482900502246,10.928000450134277,-36.430999755859375,-10.9350004196167
1482900502265,10.928000450134277,-36.430999755859375,-10.9350004196167
1482900502287,10.928000450134277,-36.430999755859375,-10.9350004196167
1482900502307,10.928000450134277,-36.430999755859375,-10.9350004196167
1482900502326,10.928000450134277,-36.430999755859375,-10.9350004196167
1482900502362,10.928000450134277,-36.430999755859375,-10.9350004196167
1482900502366,10.928000450134277,-36.430999755859375,-10.9350004196167
1482900502388,10.928000450134277,-36.430999755859375,-10.9350004196167
1482900502408,10.928000450134277,-36.430999755859375,-10.9350004196167
1482900502428,10.928000450134277,-36.430999755859375,-10.9350004196167
1482900502446,10.928000450134277,-36.430999755859375,-10.9350004196167
1482900502468,10.928000450134277,-36.430999755859375,-10.9350004196167
1482900502487,10.928000450134277,-36.430999755859375,-10.9350004196167
1482900502507,10.928000450134277,-36.430999755859375,-10.9350004196167
1482900502532,10.928000450134277,-36.430999755859375,-10.9350004196167
1482900502547,10.928000450134277,-36.430999755859375,-10.9350004196167
1482900502567,10.928000450134277,-36.430999755859375,-10.9350004196167
1482900502588,10.928000450134277,-36.430999755859375,-10.9350004196167
1482900502605,10.928000450134277,-36.430999755859375,-10.9350004196167
1482900502626,10.928000450134277,-36.430999755859375,-10.9350004196167
1482900502647,10.928000450134277,-36.430999755859375,-10.9350004196167
1482900502667,10.928000450134277,-36.430999755859375,-10.9350004196167
1482900502687,10.928000450134277,-36.430999755859375,-10.9350004196167
1482900502714,10.928000450134277,-36.430999755859375,-10.9350004196167
1482900502726,10.928000450134277,-36.430999755859375,-10.9350004196167
1482900502747,10.928000450134277,-36.430999755859375,-10.9350004196167
1482900502767,10.928000450134277,-36.430999755859375,-10.9350004196167
1482900502787,10.928000450134277,-36.430999755859375,-10.9350004196167
1482900502812,10.928000450134277,-36.430999755859375,-10.9350004196167
1482900502827,10.928000450134277,-36.430999755859375,-10.9350004196167
1482900502847,10.928000450134277,-36.430999755859375,-10.9350004196167
1482900502867,10.928000450134277,-36.430999755859375,-10.9350004196167
1482900502891,10.928000450134277,-36.430999755859375,-10.9350004196167
1482900502908,10.928000450134277,-36.430999755859375,-10.9350004196167
1482900502928,10.928000450134277,-36.430999755859375,-10.9350004196167
1482900502946,10.928000450134277,-36.430999755859375,-10.9350004196167
1482900502967,10.928000450134277,-36.430999755859375,-10.9350004196167
1482900502988,10.928000450134277,-36.430999755859375,-10.9350004196167
1482900503008,10.928000450134277,-36.430999755859375,-10.9350004196167
1482900503026,10.928000450134277,-36.12300109863281,-10.9350004196167
1482900503047,10.928000450134277,-36.12300109863281,-10.9350004196167
1482900503071,10.928000450134277,-36.12300109863281,-10.9350004196167
1482900503086,10.928000450134277,-36.12300109863281,-10.9350004196167
1482900503108,10.928000450134277,-36.12300109863281,-10.9350004196167
1482900503128,10.928000450134277,-36.12300109863281,-10.9350004196167
1482900503148,10.928000450134277,-36.12300109863281,-10.9350004196167
1482900503167,10.928000450134277,-36.12300109863281,-10.9350004196167
1482900503188,10.928000450134277,-36.12300109863281,-10.9350004196167
1482900503208,10.928000450134277,-36.12300109863281,-10.9350004196167
1482900503228,10.928000450134277,-36.12300109863281,-10.9350004196167
1482900503252,10.928000450134277,-36.12300109863281,-10.9350004196167
1482900503267,10.928000450134277,-36.12300109863281,-10.9350004196167
1482900503287,10.928000450134277,-36.12300109863281,-10.9350004196167
1482900503307,10.928000450134277,-36.12300109863281,-10.9350004196167
1482900503326,10.928000450134277,-36.12300109863281,-10.9350004196167
1482900503347,10.928000450134277,-36.12300109863281,-10.9350004196167
1482900503367,10.928000450134277,-36.12300109863281,-10.9350004196167
1482900503387,10.928000450134277,-36.12300109863281,-10.9350004196167
1482900503407,10.928000450134277,-36.12300109863281,-10.9350004196167
1482900503434,10.928000450134277,-36.12300109863281,-10.9350004196167
1482900503447,10.928000450134277,-36.12300109863281,-10.9350004196167
1482900503468,10.928000450134277,-36.12300109863281,-10.9350004196167
1482900503489,10.928000450134277,-36.12300109863281,-10.9350004196167
1482900503506,10.928000450134277,-36.12300109863281,-10.9350004196167
1482900503529,10.928000450134277,-36.12300109863281,-10.9350004196167
1482900503547,10.928000450134277,-36.12300109863281,-10.9350004196167
1482900503567,10.928000450134277,-36.12300109863281,-10.9350004196167
1482900503587,10.928000450134277,-36.448001861572266,-10.9350004196167
1482900503615,10.928000450134277,-36.448001861572266,-10.9350004196167
1482900503645,10.928000450134277,-36.448001861572266,-10.9350004196167
1482900503646,10.928000450134277,-36.448001861572266,-10.9350004196167
1482900503666,10.928000450134277,-36.448001861572266,-10.9350004196167
1482900503686,10.928000450134277,-36.448001861572266,-10.9350004196167
1482900503706,10.928000450134277,-36.448001861572266,-10.9350004196167
1482900503726,10.928000450134277,-36.448001861572266,-10.9350004196167
1482900503746,10.928000450134277,-36.448001861572266,-10.9350004196167
1482900503766,10.928000450134277,-36.448001861572266,-10.9350004196167
1482900503821,10.928000450134277,-36.448001861572266,-10.9350004196167
1482900503821,10.928000450134277,-36.448001861572266,-10.9350004196167
1482900503826,10.928000450134277,-36.448001861572266,-10.9350004196167
1482900503847,10.928000450134277,-36.448001861572266,-10.9350004196167
1482900503866,10.928000450134277,-36.448001861572266,-10.9350004196167
1482900503888,10.928000450134277,-36.448001861572266,-10.9350004196167
1482900503909,10.928000450134277,-36.448001861572266,-10.9350004196167
1482900503929,10.928000450134277,-36.448001861572266,-10.9350004196167
1482900503948,10.928000450134277,-36.448001861572266,-10.9350004196167
1482900503976,10.928000450134277,-36.448001861572266,-10.9350004196167
1482900503987,10.928000450134277,-36.448001861572266,-10.9350004196167
1482900504009,10.928000450134277,-36.448001861572266,-10.9350004196167
1482900504029,10.928000450134277,-36.448001861572266,-10.9350004196167
1482900504047,10.928000450134277,-36.448001861572266,-10.9350004196167
1482900504067,10.928000450134277,-36.448001861572266,-10.9350004196167
1482900504087,10.928000450134277,-36.448001861572266,-10.9350004196167
1482900504107,10.928000450134277,-36.448001861572266,-10.9350004196167
1482900504129,10.928000450134277,-36.448001861572266,-10.9350004196167
1482900504156,10.928000450134277,-36.448001861572266,-10.9350004196167
1482900504167,10.928000450134277,-36.448001861572266,-10.9350004196167
1482900504189,10.928000450134277,-36.448001861572266,-10.9350004196167
1482900504209,10.928000450134277,-36.448001861572266,-10.9350004196167
1482900504229,10.928000450134277,-36.448001861572266,-10.9350004196167
1482900504247,10.928000450134277,-36.448001861572266,-10.9350004196167
1482900504268,10.928000450134277,-36.448001861572266,-10.9350004196167
1482900504289,10.928000450134277,-36.448001861572266,-10.9350004196167
1482900504307,10.928000450134277,-36.448001861572266,-10.9350004196167
1482900504335,10.928000450134277,-36.448001861572266,-10.9350004196167
1482900504347,10.928000450134277,-36.448001861572266,-10.9350004196167
1482900504367,10.928000450134277,-36.448001861572266,-10.9350004196167
1482900504388,10.928000450134277,-36.448001861572266,-10.9350004196167
1482900504407,10.928000450134277,-36.448001861572266,-10.9350004196167
1482900504428,10.928000450134277,-36.448001861572266,-10.9350004196167
1482900504449,10.928000450134277,-36.448001861572266,-10.9350004196167
1482900504469,10.928000450134277,-36.448001861572266,-10.9350004196167
1482900504489,10.928000450134277,-36.448001861572266,-10.9350004196167
1482900504512,10.928000450134277,-36.448001861572266,-10.9350004196167
1482900504528,10.928000450134277,-36.448001861572266,-10.9350004196167
1482900504548,10.928000450134277,-36.448001861572266,-10.9350004196167
1482900504568,10.928000450134277,-36.448001861572266,-10.9350004196167
1482900504589,10.928000450134277,-36.448001861572266,-10.9350004196167
1482900504610,10.928000450134277,-36.448001861572266,-10.9350004196167
1482900504628,10.928000450134277,-36.448001861572266,-10.9350004196167
1482900504647,10.928000450134277,-36.448001861572266,-10.9350004196167
1482900504668,10.928000450134277,-36.448001861572266,-10.9350004196167
1482900504694,10.928000450134277,-36.448001861572266,-10.9350004196167
1482900504709,10.928000450134277,-36.448001861572266,-10.9350004196167
1482900504729,10.928000450134277,-36.448001861572266,-10.9350004196167
1482900504750,10.928000450134277,-36.448001861572266,-10.9350004196167
1482900504770,10.928000450134277,-36.448001861572266,-10.9350004196167
1482900504787,10.928000450134277,-36.448001861572266,-10.9350004196167
1482900504808,10.928000450134277,-36.448001861572266,-10.9350004196167
1482900504830,10.928000450134277,-36.448001861572266,-10.9350004196167
1482900504850,10.928000450134277,-36.448001861572266,-10.9350004196167
1482900504876,10.928000450134277,-36.448001861572266,-10.9350004196167
1482900504890,10.928000450134277,-36.448001861572266,-10.9350004196167
1482900504908,10.928000450134277,-36.448001861572266,-10.9350004196167
1482900504929,10.928000450134277,-36.448001861572266,-10.9350004196167
1482900504947,10.928000450134277,-36.448001861572266,-10.9350004196167
1482900504968,10.928000450134277,-36.448001861572266,-10.9350004196167
1482900504990,10.928000450134277,-36.448001861572266,-10.9350004196167
1482900505010,10.928000450134277,-36.448001861572266,-10.9350004196167
1482900505030,10.928000450134277,-36.448001861572266,-10.9350004196167
1482900505056,10.928000450134277,-36.448001861572266,-10.9350004196167
1482900505070,10.928000450134277,-36.448001861572266,-10.9350004196167
1482900505090,10.928000450134277,-36.448001861572266,-10.9350004196167
1482900505110,10.928000450134277,-36.448001861572266,-10.9350004196167
1482900505130,10.928000450134277,-36.448001861572266,-10.9350004196167
1482900505150,10.928000450134277,-36.448001861572266,-10.9350004196167
1482900505170,10.928000450134277,-36.448001861572266,-10.9350004196167
1482900505188,10.928000450134277,-36.448001861572266,-10.9350004196167
1482900505210,10.928000450134277,-36.448001861572266,-10.9350004196167
1482900505236,10.928000450134277,-36.448001861572266,-10.9350004196167
1482900505250,10.928000450134277,-36.448001861572266,-10.9350004196167
1482900505270,10.928000450134277,-36.448001861572266,-10.9350004196167
1482900505291,10.928000450134277,-36.448001861572266,-10.9350004196167
1482900505310,10.928000450134277,-36.448001861572266,-10.9350004196167
1482900505330,10.928000450134277,-36.448001861572266,-10.9350004196167
1482900505351,10.928000450134277,-36.448001861572266,-10.9350004196167
1482900505370,10.928000450134277,-36.448001861572266,-10.9350004196167
1482900505390,10.928000450134277,-36.448001861572266,-10.9350004196167
1482900505416,10.928000450134277,-36.448001861572266,-10.9350004196167
1482900505430,10.928000450134277,-36.448001861572266,-10.9350004196167
1482900505450,10.928000450134277,-36.448001861572266,-10.9350004196167
1482900505468,10.928000450134277,-36.448001861572266,-10.9350004196167
1482900505489,10.928000450134277,-36.448001861572266,-10.9350004196167
1482900505512,10.928000450134277,-36.448001861572266,-10.9350004196167
1482900505530,10.928000450134277,-36.448001861572266,-10.9350004196167
1482900505555,10.928000450134277,-36.448001861572266,-10.9350004196167
1482900505570,10.928000450134277,-36.448001861572266,-10.9350004196167
1482900505597,10.928000450134277,-36.448001861572266,-10.9350004196167
1482900505610,10.928000450134277,-36.448001861572266,-10.9350004196167
1482900505631,10.928000450134277,-36.448001861572266,-10.9350004196167
1482900505656,10.928000450134277,-36.448001861572266,-10.9350004196167
1482900505668,10.928000450134277,-36.448001861572266,-10.9350004196167
1482900505688,10.928000450134277,-36.448001861572266,-10.9350004196167
1482900505708,10.928000450134277,-36.448001861572266,-10.9350004196167
1482900505727,10.928000450134277,-36.448001861572266,-10.9350004196167
1482900505747,10.928000450134277,-36.448001861572266,-10.9350004196167
1482900505772,10.928000450134277,-36.448001861572266,-10.9350004196167
1482900505788,10.928000450134277,-36.448001861572266,-10.9350004196167
1482900505809,10.928000450134277,-36.448001861572266,-10.9350004196167
1482900505831,10.928000450134277,-36.448001861572266,-10.9350004196167
1482900505851,10.928000450134277,-36.448001861572266,-10.9350004196167
1482900505870,10.928000450134277,-36.448001861572266,-10.9350004196167
1482900505891,10.928000450134277,-36.448001861572266,-10.9350004196167
1482900505911,10.928000450134277,-36.448001861572266,-10.9350004196167
1482900505931,10.928000450134277,-36.448001861572266,-10.9350004196167
1482900505956,10.928000450134277,-36.448001861572266,-10.9350004196167
1482900505970,10.928000450134277,-36.448001861572266,-10.9350004196167
1482900505991,10.928000450134277,-36.448001861572266,-10.9350004196167
1482900506011,10.928000450134277,-36.448001861572266,-10.9350004196167
1482900506031,10.928000450134277,-36.448001861572266,-10.9350004196167
1482900506051,10.928000450134277,-36.448001861572266,-10.9350004196167
1482900506071,10.928000450134277,-36.448001861572266,-10.9350004196167
1482900506095,10.928000450134277,-36.448001861572266,-10.9350004196167
1482900506111,10.928000450134277,-36.448001861572266,-10.9350004196167
1482900506135,10.928000450134277,-36.448001861572266,-10.9350004196167
1482900506151,10.928000450134277,-36.448001861572266,-10.9350004196167
1482900506171,10.928000450134277,-36.448001861572266,-10.9350004196167
1482900506193,10.928000450134277,-36.448001861572266,-10.9350004196167
1482900506237,10.928000450134277,-36.448001861572266,-10.9350004196167
1482900506237,10.928000450134277,-36.448001861572266,-10.9350004196167
1482900506251,10.928000450134277,-36.448001861572266,-10.9350004196167
1482900506271,10.928000450134277,-36.448001861572266,-10.9350004196167
1482900506291,10.928000450134277,-36.448001861572266,-10.9350004196167
1482900506317,10.928000450134277,-36.448001861572266,-10.9350004196167
1482900506331,10.928000450134277,-36.448001861572266,-10.9350004196167
1482900506351,10.928000450134277,-36.448001861572266,-10.9350004196167
1482900506371,10.928000450134277,-36.448001861572266,-10.9350004196167
1482900506397,10.928000450134277,-36.448001861572266,-10.9350004196167
1482900506411,10.928000450134277,-36.448001861572266,-10.9350004196167
1482900506431,10.928000450134277,-36.448001861572266,-10.9350004196167
1482900506451,10.928000450134277,-36.448001861572266,-10.9350004196167
1482900506471,10.928000450134277,-36.448001861572266,-10.9350004196167
1482900506497,10.928000450134277,-36.448001861572266,-10.9350004196167
1482900506511,10.928000450134277,-36.448001861572266,-10.9350004196167
1482900506530,10.928000450134277,-36.448001861572266,-10.9350004196167
1482900506551,10.928000450134277,-36.448001861572266,-10.9350004196167
1482900506571,10.928000450134277,-36.448001861572266,-10.9350004196167
1482900506590,10.928000450134277,-36.448001861572266,-10.9350004196167
1482900506611,10.928000450134277,-36.448001861572266,-10.9350004196167
1482900506631,10.928000450134277,-36.448001861572266,-10.9350004196167
1482900506651,10.928000450134277,-36.448001861572266,-10.9350004196167
1482900506676,10.928000450134277,-36.448001861572266,-10.9350004196167
1482900506691,10.928000450134277,-36.448001861572266,-10.9350004196167
1482900506712,10.928000450134277,-36.448001861572266,-10.9350004196167
1482900506732,10.928000450134277,-36.448001861572266,-10.9350004196167
1482900506751,10.928000450134277,-36.448001861572266,-10.9350004196167
1482900506772,10.928000450134277,-36.448001861572266,-10.9350004196167
1482900506792,10.928000450134277,-36.448001861572266,-10.9350004196167
1482900506812,10.928000450134277,-36.448001861572266,-10.9350004196167
1482900506832,10.928000450134277,-36.448001861572266,-10.9350004196167
1482900506858,10.928000450134277,-36.448001861572266,-10.9350004196167
1482900506872,10.928000450134277,-36.448001861572266,-10.9350004196167
1482900506892,10.928000450134277,-36.448001861572266,-10.628999710083008
1482900506912,10.928000450134277,-36.448001861572266,-10.628999710083008
1482900506932,10.928000450134277,-36.448001861572266,-10.628999710083008
1482900506952,10.928000450134277,-36.448001861572266,-10.628999710083008
1482900506972,10.928000450134277,-36.448001861572266,-10.628999710083008
1482900506992,10.928000450134277,-36.448001861572266,-10.628999710083008
1482900507012,10.928000450134277,-36.448001861572266,-10.628999710083008
1482900507038,10.928000450134277,-36.448001861572266,-10.628999710083008
1482900507052,10.928000450134277,-36.448001861572266,-10.628999710083008
1482900507072,10.928000450134277,-36.448001861572266,-10.628999710083008
1482900507092,10.928000450134277,-36.448001861572266,-10.628999710083008
1482900507110,10.928000450134277,-36.448001861572266,-10.628999710083008
1482900507131,10.928000450134277,-36.448001861572266,-10.628999710083008
1482900507152,10.928000450134277,-36.448001861572266,-10.628999710083008
1482900507194,10.928000450134277,-36.448001861572266,-10.628999710083008
1482900507194,10.928000450134277,-36.448001861572266,-10.628999710083008
1482900507217,10.928000450134277,-36.448001861572266,-10.628999710083008
1482900507232,10.928000450134277,-36.448001861572266,-10.628999710083008
1482900507252,10.928000450134277,-36.448001861572266,-10.628999710083008
1482900507272,10.928000450134277,-36.448001861572266,-10.628999710083008
1482900507292,10.928000450134277,-36.448001861572266,-10.628999710083008
1482900507312,10.928000450134277,-36.448001861572266,-10.628999710083008
1482900507330,10.928000450134277,-36.448001861572266,-10.628999710083008
1482900507352,10.928000450134277,-36.448001861572266,-10.628999710083008
1482900507371,10.928000450134277,-36.448001861572266,-10.628999710083008
1482900507394,10.928000450134277,-36.448001861572266,-10.628999710083008
1482900507412,10.928000450134277,-36.448001861572266,-10.628999710083008
1482900507433,10.928000450134277,-36.448001861572266,-10.628999710083008
1482900507452,10.621000289916992,-36.448001861572266,-10.628999710083008
1482900507485,10.621000289916992,-36.448001861572266,-10.628999710083008
1482900507491,10.621000289916992,-36.448001861572266,-10.628999710083008
1482900507510,10.621000289916992,-36.448001861572266,-10.628999710083008
1482900507530,10.621000289916992,-36.448001861572266,-10.628999710083008
1482900507549,10.621000289916992,-36.448001861572266,-10.628999710083008
1482900507574,10.621000289916992,-36.448001861572266,-10.628999710083008
1482900507589,10.621000289916992,-36.448001861572266,-10.628999710083008
1482900507612,10.621000289916992,-36.448001861572266,-10.628999710083008
1482900507631,10.621000289916992,-36.448001861572266,-10.628999710083008
1482900507652,10.621000289916992,-36.448001861572266,-10.628999710083008
1482900507673,10.621000289916992,-36.448001861572266,-10.628999710083008
1482900507691,10.621000289916992,-36.448001861572266,-10.628999710083008
1482900507712,10.621000289916992,-36.448001861572266,-10.628999710083008
1482900507731,10.621000289916992,-36.448001861572266,-10.628999710083008
1482900507758,10.621000289916992,-36.448001861572266,-10.628999710083008
1482900507773,10.621000289916992,-36.448001861572266,-10.628999710083008
1482900507793,10.621000289916992,-36.448001861572266,-10.628999710083008
1482900507813,10.621000289916992,-36.448001861572266,-10.628999710083008
1482900507833,10.621000289916992,-36.448001861572266,-10.628999710083008
1482900507853,10.621000289916992,-36.448001861572266,-10.628999710083008
1482900507873,10.621000289916992,-36.448001861572266,-10.628999710083008
1482900507891,10.621000289916992,-36.448001861572266,-10.628999710083008
1482900507913,10.621000289916992,-36.448001861572266,-10.628999710083008
1482900507939,10.621000289916992,-36.448001861572266,-10.628999710083008
1482900507955,10.621000289916992,-36.448001861572266,-10.628999710083008
1482900507971,10.621000289916992,-36.448001861572266,-10.628999710083008
1482900507993,10.621000289916992,-36.448001861572266,-10.628999710083008
1482900508013,10.621000289916992,-36.448001861572266,-10.628999710083008
1482900508033,10.621000289916992,-36.448001861572266,-10.628999710083008
1482900508053,10.621000289916992,-36.448001861572266,-10.628999710083008
1482900508073,10.621000289916992,-36.448001861572266,-10.628999710083008
1482900508093,10.621000289916992,-36.448001861572266,-10.628999710083008
1482900508119,10.621000289916992,-36.448001861572266,-10.628999710083008
1482900508139,10.621000289916992,-36.448001861572266,-10.628999710083008
1482900508153,10.621000289916992,-36.448001861572266,-10.628999710083008
1482900508173,10.621000289916992,-36.448001861572266,-10.628999710083008
1482900508193,10.621000289916992,-36.448001861572266,-10.628999710083008
1482900508213,10.621000289916992,-36.448001861572266,-10.628999710083008
1482900508240,10.621000289916992,-36.448001861572266,-10.628999710083008
1482900508253,10.621000289916992,-36.448001861572266,-10.628999710083008
1482900508273,10.621000289916992,-36.448001861572266,-10.628999710083008
1482900508297,10.621000289916992,-36.448001861572266,-10.628999710083008
1482900508313,10.621000289916992,-36.448001861572266,-10.628999710083008
1482900508333,10.621000289916992,-36.448001861572266,-10.628999710083008
1482900508353,10.621000289916992,-36.448001861572266,-10.628999710083008
1482900508373,10.621000289916992,-36.448001861572266,-10.628999710083008
1482900508393,10.621000289916992,-36.448001861572266,-10.628999710083008
1482900508413,10.621000289916992,-36.448001861572266,-10.628999710083008
1482900508433,10.621000289916992,-36.448001861572266,-10.628999710083008
1482900508453,10.621000289916992,-36.448001861572266,-10.628999710083008
1482900508477,10.621000289916992,-36.448001861572266,-10.628999710083008
1482900508493,10.621000289916992,-36.448001861572266,-10.628999710083008
1482900508511,10.621000289916992,-36.448001861572266,-10.628999710083008
1482900508532,10.621000289916992,-36.448001861572266,-10.628999710083008
1482900508553,10.621000289916992,-36.448001861572266,-10.628999710083008
1482900508573,10.621000289916992,-36.448001861572266,-10.628999710083008
1482900508593,10.621000289916992,-36.448001861572266,-10.628999710083008
1482900508613,10.621000289916992,-36.448001861572266,-10.628999710083008
1482900508633,10.621000289916992,-36.448001861572266,-10.628999710083008
1482900508659,10.621000289916992,-36.448001861572266,-10.628999710083008
1482900508673,10.621000289916992,-36.448001861572266,-10.628999710083008
1482900508693,10.621000289916992,-36.448001861572266,-10.628999710083008
1482900508716,10.621000289916992,-36.448001861572266,-10.628999710083008
1482900508731,10.621000289916992,-36.448001861572266,-10.628999710083008
1482900508775,10.621000289916992,-36.448001861572266,-10.628999710083008
1482900508775,10.621000289916992,-36.448001861572266,-10.628999710083008
1482900508794,10.621000289916992,-36.448001861572266,-10.628999710083008
1482900508811,10.621000289916992,-36.448001861572266,-10.628999710083008
1482900508838,10.621000289916992,-36.448001861572266,-10.29800033569336
1482900508851,10.621000289916992,-36.448001861572266,-10.29800033569336
1482900508871,10.621000289916992,-36.448001861572266,-10.29800033569336
1482900508894,10.621000289916992,-36.448001861572266,-10.29800033569336
1482900508913,10.621000289916992,-36.448001861572266,-10.29800033569336
1482900508933,10.621000289916992,-36.448001861572266,-10.29800033569336
1482900508954,10.621000289916992,-36.448001861572266,-10.29800033569336
1482900508973,10.621000289916992,-36.448001861572266,-10.29800033569336
1482900508993,10.621000289916992,-36.448001861572266,-10.29800033569336
1482900509019,10.621000289916992,-36.448001861572266,-10.29800033569336
1482900509033,10.621000289916992,-36.448001861572266,-10.29800033569336
1482900509054,10.621000289916992,-36.448001861572266,-10.29800033569336
1482900509074,10.621000289916992,-36.448001861572266,-10.29800033569336
1482900509095,10.621000289916992,-36.448001861572266,-10.29800033569336
1482900509114,10.621000289916992,-36.448001861572266,-10.29800033569336
1482900509134,10.621000289916992,-36.448001861572266,-10.29800033569336
1482900509154,10.621000289916992,-36.448001861572266,-10.29800033569336
1482900509174,10.621000289916992,-36.448001861572266,-10.29800033569336
1482900509200,10.621000289916992,-36.448001861572266,-10.29800033569336
1482900509214,10.621000289916992,-36.448001861572266,-10.29800033569336
1482900509234,10.621000289916992,-36.448001861572266,-10.29800033569336
1482900509254,10.621000289916992,-36.448001861572266,-10.29800033569336
1482900509274,10.621000289916992,-36.448001861572266,-10.29800033569336
1482900509294,10.621000289916992,-36.448001861572266,-10.29800033569336
1482900509312,10.621000289916992,-36.448001861572266,-10.29800033569336
1482900509332,10.621000289916992,-36.448001861572266,-10.29800033569336
1482900509354,10.621000289916992,-36.448001861572266,-10.29800033569336
1482900509378,10.621000289916992,-36.448001861572266,-10.29800033569336
1482900509400,10.621000289916992,-36.448001861572266,-10.29800033569336
1482900509414,10.621000289916992,-36.448001861572266,-10.29800033569336
1482900509435,10.621000289916992,-36.448001861572266,-10.29800033569336
1482900509454,10.621000289916992,-36.448001861572266,-10.29800033569336
1482900509475,10.621000289916992,-36.448001861572266,-10.29800033569336
1482900509494,10.621000289916992,-36.448001861572266,-10.29800033569336
1482900509514,10.621000289916992,-36.448001861572266,-10.29800033569336
1482900509535,10.621000289916992,-36.448001861572266,-10.29800033569336
1482900509556,10.621000289916992,-36.448001861572266,-10.29800033569336
1482900509571,10.621000289916992,-36.448001861572266,-10.29800033569336
1482900509591,10.621000289916992,-36.448001861572266,-10.29800033569336
1482900509612,10.621000289916992,-36.448001861572266,-10.29800033569336
1482900509631,10.621000289916992,-36.448001861572266,-10.29800033569336
1482900509653,10.621000289916992,-36.448001861572266,-10.29800033569336
1482900509675,10.315999984741211,-36.448001861572266,-10.29800033569336
1482900509696,10.315999984741211,-36.448001861572266,-10.29800033569336
1482900509712,10.315999984741211,-36.448001861572266,-10.29800033569336
1482900509736,10.315999984741211,-36.448001861572266,-10.29800033569336
1482900509751,10.315999984741211,-36.448001861572266,-10.29800033569336
1482900509771,10.315999984741211,-36.448001861572266,-10.29800033569336
1482900509791,10.315999984741211,-36.448001861572266,-10.29800033569336
1482900509811,10.315999984741211,-36.448001861572266,-10.29800033569336
1482900509831,10.315999984741211,-36.448001861572266,-10.29800033569336
1482900509855,10.315999984741211,-36.448001861572266,-10.29800033569336
1482900509875,10.315999984741211,-36.448001861572266,-10.29800033569336
1482900509893,10.315999984741211,-36.448001861572266,-10.29800033569336
1482900509921,10.315999984741211,-36.448001861572266,-10.29800033569336
1482900509935,10.315999984741211,-36.448001861572266,-10.29800033569336
1482900509967,10.315999984741211,-36.448001861572266,-10.29800033569336
1482900509975,10.315999984741211,-36.448001861572266,-10.29800033569336
1482900509992,10.315999984741211,-36.448001861572266,-10.29800033569336
1482900510015,10.315999984741211,-36.448001861572266,-10.29800033569336
1482900510034,10.315999984741211,-36.448001861572266,-10.29800033569336
1482900510054,10.315999984741211,-36.448001861572266,-10.29800033569336
1482900510075,10.315999984741211,-36.448001861572266,-10.29800033569336
1482900510100,10.315999984741211,-36.448001861572266,-10.29800033569336
1482900510115,10.315999984741211,-36.448001861572266,-9.98799991607666
1482900510135,10.315999984741211,-36.448001861572266,-9.98799991607666
1482900510155,10.315999984741211,-36.448001861572266,-9.98799991607666
1482900510175,10.315999984741211,-36.448001861572266,-9.98799991607666
1482900510195,10.315999984741211,-36.448001861572266,-9.98799991607666
1482900510215,10.315999984741211,-36.448001861572266,-9.98799991607666
1482900510235,10.630000114440918,-36.448001861572266,-9.98799991607666
1482900510254,10.630000114440918,-36.448001861572266,-9.98799991607666
1482900510281,10.630000114440918,-36.448001861572266,-9.98799991607666
1482900510294,10.630000114440918,-36.448001861572266,-9.98799991607666
1482900510315,10.630000114440918,-36.448001861572266,-9.98799991607666
1482900510335,10.630000114440918,-36.448001861572266,-9.98799991607666
1482900510355,10.630000114440918,-36.448001861572266,-9.98799991607666
1482900510374,10.630000114440918,-36.448001861572266,-9.98799991607666
1482900510395,10.630000114440918,-36.448001861572266,-9.98799991607666
1482900510415,10.630000114440918,-36.448001861572266,-9.98799991607666
1482900510435,10.630000114440918,-36.448001861572266,-9.98799991607666
1482900510460,10.630000114440918,-36.448001861572266,-9.98799991607666
1482900510474,10.630000114440918,-36.448001861572266,-9.98799991607666
1482900510495,10.630000114440918,-36.448001861572266,-9.98799991607666
1482900510515,10.630000114440918,-36.448001861572266,-9.98799991607666
1482900510535,10.630000114440918,-36.448001861572266,-9.98799991607666
1482900510555,10.630000114440918,-36.448001861572266,-9.98799991607666
1482900510575,10.630000114440918,-36.448001861572266,-9.98799991607666
1482900510593,10.630000114440918,-36.448001861572266,-9.98799991607666
1482900510615,10.630000114440918,-36.448001861572266,-9.98799991607666
1482900510641,10.630000114440918,-36.448001861572266,-9.98799991607666
1482900510655,10.630000114440918,-36.448001861572266,-9.98799991607666
1482900510675,10.630000114440918,-36.448001861572266,-9.98799991607666
1482900510694,10.630000114440918,-36.448001861572266,-9.98799991607666
1482900510714,10.630000114440918,-36.448001861572266,-9.98799991607666
1482900510735,10.630000114440918,-36.448001861572266,-9.98799991607666
1482900510755,10.630000114440918,-36.448001861572266,-9.98799991607666
1482900510775,10.630000114440918,-36.448001861572266,-9.98799991607666
1482900510795,10.630000114440918,-36.448001861572266,-9.98799991607666
1482900510821,10.630000114440918,-36.448001861572266,-9.98799991607666
1482900510835,10.32699966430664,-36.448001861572266,-9.98799991607666
1482900510855,10.32699966430664,-36.448001861572266,-9.98799991607666
1482900510875,10.32699966430664,-36.448001861572266,-9.98799991607666
1482900510895,10.32699966430664,-36.448001861572266,-9.98799991607666
1482900510915,10.32699966430664,-36.448001861572266,-10.3100004196167
1482900510936,10.32699966430664,-36.448001861572266,-10.3100004196167
1482900510955,10.32699966430664,-36.448001861572266,-10.3100004196167
1482900510974,10.32699966430664,-36.448001861572266,-10.3100004196167
1482900510999,10.32699966430664,-36.448001861572266,-10.3100004196167
1482900511015,10.32699966430664,-36.448001861572266,-10.3100004196167
1482900511035,10.32699966430664,-36.448001861572266,-10.3100004196167
1482900511055,10.32699966430664,-36.448001861572266,-10.3100004196167
1482900511075,10.32699966430664,-36.448001861572266,-10.3100004196167
1482900511095,10.32699966430664,-36.448001861572266,-10.3100004196167
1482900511116,10.32699966430664,-36.448001861572266,-10.3100004196167
1482900511135,10.32699966430664,-36.448001861572266,-10.3100004196167
1482900511155,10.32699966430664,-36.448001861572266,-10.3100004196167
1482900511181,10.32699966430664,-36.448001861572266,-10.3100004196167
1482900511195,10.32699966430664,-36.448001861572266,-10.3100004196167
1482900511215,10.32699966430664,-36.448001861572266,-10.3100004196167
1482900511236,10.32699966430664,-36.448001861572266,-10.3100004196167
1482900511265,10.32699966430664,-36.448001861572266,-10.3100004196167
1482900511273,10.32699966430664,-36.448001861572266,-10.3100004196167
1482900511294,10.32699966430664,-36.448001861572266,-10.3100004196167
1482900511329,10.32699966430664,-36.448001861572266,-10.3100004196167
1482900511334,10.32699966430664,-36.448001861572266,-10.3100004196167
1482900511358,10.32699966430664,-36.448001861572266,-10.3100004196167
1482900511376,10.32699966430664,-36.448001861572266,-10.3100004196167
1482900511398,10.32699966430664,-36.448001861572266,-10.3100004196167
1482900511413,10.32699966430664,-36.448001861572266,-10.3100004196167
1482900511435,10.32699966430664,-36.448001861572266,-10.3100004196167
1482900511457,10.32699966430664,-36.448001861572266,-10.3100004196167
1482900511477,10.32699966430664,-36.448001861572266,-10.3100004196167
1482900511495,10.32699966430664,-36.448001861572266,-10.3100004196167
1482900511516,10.32699966430664,-36.448001861572266,-10.3100004196167
1482900511540,10.32699966430664,-36.448001861572266,-10.3100004196167
1482900511555,10.32699966430664,-36.448001861572266,-10.3100004196167
1482900511576,10.32699966430664,-36.448001861572266,-10.3100004196167
1482900511595,10.32699966430664,-36.448001861572266,-10.3100004196167
1482900511622,10.32699966430664,-36.448001861572266,-10.3100004196167
1482900511636,10.32699966430664,-36.448001861572266,-10.3100004196167
1482900511657,10.32699966430664,-36.448001861572266,-10.3100004196167
1482900511676,10.32699966430664,-36.448001861572266,-10.3100004196167
1482900511696,10.32699966430664,-36.448001861572266,-10.3100004196167
1482900511730,10.32699966430664,-36.448001861572266,-10.3100004196167
1482900511736,10.32699966430664,-36.448001861572266,-10.3100004196167
1482900511753,10.32699966430664,-36.448001861572266,-10.3100004196167
1482900511773,10.32699966430664,-36.448001861572266,-10.3100004196167
1482900511793,10.32699966430664,-36.448001861572266,-10.3100004196167
1482900511813,10.32699966430664,-36.448001861572266,-10.3100004196167
1482900511833,10.32699966430664,-36.448001861572266,-10.3100004196167
1482900511853,10.32699966430664,-36.448001861572266,-10.3100004196167
1482900511875,10.32699966430664,-36.448001861572266,-10.3100004196167
1482900511902,10.32699966430664,-36.448001861572266,-10.3100004196167
1482900511916,10.32699966430664,-36.448001861572266,-10.3100004196167
1482900511936,10.32699966430664,-36.448001861572266,-10.3100004196167
1482900511956,10.32699966430664,-36.448001861572266,-10.3100004196167
1482900511976,10.32699966430664,-36.448001861572266,-10.3100004196167
1482900511995,10.32699966430664,-36.448001861572266,-10.3100004196167
1482900512017,10.32699966430664,-36.448001861572266,-10.3100004196167
1482900512037,10.32699966430664,-36.448001861572266,-10.3100004196167
1482900512055,10.32699966430664,-36.448001861572266,-10.3100004196167
1482900512081,10.32699966430664,-36.448001861572266,-10.3100004196167
1482900512097,10.32699966430664,-36.448001861572266,-10.3100004196167
1482900512116,10.32699966430664,-36.448001861572266,-9.994000434875488
1482900512135,10.32699966430664,-36.448001861572266,-9.994000434875488
1482900512157,10.32699966430664,-36.448001861572266,-9.994000434875488
1482900512174,10.32699966430664,-36.448001861572266,-9.994000434875488
1482900512204,10.32699966430664,-36.448001861572266,-9.994000434875488
1482900512214,10.32699966430664,-36.448001861572266,-9.994000434875488
1482900512234,10.32699966430664,-36.448001861572266,-9.994000434875488
1482900512257,10.32699966430664,-36.448001861572266,-9.994000434875488
1482900512274,10.32699966430664,-36.448001861572266,-9.994000434875488
1482900512293,10.32699966430664,-36.448001861572266,-9.994000434875488
1482900512314,10.32699966430664,-36.448001861572266,-9.994000434875488
1482900512333,10.32699966430664,-36.448001861572266,-9.994000434875488
1482900512353,10.32699966430664,-36.448001861572266,-9.994000434875488
1482900512374,10.32699966430664,-36.448001861572266,-9.994000434875488
1482900512393,10.32699966430664,-36.448001861572266,-9.994000434875488
1482900512416,10.32699966430664,-36.448001861572266,-9.994000434875488
1482900512442,10.32699966430664,-36.448001861572266,-9.994000434875488
1482900512456,10.32699966430664,-36.448001861572266,-9.994000434875488
1482900512477,10.32699966430664,-36.448001861572266,-9.994000434875488
1482900512497,10.32699966430664,-36.448001861572266,-9.994000434875488
1482900512516,10.32699966430664,-36.448001861572266,-9.994000434875488
1482900512535,10.32699966430664,-36.448001861572266,-9.994000434875488
1482900512555,10.32699966430664,-36.448001861572266,-9.994000434875488
1482900512577,10.32699966430664,-36.448001861572266,-9.994000434875488
1482900512595,10.32699966430664,-36.448001861572266,-9.994000434875488
1482900512622,10.32699966430664,-36.448001861572266,-9.994000434875488
1482900512637,10.32699966430664,-36.448001861572266,-9.994000434875488
1482900512654,10.32699966430664,-36.448001861572266,-9.994000434875488
1482900512677,10.32699966430664,-36.448001861572266,-9.994000434875488
1482900512697,10.32699966430664,-36.448001861572266,-9.994000434875488
1482900512717,10.32699966430664,-36.448001861572266,-9.994000434875488
1482900512739,10.32699966430664,-36.448001861572266,-9.994000434875488
1482900512757,10.32699966430664,-36.448001861572266,-9.994000434875488
1482900512777,10.32699966430664,-36.448001861572266,-9.994000434875488
1482900512803,10.32699966430664,-36.448001861572266,-9.994000434875488
1482900512817,10.32699966430664,-36.448001861572266,-9.994000434875488
1482900512838,10.32699966430664,-36.448001861572266,-9.994000434875488
1482900512855,10.32699966430664,-36.448001861572266,-9.994000434875488
1482900512877,10.32699966430664,-36.448001861572266,-9.994000434875488
1482900512897,10.32699966430664,-36.448001861572266,-9.994000434875488
1482900512917,10.32699966430664,-36.448001861572266,-9.994000434875488
1482900512938,10.32699966430664,-36.448001861572266,-9.67199993133545
1482900512955,10.008000373840332,-36.448001861572266,-9.67199993133545
1482900512980,10.008000373840332,-36.448001861572266,-9.67199993133545
1482900512997,10.008000373840332,-36.448001861572266,-9.67199993133545
1482900513017,10.008000373840332,-36.448001861572266,-9.67199993133545
1482900513038,10.008000373840332,-36.448001861572266,-9.67199993133545
1482900513057,10.008000373840332,-36.448001861572266,-9.67199993133545
1482900513077,10.008000373840332,-36.448001861572266,-9.67199993133545
1482900513098,10.008000373840332,-36.448001861572266,-9.67199993133545
1482900513117,10.008000373840332,-36.448001861572266,-9.67199993133545
1482900513137,10.008000373840332,-36.448001861572266,-9.67199993133545
1482900513162,10.008000373840332,-36.448001861572266,-9.67199993133545
1482900513177,10.008000373840332,-36.448001861572266,-9.67199993133545
1482900513197,10.008000373840332,-36.448001861572266,-9.67199993133545
1482900513217,10.008000373840332,-36.448001861572266,-9.67199993133545
1482900513238,10.008000373840332,-36.448001861572266,-9.67199993133545
1482900513258,10.008000373840332,-36.448001861572266,-9.67199993133545
1482900513278,10.008000373840332,-36.448001861572266,-9.67199993133545
1482900513298,10.008000373840332,-36.448001861572266,-9.67199993133545
1482900513318,10.008000373840332,-36.448001861572266,-9.67199993133545
1482900513342,10.008000373840332,-36.448001861572266,-9.67199993133545
1482900513358,10.008000373840332,-36.448001861572266,-9.67199993133545
1482900513378,10.008000373840332,-36.448001861572266,-9.67199993133545
1482900513398,10.008000373840332,-36.448001861572266,-9.67199993133545
1482900513418,10.008000373840332,-36.448001861572266,-9.67199993133545
1482900513438,10.008000373840332,-36.448001861572266,-9.67199993133545
1482900513458,10.008000373840332,-36.448001861572266,-9.67199993133545
1482900513478,10.008000373840332,-36.448001861572266,-9.67199993133545
1482900513497,10.008000373840332,-36.448001861572266,-9.67199993133545
1482900513524,10.008000373840332,-36.448001861572266,-9.67199993133545
1482900513537,10.008000373840332,-36.448001861572266,-9.67199993133545
1482900513558,10.008000373840332,-36.448001861572266,-9.67199993133545
1482900513578,10.008000373840332,-36.448001861572266,-9.67199993133545
1482900513597,10.008000373840332,-36.448001861572266,-9.67199993133545
1482900513618,10.008000373840332,-36.448001861572266,-9.67199993133545
1482900513638,10.008000373840332,-36.448001861572266,-9.67199993133545
1482900513658,10.008000373840332,-36.448001861572266,-9.67199993133545
1482900513677,10.008000373840332,-36.448001861572266,-9.67199993133545
1482900513702,10.008000373840332,-36.448001861572266,-9.67199993133545
1482900513718,10.008000373840332,-36.448001861572266,-9.67199993133545
1482900513738,10.008000373840332,-36.448001861572266,-9.67199993133545
1482900513758,10.008000373840332,-36.448001861572266,-9.67199993133545
1482900513776,10.008000373840332,-36.448001861572266,-9.67199993133545
1482900513797,10.008000373840332,-36.448001861572266,-9.67199993133545
1482900513817,10.008000373840332,-36.448001861572266,-9.67199993133545
1482900513836,10.008000373840332,-36.448001861572266,-9.67199993133545
1482900513856,10.008000373840332,-36.448001861572266,-9.67199993133545
1482900513880,10.008000373840332,-36.448001861572266,-9.67199993133545
1482900513896,10.008000373840332,-36.448001861572266,-9.67199993133545
1482900513916,10.008000373840332,-36.448001861572266,-9.67199993133545
1482900513937,10.008000373840332,-36.448001861572266,-9.67199993133545
1482900513957,10.008000373840332,-36.448001861572266,-9.67199993133545
1482900513978,10.008000373840332,-36.448001861572266,-9.67199993133545
1482900513998,10.008000373840332,-36.448001861572266,-9.67199993133545
1482900514025,10.008000373840332,-36.448001861572266,-9.67199993133545
1482900514035,10.008000373840332,-36.448001861572266,-9.67199993133545
1482900514062,10.008000373840332,-36.448001861572266,-9.67199993133545
1482900514077,10.008000373840332,-36.448001861572266,-9.67199993133545
1482900514097,10.008000373840332,-36.448001861572266,-9.67199993133545
1482900514117,10.008000373840332,-36.448001861572266,-9.67199993133545
1482900514137,10.008000373840332,-36.448001861572266,-9.67199993133545
1482900514158,10.008000373840332,-36.448001861572266,-9.67199993133545
1482900514182,10.008000373840332,-36.448001861572266,-9.67199993133545
1482900514197,10.32699966430664,-36.448001861572266,-9.67199993133545
1482900514217,10.32699966430664,-36.448001861572266,-9.67199993133545
1482900514242,10.32699966430664,-36.448001861572266,-9.67199993133545
1482900514257,10.32699966430664,-36.448001861572266,-9.67199993133545
1482900514278,10.32699966430664,-36.448001861572266,-9.67199993133545
1482900514297,10.32699966430664,-36.448001861572266,-9.67199993133545
1482900514316,10.32699966430664,-36.448001861572266,-9.67199993133545
1482900514336,10.32699966430664,-36.448001861572266,-9.67199993133545
1482900514356,10.32699966430664,-36.448001861572266,-9.67199993133545
1482900514376,10.32699966430664,-36.448001861572266,-9.67199993133545
1482900514396,10.32699966430664,-36.448001861572266,-9.67199993133545
1482900514422,10.32699966430664,-36.448001861572266,-9.67199993133545
1482900514437,10.32699966430664,-36.448001861572266,-9.67199993133545
1482900514458,10.32699966430664,-36.448001861572266,-9.67199993133545
1482900514479,10.32699966430664,-36.448001861572266,-9.67199993133545
1482900514499,10.32699966430664,-36.448001861572266,-9.67199993133545
1482900514519,10.32699966430664,-36.448001861572266,-9.67199993133545
1482900514540,10.32699966430664,-36.448001861572266,-9.67199993133545
1482900514558,10.32699966430664,-36.448001861572266,-9.67199993133545
1482900514578,10.32699966430664,-36.448001861572266,-9.67199993133545
1482900514603,10.32699966430664,-36.448001861572266,-9.67199993133545
1482900514619,10.32699966430664,-36.448001861572266,-9.67199993133545
1482900514637,10.32699966430664,-36.448001861572266,-9.67199993133545
1482900514657,10.32699966430664,-36.448001861572266,-9.67199993133545
1482900514679,10.32699966430664,-36.448001861572266,-9.67199993133545
1482900514699,10.32699966430664,-36.448001861572266,-9.67199993133545
1482900514719,10.32699966430664,-36.448001861572266,-9.67199993133545
1482900514739,10.32699966430664,-36.448001861572266,-9.67199993133545
1482900514757,10.32699966430664,-36.448001861572266,-9.67199993133545
1482900514784,10.32699966430664,-36.448001861572266,-9.67199993133545
1482900514799,10.32699966430664,-36.448001861572266,-9.67199993133545
1482900514819,10.32699966430664,-36.448001861572266,-9.67199993133545
1482900514839,10.32699966430664,-36.448001861572266,-9.67199993133545
1482900514857,10.32699966430664,-36.448001861572266,-9.67199993133545
1482900514878,10.32699966430664,-36.448001861572266,-9.67199993133545
1482900514899,10.32699966430664,-36.448001861572266,-9.67199993133545
1482900514919,10.32699966430664,-36.448001861572266,-9.994000434875488
1482900514939,10.32699966430664,-36.448001861572266,-9.994000434875488
1482900514966,10.32699966430664,-36.448001861572266,-9.994000434875488
1482900514978,10.32699966430664,-36.448001861572266,-9.994000434875488
1482900514999,10.32699966430664,-36.448001861572266,-9.994000434875488
1482900515020,10.32699966430664,-36.448001861572266,-9.994000434875488
1482900515040,10.652000427246094,-36.448001861572266,-9.994000434875488
1482900515059,10.652000427246094,-36.448001861572266,-9.994000434875488
1482900515080,10.652000427246094,-36.448001861572266,-10.324000358581543
1482900515099,10.652000427246094,-36.448001861572266,-10.324000358581543
1482900515119,10.652000427246094,-36.448001861572266,-10.324000358581543
1482900515146,10.652000427246094,-36.448001861572266,-10.324000358581543
1482900515157,10.652000427246094,-36.448001861572266,-10.324000358581543
1482900515179,10.994999885559082,-36.448001861572266,-10.324000358581543
1482900515200,10.994999885559082,-36.448001861572266,-10.324000358581543
1482900515219,10.994999885559082,-36.448001861572266,-10.324000358581543
1482900515239,10.994999885559082,-36.448001861572266,-10.324000358581543
1482900515260,10.994999885559082,-36.448001861572266,-10.324000358581543
1482900515279,10.994999885559082,-36.448001861572266,-10.324000358581543
1482900515299,10.994999885559082,-36.448001861572266,-10.324000358581543
1482900515326,10.994999885559082,-36.448001861572266,-10.324000358581543
1482900515337,10.994999885559082,-36.448001861572266,-10.324000358581543
1482900515360,10.994999885559082,-36.448001861572266,-10.324000358581543
1482900515380,11.300000190734863,-36.448001861572266,-10.324000358581543
1482900515400,11.300000190734863,-36.448001861572266,-10.63599967956543
1482900515418,11.300000190734863,-36.448001861572266,-10.63599967956543
1482900515438,11.300000190734863,-36.448001861572266,-10.63599967956543
1482900515458,11.300000190734863,-36.448001861572266,-10.63599967956543
1482900515477,11.300000190734863,-36.448001861572266,-10.63599967956543
1482900515505,11.300000190734863,-36.448001861572266,-10.63599967956543
1482900515519,11.300000190734863,-36.448001861572266,-10.63599967956543
1482900515539,11.300000190734863,-36.448001861572266,-10.63599967956543
1482900515558,11.300000190734863,-36.448001861572266,-10.63599967956543
1482900515578,11.300000190734863,-36.448001861572266,-10.63599967956543
1482900515600,11.300000190734863,-36.448001861572266,-10.63599967956543
1482900515620,11.300000190734863,-36.117000579833984,-10.63599967956543
1482900515640,11.300000190734863,-36.117000579833984,-10.63599967956543
1482900515660,11.300000190734863,-36.117000579833984,-10.63599967956543
1482900515681,11.300000190734863,-36.117000579833984,-10.63599967956543
1482900515698,11.300000190734863,-36.117000579833984,-10.63599967956543
1482900515720,10.987000465393066,-36.117000579833984,-10.63599967956543
1482900515740,10.987000465393066,-36.117000579833984,-10.63599967956543
1482900515758,10.987000465393066,-36.117000579833984,-10.63599967956543
1482900515778,10.987000465393066,-36.117000579833984,-10.63599967956543
1482900515800,10.987000465393066,-36.117000579833984,-10.63599967956543
1482900515820,10.987000465393066,-36.117000579833984,-10.63599967956543
1482900515840,10.987000465393066,-36.117000579833984,-10.63599967956543
1482900515866,10.987000465393066,-36.117000579833984,-10.63599967956543
1482900515880,10.987000465393066,-36.117000579833984,-10.63599967956543
1482900515900,10.987000465393066,-36.117000579833984,-10.63599967956543
1482900515918,10.987000465393066,-36.117000579833984,-10.63599967956543
1482900515937,10.987000465393066,-36.117000579833984,-10.63599967956543
1482900515958,10.987000465393066,-36.117000579833984,-10.63599967956543
1482900515979,10.987000465393066,-36.117000579833984,-10.63599967956543
1482900516007,10.987000465393066,-36.117000579833984,-10.63599967956543
1482900516018,10.987000465393066,-36.117000579833984,-10.63599967956543
1482900516042,10.987000465393066,-36.117000579833984,-10.63599967956543
1482900516057,10.987000465393066,-36.117000579833984,-10.63599967956543
1482900516077,10.987000465393066,-36.117000579833984,-10.63599967956543
1482900516097,10.987000465393066,-36.117000579833984,-10.63599967956543
1482900516120,10.987000465393066,-36.117000579833984,-10.63599967956543
1482900516141,10.987000465393066,-36.117000579833984,-10.63599967956543
1482900516158,10.987000465393066,-36.117000579833984,-10.63599967956543
1482900516180,10.987000465393066,-36.117000579833984,-10.63599967956543
1482900516200,10.987000465393066,-36.117000579833984,-10.63599967956543
1482900516255,10.987000465393066,-36.117000579833984,-10.63599967956543
1482900516256,10.987000465393066,-36.117000579833984,-10.63599967956543
1482900516258,10.987000465393066,-36.117000579833984,-10.63599967956543
1482900516280,10.987000465393066,-36.117000579833984,-10.63599967956543
1482900516300,10.987000465393066,-36.117000579833984,-10.63599967956543
1482900516318,10.680999755859375,-36.117000579833984,-10.63599967956543
1482900516340,10.680999755859375,-36.117000579833984,-10.63599967956543
1482900516360,10.680999755859375,-36.117000579833984,-10.63599967956543
1482900516380,10.680999755859375,-36.117000579833984,-10.63599967956543
1482900516406,10.680999755859375,-36.117000579833984,-10.63599967956543
1482900516418,10.680999755859375,-36.117000579833984,-10.63599967956543
1482900516440,10.680999755859375,-36.117000579833984,-10.63599967956543
1482900516460,10.680999755859375,-36.117000579833984,-10.63599967956543
1482900516480,10.680999755859375,-36.117000579833984,-10.63599967956543
1482900516501,10.680999755859375,-36.117000579833984,-10.63599967956543
1482900516519,10.680999755859375,-36.117000579833984,-10.63599967956543
1482900516540,10.680999755859375,-36.117000579833984,-10.63599967956543
1482900516560,10.680999755859375,-36.117000579833984,-10.63599967956543
1482900516585,10.680999755859375,-36.117000579833984,-10.63599967956543
1482900516600,10.680999755859375,-36.117000579833984,-10.63599967956543
1482900516619,10.680999755859375,-36.117000579833984,-10.63599967956543
1482900516642,10.680999755859375,-36.117000579833984,-10.63599967956543
1482900516660,10.680999755859375,-36.117000579833984,-10.63599967956543
1482900516680,10.680999755859375,-36.117000579833984,-10.63599967956543
1482900516701,10.680999755859375,-36.117000579833984,-10.63599967956543
1482900516720,10.680999755859375,-36.117000579833984,-10.63599967956543
1482900516741,10.680999755859375,-36.117000579833984,-10.63599967956543
1482900516763,10.680999755859375,-36.117000579833984,-10.63599967956543
1482900516780,10.680999755859375,-36.117000579833984,-10.63599967956543
1482900516801,10.680999755859375,-36.117000579833984,-10.63599967956543
1482900516819,10.680999755859375,-36.117000579833984,-10.63599967956543
1482900516840,10.680999755859375,-36.117000579833984,-10.63599967956543
1482900516861,10.680999755859375,-36.117000579833984,-10.63599967956543
1482900516881,10.680999755859375,-36.117000579833984,-10.63599967956543
1482900516901,10.680999755859375,-36.117000579833984,-10.63599967956543
1482900516920,10.680999755859375,-36.117000579833984,-10.63599967956543
1482900516947,10.680999755859375,-36.117000579833984,-10.63599967956543
1482900516960,10.680999755859375,-36.117000579833984,-10.63599967956543
1482900516991,10.680999755859375,-36.117000579833984,-10.63599967956543
1482900517001,10.680999755859375,-36.117000579833984,-10.63599967956543
1482900517021,10.680999755859375,-36.117000579833984,-10.63599967956543
1482900517041,10.680999755859375,-36.117000579833984,-10.63599967956543
1482900517059,10.680999755859375,-36.117000579833984,-10.63599967956543
1482900517078,10.680999755859375,-36.117000579833984,-10.63599967956543
1482900517100,10.680999755859375,-36.117000579833984,-10.63599967956543
1482900517125,10.680999755859375,-36.117000579833984,-10.63599967956543
1482900517141,10.680999755859375,-36.117000579833984,-10.63599967956543
1482900517159,10.680999755859375,-36.117000579833984,-10.63599967956543
1482900517181,10.680999755859375,-36.117000579833984,-10.63599967956543
1482900517199,10.680999755859375,-36.117000579833984,-10.63599967956543
1482900517221,10.680999755859375,-36.117000579833984,-10.63599967956543
1482900517241,10.680999755859375,-36.117000579833984,-10.63599967956543
1482900517261,10.680999755859375,-36.117000579833984,-10.63599967956543
1482900517281,10.680999755859375,-36.117000579833984,-10.63599967956543
1482900517306,10.680999755859375,-36.117000579833984,-10.63599967956543
1482900517321,10.680999755859375,-36.117000579833984,-10.63599967956543
1482900517339,10.680999755859375,-36.117000579833984,-10.63599967956543
1482900517362,10.680999755859375,-36.117000579833984,-10.63599967956543
1482900517381,10.680999755859375,-36.117000579833984,-10.63599967956543
1482900517399,10.680999755859375,-36.117000579833984,-10.63599967956543
1482900517422,10.680999755859375,-36.117000579833984,-10.63599967956543
1482900517441,10.680999755859375,-36.117000579833984,-10.63599967956543
1482900517461,10.680999755859375,-36.117000579833984,-10.63599967956543
1482900517487,10.680999755859375,-36.117000579833984,-10.63599967956543
1482900517501,10.680999755859375,-36.117000579833984,-10.63599967956543
1482900517521,10.680999755859375,-36.117000579833984,-10.63599967956543
1482900517542,10.680999755859375,-36.117000579833984,-10.63599967956543
1482900517561,10.680999755859375,-36.117000579833984,-10.63599967956543
1482900517580,10.680999755859375,-36.117000579833984,-10.63599967956543
1482900517601,10.680999755859375,-36.117000579833984,-10.63599967956543
1482900517622,10.680999755859375,-36.117000579833984,-10.63599967956543
1482900517642,10.680999755859375,-36.117000579833984,-10.63599967956543
1482900517667,10.680999755859375,-36.117000579833984,-10.63599967956543
1482900517680,10.680999755859375,-36.117000579833984,-10.63599967956543
1482900517701,10.680999755859375,-36.117000579833984,-10.63599967956543
1482900517722,10.680999755859375,-36.117000579833984,-10.63599967956543
1482900517741,10.680999755859375,-36.117000579833984,-10.63599967956543
1482900517768,10.680999755859375,-36.117000579833984,-10.63599967956543
1482900517782,10.680999755859375,-36.117000579833984,-10.63599967956543
1482900517801,10.680999755859375,-36.117000579833984,-10.63599967956543
1482900517821,10.680999755859375,-36.117000579833984,-10.63599967956543
1482900517847,10.680999755859375,-36.117000579833984,-10.321000099182129
1482900517862,10.680999755859375,-36.117000579833984,-10.321000099182129
1482900517882,10.680999755859375,-36.117000579833984,-10.321000099182129
1482900517902,10.680999755859375,-36.117000579833984,-10.321000099182129
1482900517922,10.680999755859375,-36.117000579833984,-10.321000099182129
1482900517942,10.680999755859375,-36.117000579833984,-10.321000099182129
1482900517962,10.680999755859375,-36.117000579833984,-10.321000099182129
1482900517982,10.680999755859375,-36.117000579833984,-10.321000099182129
1482900518001,10.680999755859375,-36.117000579833984,-10.321000099182129
1482900518027,10.680999755859375,-36.117000579833984,-10.321000099182129
1482900518042,10.680999755859375,-36.117000579833984,-10.321000099182129
1482900518062,10.680999755859375,-36.117000579833984,-10.321000099182129
1482900518082,10.680999755859375,-36.117000579833984,-10.321000099182129
1482900518101,10.680999755859375,-36.117000579833984,-10.321000099182129
1482900518122,10.680999755859375,-36.117000579833984,-10.321000099182129
1482900518142,10.680999755859375,-36.117000579833984,-10.321000099182129
1482900518162,10.680999755859375,-36.117000579833984,-10.321000099182129
1482900518182,10.680999755859375,-36.117000579833984,-10.321000099182129
1482900518206,10.680999755859375,-36.117000579833984,-10.321000099182129
1482900518222,10.680999755859375,-36.117000579833984,-10.321000099182129
1482900518242,10.680999755859375,-36.422000885009766,-10.321000099182129
1482900518260,10.680999755859375,-36.422000885009766,-10.321000099182129
1482900518282,10.680999755859375,-36.422000885009766,-10.321000099182129
1482900518302,10.680999755859375,-36.422000885009766,-10.321000099182129
1482900518323,10.680999755859375,-36.422000885009766,-10.321000099182129
1482900518342,10.680999755859375,-36.422000885009766,-10.321000099182129
1482900518362,10.680999755859375,-36.422000885009766,-10.321000099182129
1482900518388,10.680999755859375,-36.422000885009766,-10.321000099182129
1482900518402,10.680999755859375,-36.422000885009766,-10.321000099182129
1482900518422,10.680999755859375,-36.422000885009766,-10.321000099182129
1482900518443,10.680999755859375,-36.422000885009766,-10.321000099182129
1482900518460,10.680999755859375,-36.422000885009766,-10.321000099182129
1482900518482,10.680999755859375,-36.422000885009766,-10.321000099182129
1482900518501,10.680999755859375,-36.422000885009766,-10.321000099182129
1482900518523,10.680999755859375,-36.422000885009766,-10.321000099182129
1482900518542,10.680999755859375,-36.422000885009766,-10.321000099182129
1482900518568,10.680999755859375,-36.422000885009766,-10.321000099182129
1482900518586,10.680999755859375,-36.422000885009766,-10.321000099182129
1482900518601,10.680999755859375,-36.422000885009766,-10.321000099182129
1482900518623,10.375,-36.422000885009766,-10.321000099182129
1482900518643,10.375,-36.422000885009766,-10.321000099182129
1482900518662,10.375,-36.422000885009766,-10.321000099182129
1482900518683,10.375,-36.422000885009766,-10.321000099182129
1482900518703,10.375,-36.422000885009766,-10.321000099182129
1482900518723,10.375,-36.422000885009766,-10.321000099182129
1482900518749,10.375,-36.422000885009766,-10.321000099182129
1482900518763,10.375,-36.422000885009766,-10.321000099182129
1482900518783,10.375,-36.422000885009766,-10.321000099182129
1482900518801,10.375,-36.422000885009766,-10.321000099182129
1482900518821,10.375,-36.422000885009766,-10.321000099182129
1482900518855,10.375,-36.108001708984375,-10.321000099182129
1482900518875,10.375,-36.108001708984375,-10.321000099182129
1482900518879,10.375,-36.108001708984375,-10.321000099182129
1482900518899,10.375,-36.108001708984375,-10.321000099182129
1482900518928,10.375,-36.108001708984375,-10.321000099182129
1482900518942,10.375,-36.108001708984375,-10.321000099182129
1482900518962,10.375,-36.108001708984375,-10.321000099182129
1482900518996,10.375,-36.108001708984375,-10.321000099182129
1482900519000,10.375,-36.108001708984375,-10.321000099182129
1482900519023,10.375,-36.108001708984375,-10.321000099182129
1482900519043,10.375,-36.108001708984375,-10.321000099182129
1482900519060,10.375,-36.108001708984375,-10.321000099182129
1482900519083,10.375,-36.108001708984375,-10.321000099182129
1482900519106,10.375,-36.108001708984375,-10.321000099182129
1482900519123,10.375,-36.108001708984375,-10.321000099182129
1482900519143,10.375,-36.108001708984375,-10.321000099182129
1482900519163,10.375,-36.108001708984375,-10.321000099182129
1482900519183,10.375,-36.108001708984375,-10.62399959564209
1482900519203,10.375,-36.108001708984375,-10.62399959564209
1482900519223,10.375,-36.108001708984375,-10.62399959564209
1482900519243,10.375,-36.108001708984375,-10.62399959564209
1482900519263,10.375,-36.108001708984375,-10.62399959564209
1482900519289,10.375,-36.108001708984375,-10.62399959564209
1482900519303,10.375,-36.108001708984375,-10.62399959564209
1482900519323,10.375,-36.108001708984375,-10.62399959564209
1482900519343,10.375,-36.108001708984375,-10.62399959564209
1482900519363,10.375,-36.108001708984375,-10.62399959564209
1482900519383,10.375,-36.108001708984375,-10.62399959564209
1482900519403,10.375,-36.108001708984375,-10.62399959564209
1482900519423,10.375,-36.108001708984375,-10.62399959564209
1482900519443,10.375,-36.108001708984375,-10.62399959564209
1482900519467,10.375,-36.108001708984375,-10.62399959564209
1482900519483,10.375,-36.108001708984375,-10.62399959564209
1482900519502,10.375,-36.108001708984375,-10.62399959564209
1482900519524,10.375,-36.108001708984375,-10.62399959564209
1482900519573,10.375,-36.108001708984375,-10.62399959564209
1482900519573,10.375,-36.108001708984375,-10.62399959564209
1482900519581,10.375,-36.108001708984375,-10.62399959564209
1482900519600,10.375,-36.108001708984375,-10.62399959564209
1482900519620,10.375,-36.108001708984375,-10.62399959564209
1482900519645,10.375,-36.108001708984375,-10.62399959564209
1482900519661,10.375,-36.108001708984375,-10.62399959564209
1482900519681,10.375,-36.108001708984375,-10.62399959564209
1482900519703,10.375,-36.108001708984375,-10.62399959564209
1482900519723,10.375,-36.108001708984375,-10.62399959564209
1482900519743,10.375,-36.108001708984375,-10.62399959564209
1482900519762,10.375,-36.108001708984375,-10.62399959564209
1482900519781,10.375,-36.108001708984375,-10.62399959564209
1482900519801,10.375,-36.108001708984375,-10.62399959564209
1482900519825,10.375,-36.108001708984375,-10.62399959564209
1482900519841,10.375,-36.108001708984375,-10.62399959564209
1482900519860,10.375,-36.108001708984375,-10.62399959564209
1482900519881,10.375,-36.108001708984375,-10.62399959564209
1482900519900,10.375,-36.108001708984375,-10.62399959564209
1482900519920,10.375,-36.108001708984375,-10.62399959564209
1482900519944,10.375,-36.108001708984375,-10.62399959564209
1482900519964,10.375,-36.108001708984375,-10.62399959564209
1482900519984,10.375,-36.108001708984375,-10.62399959564209
1482900520006,10.375,-36.108001708984375,-10.62399959564209
1482900520024,10.375,-36.108001708984375,-10.62399959564209
1482900520044,10.375,-36.108001708984375,-10.62399959564209
1482900520064,10.375,-36.108001708984375,-10.62399959564209
1482900520086,10.375,-36.108001708984375,-10.62399959564209
1482900520104,10.375,-36.108001708984375,-10.62399959564209
1482900520124,10.375,-36.108001708984375,-10.62399959564209
1482900520145,10.375,-36.108001708984375,-10.62399959564209
1482900520164,10.375,-36.108001708984375,-10.62399959564209
1482900520190,10.375,-36.108001708984375,-10.62399959564209
1482900520204,10.375,-36.108001708984375,-10.62399959564209
1482900520224,10.375,-36.108001708984375,-10.62399959564209
1482900520244,10.375,-36.108001708984375,-10.62399959564209
1482900520262,10.375,-36.108001708984375,-10.62399959564209
1482900520284,10.375,-36.108001708984375,-10.62399959564209
1482900520305,10.375,-36.108001708984375,-10.62399959564209
1482900520323,10.375,-36.108001708984375,-10.62399959564209
1482900520344,10.375,-36.108001708984375,-10.62399959564209
1482900520370,10.375,-36.108001708984375,-10.62399959564209
1482900520384,10.375,-36.108001708984375,-10.62399959564209
1482900520405,10.375,-36.108001708984375,-10.62399959564209
1482900520427,10.375,-36.108001708984375,-10.62399959564209
1482900520444,10.375,-36.108001708984375,-10.62399959564209
1482900520464,10.375,-36.108001708984375,-10.62399959564209
1482900520485,10.375,-36.108001708984375,-10.62399959564209
1482900520503,10.375,-36.108001708984375,-10.62399959564209
1482900520524,10.375,-36.108001708984375,-10.62399959564209
1482900520553,10.375,-36.108001708984375,-10.62399959564209
1482900520565,10.375,-36.108001708984375,-10.62399959564209
1482900520582,10.375,-36.108001708984375,-10.62399959564209
1482900520609,10.375,-36.108001708984375,-10.62399959564209
1482900520625,10.375,-36.108001708984375,-10.62399959564209
1482900520646,10.375,-36.108001708984375,-10.62399959564209
1482900520666,10.375,-36.108001708984375,-10.62399959564209
1482900520686,10.375,-36.108001708984375,-10.62399959564209
1482900520702,10.375,-36.108001708984375,-10.62399959564209
1482900520736,10.375,-36.108001708984375,-10.62399959564209
1482900520743,10.375,-36.108001708984375,-10.62399959564209
1482900520765,10.375,-36.108001708984375,-10.62399959564209
1482900520784,10.375,-36.108001708984375,-10.62399959564209
1482900520821,10.375,-36.108001708984375,-10.62399959564209
1482900520822,10.375,-36.108001708984375,-10.62399959564209
1482900520842,10.375,-36.108001708984375,-10.62399959564209
1482900520861,10.375,-36.108001708984375,-10.62399959564209
1482900520881,10.375,-36.108001708984375,-10.62399959564209
1482900520906,10.375,-36.108001708984375,-10.62399959564209
1482900520922,10.375,-36.108001708984375,-10.62399959564209
1482900520945,10.375,-36.108001708984375,-10.62399959564209
1482900520965,10.375,-36.415000915527344,-10.62399959564209
1482900520984,10.375,-36.415000915527344,-10.62399959564209
1482900521004,10.375,-36.415000915527344,-10.62399959564209
1482900521022,10.375,-36.415000915527344,-10.62399959564209
1482900521042,10.375,-36.415000915527344,-10.62399959564209
1482900521062,10.375,-36.415000915527344,-10.62399959564209
1482900521087,10.375,-36.415000915527344,-10.62399959564209
1482900521101,10.375,-36.415000915527344,-10.62399959564209
1482900521127,10.375,-36.415000915527344,-10.62399959564209
1482900521148,10.375,-36.415000915527344,-10.62399959564209
1482900521167,10.375,-36.415000915527344,-10.62399959564209
1482900521186,10.375,-36.415000915527344,-10.62399959564209
1482900521208,10.375,-36.415000915527344,-10.62399959564209
1482900521227,10.375,-36.415000915527344,-10.62399959564209
1482900521247,10.375,-36.415000915527344,-10.62399959564209
1482900521272,10.375,-36.415000915527344,-10.62399959564209
1482900521287,10.375,-36.415000915527344,-10.62399959564209
1482900521307,10.375,-36.415000915527344,-10.62399959564209
1482900521328,10.375,-36.415000915527344,-10.62399959564209
1482900521346,10.375,-36.415000915527344,-10.62399959564209
1482900521363,10.375,-36.415000915527344,-10.62399959564209
1482900521385,10.375,-36.415000915527344,-10.62399959564209
1482900521405,10.375,-36.415000915527344,-10.62399959564209
1482900521425,10.375,-36.415000915527344,-10.62399959564209
1482900521450,10.375,-36.415000915527344,-10.62399959564209
1482900521465,10.375,-36.415000915527344,-10.62399959564209
1482900521485,10.375,-36.415000915527344,-10.62399959564209
1482900521506,10.6899995803833,-36.415000915527344,-10.62399959564209
1482900521525,10.6899995803833,-36.415000915527344,-10.62399959564209
1482900521545,10.6899995803833,-36.415000915527344,-10.62399959564209
1482900521565,10.6899995803833,-36.415000915527344,-10.62399959564209
1482900521585,10.6899995803833,-36.415000915527344,-10.62399959564209
1482900521605,10.6899995803833,-36.415000915527344,-10.62399959564209
1482900521631,10.6899995803833,-36.415000915527344,-10.62399959564209
1482900521645,10.6899995803833,-36.415000915527344,-10.62399959564209
1482900521665,10.6899995803833,-36.415000915527344,-10.62399959564209
1482900521686,10.6899995803833,-36.415000915527344,-10.62399959564209
1482900521705,10.6899995803833,-36.415000915527344,-10.62399959564209
1482900521725,10.6899995803833,-36.415000915527344,-10.62399959564209
1482900521746,10.6899995803833,-36.415000915527344,-10.62399959564209
1482900521765,10.6899995803833,-36.415000915527344,-10.62399959564209
1482900521786,10.6899995803833,-36.415000915527344,-10.62399959564209
1482900521811,10.6899995803833,-36.415000915527344,-10.62399959564209
1482900521824,10.6899995803833,-36.415000915527344,-10.62399959564209
1482900521845,10.6899995803833,-36.415000915527344,-10.62399959564209
1482900521866,10.6899995803833,-36.415000915527344,-10.62399959564209
1482900521886,10.6899995803833,-36.415000915527344,-10.62399959564209
1482900521906,10.6899995803833,-36.415000915527344,-10.62399959564209
1482900521926,10.6899995803833,-36.415000915527344,-10.62399959564209
1482900521946,10.6899995803833,-36.415000915527344,-10.62399959564209
1482900521966,10.6899995803833,-36.415000915527344,-10.62399959564209
1482900521992,10.6899995803833,-36.415000915527344,-10.62399959564209
1482900522006,10.6899995803833,-36.415000915527344,-10.62399959564209
1482900522026,10.6899995803833,-36.415000915527344,-10.62399959564209
1482900522046,10.6899995803833,-36.415000915527344,-10.62399959564209
1482900522066,10.6899995803833,-36.415000915527344,-10.62399959564209
1482900522086,10.6899995803833,-36.415000915527344,-10.62399959564209
1482900522103,10.6899995803833,-36.415000915527344,-10.62399959564209
1482900522125,10.6899995803833,-36.415000915527344,-10.62399959564209
1482900522145,10.6899995803833,-36.415000915527344,-10.62399959564209
1482900522174,10.6899995803833,-36.415000915527344,-10.62399959564209
1482900522185,10.6899995803833,-36.415000915527344,-10.62399959564209
1482900522210,10.6899995803833,-36.415000915527344,-10.62399959564209
1482900522223,10.6899995803833,-36.415000915527344,-10.62399959564209
1482900522245,10.6899995803833,-36.415000915527344,-10.62399959564209
1482900522267,10.6899995803833,-36.415000915527344,-10.62399959564209
1482900522287,10.6899995803833,-36.415000915527344,-10.62399959564209
1482900522306,10.6899995803833,-36.415000915527344,-10.62399959564209
1482900522326,10.6899995803833,-36.415000915527344,-10.62399959564209
1482900522351,10.6899995803833,-36.415000915527344,-10.62399959564209
1482900522366,10.6899995803833,-36.111000061035156,-10.62399959564209
1482900522386,10.6899995803833,-36.111000061035156,-10.62399959564209
1482900522406,10.6899995803833,-36.111000061035156,-10.62399959564209
1482900522426,10.6899995803833,-36.111000061035156,-10.62399959564209
1482900522445,10.6899995803833,-36.111000061035156,-10.62399959564209
1482900522466,10.6899995803833,-36.111000061035156,-10.62399959564209
1482900522486,10.6899995803833,-36.111000061035156,-10.62399959564209
1482900522506,10.6899995803833,-36.111000061035156,-10.62399959564209
1482900522532,10.6899995803833,-36.111000061035156,-10.62399959564209
1482900522546,10.6899995803833,-36.111000061035156,-10.62399959564209
1482900522566,10.6899995803833,-36.111000061035156,-10.62399959564209
1482900522586,10.6899995803833,-36.111000061035156,-10.62399959564209
1482900522609,10.6899995803833,-36.111000061035156,-10.62399959564209
1482900522626,10.6899995803833,-36.111000061035156,-10.62399959564209
1482900522644,10.6899995803833,-36.111000061035156,-10.62399959564209
1482900522663,10.6899995803833,-36.111000061035156,-10.62399959564209
1482900522683,10.6899995803833,-36.111000061035156,-10.62399959564209
1482900522708,10.6899995803833,-36.111000061035156,-10.62399959564209
1482900522723,10.6899995803833,-36.111000061035156,-10.62399959564209
1482900522747,10.6899995803833,-36.111000061035156,-10.62399959564209
1482900522767,10.6899995803833,-36.111000061035156,-10.62399959564209
1482900522786,10.6899995803833,-36.111000061035156,-10.62399959564209
1482900522806,10.6899995803833,-36.111000061035156,-10.62399959564209
1482900522828,10.6899995803833,-36.111000061035156,-10.62399959564209
1482900522847,10.6899995803833,-36.111000061035156,-10.62399959564209
1482900522866,10.6899995803833,-36.111000061035156,-10.62399959564209
1482900522892,10.6899995803833,-36.111000061035156,-10.62399959564209
1482900522905,10.6899995803833,-36.111000061035156,-10.62399959564209
1482900522927,10.6899995803833,-36.111000061035156,-10.937000274658203
1482900522947,10.6899995803833,-36.111000061035156,-10.937000274658203
1482900522966,10.6899995803833,-36.111000061035156,-10.937000274658203
1482900522986,10.6899995803833,-36.111000061035156,-10.937000274658203
1482900523006,10.6899995803833,-36.111000061035156,-10.937000274658203
1482900523026,10.6899995803833,-36.111000061035156,-10.937000274658203
1482900523047,10.6899995803833,-36.111000061035156,-10.937000274658203
1482900523072,10.6899995803833,-36.111000061035156,-10.937000274658203
1482900523086,10.6899995803833,-36.111000061035156,-10.937000274658203
1482900523106,10.6899995803833,-36.111000061035156,-10.937000274658203
1482900523138,10.6899995803833,-36.111000061035156,-10.937000274658203
1482900523146,10.6899995803833,-36.111000061035156,-10.937000274658203
1482900523167,10.6899995803833,-36.111000061035156,-10.937000274658203
1482900523187,10.6899995803833,-36.111000061035156,-10.937000274658203
1482900523207,10.6899995803833,-36.111000061035156,-10.937000274658203
1482900523226,10.6899995803833,-36.111000061035156,-10.937000274658203
1482900523251,10.6899995803833,-36.111000061035156,-10.937000274658203
1482900523267,10.6899995803833,-36.111000061035156,-10.937000274658203
1482900523287,10.6899995803833,-36.111000061035156,-10.937000274658203
1482900523307,10.6899995803833,-36.111000061035156,-10.937000274658203
1482900523326,10.6899995803833,-36.111000061035156,-10.937000274658203
1482900523347,10.6899995803833,-36.111000061035156,-10.937000274658203
1482900523367,10.6899995803833,-36.111000061035156,-10.937000274658203
1482900523387,10.6899995803833,-36.111000061035156,-10.937000274658203
1482900523407,10.6899995803833,-36.111000061035156,-10.937000274658203
1482900523432,10.6899995803833,-36.111000061035156,-10.937000274658203
1482900523447,10.6899995803833,-36.111000061035156,-10.937000274658203
1482900523465,10.6899995803833,-36.111000061035156,-10.635000228881836
1482900523487,10.6899995803833,-36.111000061035156,-10.635000228881836
1482900523507,10.6899995803833,-36.111000061035156,-10.635000228881836
1482900523527,10.6899995803833,-36.111000061035156,-10.635000228881836
1482900523547,10.6899995803833,-36.111000061035156,-10.635000228881836
1482900523564,10.6899995803833,-36.111000061035156,-10.635000228881836
1482900523585,10.6899995803833,-36.111000061035156,-10.635000228881836
1482900523609,10.6899995803833,-36.111000061035156,-10.635000228881836
1482900523632,10.6899995803833,-36.111000061035156,-10.635000228881836
1482900523645,10.6899995803833,-36.111000061035156,-10.635000228881836
1482900523667,10.6899995803833,-36.111000061035156,-10.635000228881836
1482900523686,10.6899995803833,-36.111000061035156,-10.635000228881836
1482900523707,10.6899995803833,-36.111000061035156,-10.635000228881836
1482900523727,10.6899995803833,-36.111000061035156,-10.635000228881836
1482900523747,10.6899995803833,-36.111000061035156,-10.635000228881836
1482900523767,10.6899995803833,-36.111000061035156,-10.635000228881836
1482900523793,10.6899995803833,-36.111000061035156,-10.635000228881836
1482900523807,10.6899995803833,-36.111000061035156,-10.635000228881836
1482900523827,10.6899995803833,-36.111000061035156,-10.635000228881836
1482900523847,10.6899995803833,-36.111000061035156,-10.635000228881836
1482900523867,10.6899995803833,-36.111000061035156,-10.635000228881836
1482900523887,10.6899995803833,-36.111000061035156,-10.635000228881836
1482900523908,10.6899995803833,-36.111000061035156,-10.635000228881836
1482900523927,10.6899995803833,-36.111000061035156,-10.635000228881836
1482900523947,10.6899995803833,-36.111000061035156,-10.635000228881836
1482900523973,10.6899995803833,-36.111000061035156,-10.635000228881836
1482900523987,10.6899995803833,-36.111000061035156,-10.635000228881836
1482900524006,10.6899995803833,-36.111000061035156,-10.635000228881836
1482900524026,10.6899995803833,-36.111000061035156,-10.635000228881836
1482900524047,10.6899995803833,-36.111000061035156,-10.635000228881836
1482900524067,10.6899995803833,-36.111000061035156,-10.635000228881836
1482900524087,10.6899995803833,-36.111000061035156,-10.635000228881836
1482900524107,10.6899995803833,-36.111000061035156,-10.635000228881836
1482900524127,10.6899995803833,-36.111000061035156,-10.635000228881836
1482900524153,10.6899995803833,-36.111000061035156,-10.635000228881836
1482900524167,10.6899995803833,-36.111000061035156,-10.635000228881836
1482900524187,10.6899995803833,-36.111000061035156,-10.635000228881836
1482900524208,10.6899995803833,-36.111000061035156,-10.635000228881836
1482900524227,10.6899995803833,-36.111000061035156,-10.635000228881836
1482900524247,10.6899995803833,-36.111000061035156,-10.635000228881836
1482900524270,10.6899995803833,-36.111000061035156,-10.635000228881836
1482900524287,10.6899995803833,-36.111000061035156,-10.635000228881836
1482900524308,10.6899995803833,-36.111000061035156,-10.635000228881836
1482900524331,10.6899995803833,-36.111000061035156,-10.635000228881836
1482900524347,10.6899995803833,-36.111000061035156,-10.635000228881836
1482900524367,10.6899995803833,-36.111000061035156,-10.635000228881836
1482900524387,10.6899995803833,-36.111000061035156,-10.635000228881836
1482900524408,10.6899995803833,-36.111000061035156,-10.635000228881836
1482900524428,10.6899995803833,-36.111000061035156,-10.635000228881836
1482900524448,10.6899995803833,-36.111000061035156,-10.635000228881836
1482900524468,10.6899995803833,-36.111000061035156,-10.635000228881836
1482900524488,10.6899995803833,-36.111000061035156,-10.635000228881836
1482900524510,10.6899995803833,-36.111000061035156,-10.635000228881836
1482900524528,10.6899995803833,-36.111000061035156,-10.635000228881836
1482900524548,10.6899995803833,-36.111000061035156,-10.635000228881836
1482900524568,10.6899995803833,-36.111000061035156,-10.635000228881836
1482900524587,10.6899995803833,-36.111000061035156,-10.635000228881836
1482900524608,10.6899995803833,-36.111000061035156,-10.635000228881836
1482900524628,10.6899995803833,-36.111000061035156,-10.635000228881836
1482900524648,10.6899995803833,-36.111000061035156,-10.635000228881836
1482900524665,10.6899995803833,-36.111000061035156,-10.635000228881836
1482900524691,10.6899995803833,-36.111000061035156,-10.635000228881836
1482900524707,10.6899995803833,-36.111000061035156,-10.635000228881836
1482900524728,10.6899995803833,-36.111000061035156,-10.635000228881836
1482900524765,10.6899995803833,-36.111000061035156,-10.635000228881836
1482900524766,10.6899995803833,-36.111000061035156,-10.635000228881836
1482900524785,10.6899995803833,-36.111000061035156,-10.635000228881836
1482900524806,10.6899995803833,-36.111000061035156,-10.635000228881836
1482900524825,10.6899995803833,-36.111000061035156,-10.635000228881836
1482900524845,10.6899995803833,-36.111000061035156,-10.635000228881836
1482900524869,10.6899995803833,-36.111000061035156,-10.635000228881836
1482900524885,10.6899995803833,-36.111000061035156,-10.635000228881836
1482900524906,10.6899995803833,-36.111000061035156,-10.635000228881836
1482900524926,10.6899995803833,-36.111000061035156,-10.635000228881836
1482900524945,10.6899995803833,-36.111000061035156,-10.635000228881836
1482900524967,10.6899995803833,-36.111000061035156,-10.635000228881836
1482900524989,10.6899995803833,-36.111000061035156,-10.635000228881836
1482900525008,10.6899995803833,-36.111000061035156,-10.635000228881836
1482900525028,10.6899995803833,-36.111000061035156,-10.635000228881836
1482900525053,10.6899995803833,-36.111000061035156,-10.635000228881836
1482900525066,10.6899995803833,-36.111000061035156,-10.635000228881836
1482900525086,10.6899995803833,-36.111000061035156,-10.635000228881836
1482900525107,10.6899995803833,-36.111000061035156,-10.635000228881836
1482900525128,10.6899995803833,-36.111000061035156,-10.635000228881836
1482900525148,10.6899995803833,-36.111000061035156,-10.635000228881836
1482900525167,10.6899995803833,-36.111000061035156,-10.635000228881836
1482900525188,10.6899995803833,-36.111000061035156,-10.635000228881836
1482900525208,10.6899995803833,-36.111000061035156,-10.635000228881836
1482900525242,10.6899995803833,-36.111000061035156,-10.635000228881836
1482900525246,10.6899995803833,-36.111000061035156,-10.635000228881836
1482900525267,10.6899995803833,-36.111000061035156,-10.635000228881836
1482900525287,10.6899995803833,-36.111000061035156,-10.635000228881836
1482900525307,10.6899995803833,-36.111000061035156,-10.635000228881836
1482900525327,10.6899995803833,-36.111000061035156,-10.635000228881836
1482900525347,10.6899995803833,-36.111000061035156,-10.635000228881836
1482900525369,10.6899995803833,-36.111000061035156,-10.331000328063965
1482900525389,10.6899995803833,-36.111000061035156,-10.331000328063965
1482900525415,10.6899995803833,-36.41899871826172,-10.331000328063965
1482900525428,10.6899995803833,-36.41899871826172,-10.331000328063965
1482900525448,10.6899995803833,-36.41899871826172,-10.331000328063965
1482900525467,10.6899995803833,-36.41899871826172,-10.331000328063965
1482900525487,10.6899995803833,-36.41899871826172,-10.331000328063965
1482900525507,10.6899995803833,-36.41899871826172,-10.331000328063965
1482900525527,10.6899995803833,-36.41899871826172,-10.331000328063965
1482900525547,10.6899995803833,-36.41899871826172,-10.331000328063965
1482900525569,10.6899995803833,-36.41899871826172,-10.331000328063965
1482900525595,10.6899995803833,-36.41899871826172,-10.331000328063965
1482900525607,10.6899995803833,-36.41899871826172,-10.331000328063965
1482900525628,10.6899995803833,-36.41899871826172,-10.331000328063965
1482900525646,10.6899995803833,-36.41899871826172,-10.331000328063965
1482900525668,10.6899995803833,-36.41899871826172,-10.331000328063965
1482900525689,10.6899995803833,-36.41899871826172,-10.331000328063965
1482900525707,10.381999969482422,-36.41899871826172,-10.331000328063965
1482900525728,10.381999969482422,-36.41899871826172,-10.331000328063965
1482900525746,10.381999969482422,-36.41899871826172,-10.331000328063965
1482900525774,10.381999969482422,-36.41899871826172,-10.331000328063965
1482900525787,10.381999969482422,-36.41899871826172,-10.331000328063965
1482900525807,10.381999969482422,-36.41899871826172,-10.331000328063965
1482900525827,10.381999969482422,-36.41899871826172,-10.331000328063965
1482900525846,10.381999969482422,-36.41899871826172,-10.331000328063965
1482900525867,10.381999969482422,-36.41899871826172,-10.331000328063965
1482900525887,10.381999969482422,-36.41899871826172,-10.331000328063965
1482900525906,10.381999969482422,-36.41899871826172,-10.331000328063965
1482900525926,10.381999969482422,-36.41899871826172,-10.331000328063965
1482900525951,10.381999969482422,-36.41899871826172,-10.331000328063965
1482900525966,10.381999969482422,-36.41899871826172,-10.331000328063965
1482900525987,10.381999969482422,-36.41899871826172,-10.331000328063965
1482900526010,10.381999969482422,-36.41899871826172,-10.331000328063965
1482900526028,10.381999969482422,-36.41899871826172,-10.331000328063965
1482900526048,10.381999969482422,-36.41899871826172,-10.331000328063965
1482900526068,10.381999969482422,-36.41899871826172,-10.331000328063965
1482900526087,10.381999969482422,-36.41899871826172,-10.331000328063965
1482900526107,10.381999969482422,-36.41899871826172,-10.331000328063965
1482900526133,10.381999969482422,-36.41899871826172,-10.331000328063965
1482900526147,10.381999969482422,-36.41899871826172,-10.331000328063965
1482900526174,10.381999969482422,-36.41899871826172,-10.331000328063965
1482900526188,10.381999969482422,-36.41899871826172,-10.331000328063965
1482900526209,10.381999969482422,-36.41899871826172,-10.331000328063965
1482900526255,10.381999969482422,-36.41899871826172,-10.001999855041504
1482900526255,10.381999969482422,-36.41899871826172,-10.001999855041504
1482900526268,10.381999969482422,-36.41899871826172,-10.001999855041504
1482900526288,10.381999969482422,-36.41899871826172,-10.001999855041504
1482900526315,10.381999969482422,-36.41899871826172,-10.001999855041504
1482900526327,10.381999969482422,-36.41899871826172,-10.001999855041504
1482900526348,10.381999969482422,-36.41899871826172,-10.001999855041504
1482900526370,10.381999969482422,-36.41899871826172,-10.001999855041504
1482900526389,10.381999969482422,-36.41899871826172,-10.001999855041504
1482900526409,10.381999969482422,-36.41899871826172,-10.001999855041504
1482900526428,10.381999969482422,-36.41899871826172,-10.001999855041504
1482900526448,10.381999969482422,-36.41899871826172,-10.001999855041504
1482900526469,10.381999969482422,-36.41899871826172,-10.001999855041504
1482900526495,10.381999969482422,-36.41899871826172,-10.001999855041504
1482900526510,10.381999969482422,-36.41899871826172,-10.001999855041504
1482900526527,10.381999969482422,-36.41899871826172,-10.001999855041504
1482900526548,10.381999969482422,-36.41899871826172,-10.001999855041504
1482900526570,10.381999969482422,-36.41899871826172,-10.001999855041504
1482900526590,10.381999969482422,-36.41899871826172,-10.001999855041504
1482900526610,10.381999969482422,-36.41899871826172,-10.001999855041504
1482900526630,10.381999969482422,-36.41899871826172,-10.001999855041504
1482900526652,10.381999969482422,-36.41899871826172,-10.001999855041504
1482900526675,10.381999969482422,-36.41899871826172,-10.001999855041504
1482900526690,10.381999969482422,-36.41899871826172,-10.001999855041504
1482900526710,10.381999969482422,-36.41899871826172,-10.001999855041504
1482900526730,10.381999969482422,-36.41899871826172,-10.001999855041504
1482900526750,10.381999969482422,-36.41899871826172,-10.001999855041504
1482900526770,10.381999969482422,-36.41899871826172,-10.001999855041504
1482900526790,10.381999969482422,-36.41899871826172,-10.001999855041504
1482900526809,10.381999969482422,-36.41899871826172,-10.001999855041504
1482900526831,10.381999969482422,-36.41899871826172,-10.001999855041504
1482900526854,10.381999969482422,-36.41899871826172,-10.001999855041504
1482900526867,10.381999969482422,-36.41899871826172,-10.001999855041504
1482900526890,10.381999969482422,-36.41899871826172,-10.001999855041504
1482900526911,10.381999969482422,-36.41899871826172,-10.001999855041504
1482900526931,10.381999969482422,-36.41899871826172,-10.001999855041504
1482900526951,10.381999969482422,-36.41899871826172,-10.001999855041504
1482900526971,10.381999969482422,-36.41899871826172,-10.001999855041504
1482900526991,10.381999969482422,-36.41899871826172,-10.001999855041504
1482900527010,10.381999969482422,-36.41899871826172,-10.001999855041504
1482900527036,10.381999969482422,-36.41899871826172,-10.314000129699707
1482900527051,10.381999969482422,-36.41899871826172,-10.314000129699707
1482900527071,10.381999969482422,-36.41899871826172,-10.314000129699707
1482900527091,10.381999969482422,-36.41899871826172,-10.314000129699707
1482900527111,10.381999969482422,-36.41899871826172,-10.314000129699707
1482900527131,10.381999969482422,-36.41899871826172,-10.314000129699707
1482900527151,10.381999969482422,-36.41899871826172,-10.314000129699707
1482900527170,10.381999969482422,-36.41899871826172,-10.314000129699707
1482900527190,10.381999969482422,-36.41899871826172,-10.314000129699707
1482900527217,10.381999969482422,-36.41899871826172,-10.314000129699707
1482900527228,10.381999969482422,-36.41899871826172,-10.314000129699707
1482900527249,10.381999969482422,-36.41899871826172,-10.314000129699707
1482900527270,10.381999969482422,-36.41899871826172,-10.314000129699707
1482900527291,10.381999969482422,-36.41899871826172,-10.314000129699707
1482900527320,10.381999969482422,-36.41899871826172,-10.314000129699707
1482900527331,10.381999969482422,-36.41899871826172,-10.314000129699707
1482900527351,10.381999969482422,-36.41899871826172,-10.314000129699707
1482900527371,10.381999969482422,-36.41899871826172,-10.314000129699707
1482900527397,10.381999969482422,-36.41899871826172,-10.314000129699707
1482900527411,10.381999969482422,-36.41899871826172,-10.314000129699707
1482900527428,10.381999969482422,-36.72700119018555,-10.314000129699707
1482900527450,10.381999969482422,-36.72700119018555,-10.01200008392334
1482900527471,10.381999969482422,-36.72700119018555,-10.01200008392334
1482900527488,10.381999969482422,-36.72700119018555,-10.01200008392334
1482900527510,10.381999969482422,-36.72700119018555,-10.01200008392334
1482900527529,10.381999969482422,-36.72700119018555,-10.01200008392334
1482900527549,10.381999969482422,-36.72700119018555,-10.01200008392334
1482900527576,10.381999969482422,-36.72700119018555,-10.01200008392334
1482900527591,10.381999969482422,-36.72700119018555,-10.01200008392334
1482900527611,10.381999969482422,-36.72700119018555,-10.01200008392334
1482900527629,10.381999969482422,-36.72700119018555,-10.01200008392334
1482900527650,10.381999969482422,-36.72700119018555,-10.01200008392334
1482900527670,10.381999969482422,-36.72700119018555,-10.01200008392334
1482900527696,10.381999969482422,-36.72700119018555,-10.01200008392334
1482900527711,10.381999969482422,-36.72700119018555,-10.01200008392334
1482900527729,10.381999969482422,-36.72700119018555,-10.01200008392334
1482900527755,10.381999969482422,-36.72700119018555,-10.01200008392334
1482900527771,10.381999969482422,-36.72700119018555,-10.01200008392334
1482900527791,10.381999969482422,-36.72700119018555,-10.01200008392334
1482900527811,10.381999969482422,-36.72700119018555,-10.01200008392334
1482900527831,10.381999969482422,-36.72700119018555,-10.01200008392334
1482900527848,10.381999969482422,-36.72700119018555,-10.01200008392334
1482900527869,10.381999969482422,-36.72700119018555,-10.01200008392334
1482900527888,10.381999969482422,-36.41600036621094,-10.01200008392334
1482900527908,10.381999969482422,-36.41600036621094,-10.01200008392334
1482900527935,10.381999969482422,-36.41600036621094,-10.01200008392334
1482900527951,10.381999969482422,-36.41600036621094,-10.01200008392334
1482900527971,10.381999969482422,-36.41600036621094,-10.01200008392334
1482900527991,10.064000129699707,-36.41600036621094,-10.01200008392334
1482900528009,10.064000129699707,-36.41600036621094,-10.01200008392334
1482900528031,10.064000129699707,-36.41600036621094,-10.01200008392334
1482900528051,10.064000129699707,-36.41600036621094,-10.01200008392334
1482900528071,10.064000129699707,-36.41600036621094,-10.01200008392334
1482900528091,10.064000129699707,-36.41600036621094,-10.01200008392334
1482900528117,10.064000129699707,-36.41600036621094,-10.01200008392334
1482900528129,10.064000129699707,-36.41600036621094,-10.01200008392334
1482900528151,10.064000129699707,-36.41600036621094,-10.01200008392334
1482900528171,10.064000129699707,-36.41600036621094,-10.01200008392334
1482900528191,10.064000129699707,-36.41600036621094,-10.01200008392334
1482900528211,10.064000129699707,-36.41600036621094,-10.01200008392334
1482900528231,10.064000129699707,-36.41600036621094,-10.01200008392334
1482900528251,10.064000129699707,-36.41600036621094,-10.01200008392334
1482900528271,10.064000129699707,-36.41600036621094,-10.01200008392334
1482900528296,10.064000129699707,-36.41600036621094,-10.01200008392334
1482900528311,10.064000129699707,-36.41600036621094,-10.01200008392334
1482900528330,10.064000129699707,-36.41600036621094,-10.01200008392334
1482900528352,10.064000129699707,-36.41600036621094,-10.01200008392334
1482900528371,10.064000129699707,-36.41600036621094,-10.01200008392334
1482900528391,10.064000129699707,-36.41600036621094,-10.01200008392334
1482900528409,10.064000129699707,-36.41600036621094,-10.01200008392334
1482900528430,10.064000129699707,-36.41600036621094,-10.01200008392334
1482900528451,10.064000129699707,-36.41600036621094,-10.01200008392334
1482900528476,10.064000129699707,-36.41600036621094,-10.01200008392334
1482900528491,10.064000129699707,-36.41600036621094,-10.01200008392334
1482900528512,10.064000129699707,-36.41600036621094,-10.01200008392334
1482900528532,10.064000129699707,-36.41600036621094,-10.01200008392334
1482900528552,10.064000129699707,-36.41600036621094,-10.01200008392334
1482900528571,10.064000129699707,-36.41600036621094,-10.01200008392334
1482900528592,10.064000129699707,-36.41600036621094,-10.01200008392334
1482900528611,10.064000129699707,-36.41600036621094,-10.01200008392334
1482900528631,10.064000129699707,-36.41600036621094,-10.01200008392334
1482900528653,10.064000129699707,-36.41600036621094,-10.01200008392334
1482900528698,10.064000129699707,-36.41600036621094,-10.01200008392334
1482900528698,10.064000129699707,-36.41600036621094,-10.01200008392334
1482900528714,10.064000129699707,-36.41600036621094,-10.01200008392334
1482900528731,10.064000129699707,-36.41600036621094,-10.01200008392334
1482900528749,10.064000129699707,-36.41600036621094,-10.01200008392334
1482900528772,10.064000129699707,-36.41600036621094,-10.01200008392334
1482900528792,10.064000129699707,-36.41600036621094,-10.01200008392334
1482900528812,10.064000129699707,-36.41600036621094,-10.01200008392334
1482900528837,10.064000129699707,-36.41600036621094,-10.01200008392334
1482900528852,10.064000129699707,-36.41600036621094,-10.01200008392334
1482900528869,10.064000129699707,-36.41600036621094,-10.01200008392334
1482900528890,10.064000129699707,-36.41600036621094,-10.01200008392334
1482900528910,10.064000129699707,-36.41600036621094,-10.01200008392334
1482900528929,10.064000129699707,-36.41600036621094,-10.01200008392334
1482900528949,10.064000129699707,-36.41600036621094,-10.01200008392334
1482900528969,10.064000129699707,-36.41600036621094,-10.01200008392334
1482900528989,10.064000129699707,-36.41600036621094,-10.01200008392334
1482900529012,10.064000129699707,-36.41600036621094,-10.01200008392334
1482900529030,10.064000129699707,-36.41600036621094,-10.01200008392334
1482900529052,10.064000129699707,-36.41600036621094,-10.01200008392334
1482900529072,10.064000129699707,-36.41600036621094,-10.01200008392334
1482900529092,10.064000129699707,-36.41600036621094,-10.01200008392334
1482900529112,10.064000129699707,-36.41600036621094,-10.01200008392334
1482900529130,10.064000129699707,-36.41600036621094,-10.01200008392334
1482900529152,10.064000129699707,-36.41600036621094,-10.01200008392334
1482900529172,10.064000129699707,-36.41600036621094,-10.01200008392334
1482900529197,10.064000129699707,-36.41600036621094,-10.01200008392334
1482900529212,10.064000129699707,-36.41600036621094,-10.01200008392334
1482900529232,10.064000129699707,-36.41600036621094,-10.01200008392334
1482900529252,10.064000129699707,-36.41600036621094,-10.01200008392334
1482900529272,10.064000129699707,-36.41600036621094,-10.01200008392334
1482900529292,10.064000129699707,-36.72600173950195,-10.01200008392334
1482900529312,10.064000129699707,-36.72600173950195,-10.01200008392334
1482900529332,10.064000129699707,-36.72600173950195,-10.01200008392334
1482900529352,10.064000129699707,-36.72600173950195,-10.01200008392334
1482900529378,10.064000129699707,-36.72600173950195,-10.01200008392334
1482900529392,10.064000129699707,-36.72600173950195,-10.01200008392334
1482900529412,10.064000129699707,-36.72600173950195,-10.01200008392334
1482900529439,10.064000129699707,-36.72600173950195,-10.01200008392334
1482900529452,10.064000129699707,-36.72600173950195,-10.01200008392334
1482900529472,10.064000129699707,-36.72600173950195,-10.01200008392334
1482900529493,10.064000129699707,-36.72600173950195,-10.01200008392334
1482900529512,10.064000129699707,-36.72600173950195,-10.01200008392334
1482900529532,10.064000129699707,-36.72600173950195,-10.01200008392334
1482900529558,10.064000129699707,-36.72600173950195,-10.01200008392334
1482900529572,10.064000129699707,-36.72600173950195,-10.01200008392334
1482900529592,10.064000129699707,-36.72600173950195,-10.01200008392334
1482900529613,10.064000129699707,-36.72600173950195,-10.01200008392334
1482900529632,10.064000129699707,-36.72600173950195,-10.01200008392334
1482900529652,10.064000129699707,-36.72600173950195,-10.01200008392334
1482900529673,10.064000129699707,-36.72600173950195,-10.01200008392334
1482900529693,10.064000129699707,-36.72600173950195,-10.01200008392334
1482900529710,10.064000129699707,-36.72600173950195,-10.01200008392334
1482900529739,10.064000129699707,-36.72600173950195,-10.01200008392334
1482900529753,10.064000129699707,-36.72600173950195,-10.01200008392334
1482900529773,10.064000129699707,-36.72600173950195,-10.01200008392334
1482900529793,10.064000129699707,-36.72600173950195,-10.01200008392334
1482900529813,10.064000129699707,-36.72600173950195,-10.01200008392334
1482900529833,10.064000129699707,-36.72600173950195,-10.01200008392334
1482900529853,10.064000129699707,-36.72600173950195,-10.01200008392334
1482900529873,10.064000129699707,-36.72600173950195,-10.01200008392334
1482900529893,10.064000129699707,-36.72600173950195,-10.01200008392334
1482900529917,10.064000129699707,-36.72600173950195,-10.01200008392334
1482900529931,10.064000129699707,-36.72600173950195,-10.01200008392334
1482900529956,10.064000129699707,-36.72600173950195,-10.01200008392334
1482900529973,10.064000129699707,-36.72600173950195,-10.01200008392334
1482900529993,10.064000129699707,-36.72600173950195,-10.01200008392334
1482900530013,10.064000129699707,-36.72600173950195,-10.01200008392334
1482900530033,10.064000129699707,-36.72600173950195,-10.01200008392334
1482900530052,10.064000129699707,-36.72600173950195,-10.01200008392334
1482900530073,10.064000129699707,-36.72600173950195,-10.01200008392334
1482900530097,10.064000129699707,-36.72600173950195,-10.01200008392334
1482900530113,10.064000129699707,-36.72600173950195,-10.01200008392334
1482900530133,10.064000129699707,-36.72600173950195,-10.01200008392334
1482900530155,10.064000129699707,-36.72600173950195,-10.01200008392334
1482900530173,10.064000129699707,-36.72600173950195,-10.01200008392334
1482900530193,10.064000129699707,-36.72600173950195,-10.01200008392334
1482900530213,10.064000129699707,-36.72600173950195,-10.01200008392334
1482900530233,10.064000129699707,-36.72600173950195,-10.01200008392334
1482900530253,10.064000129699707,-36.72600173950195,-10.01200008392334
1482900530278,10.064000129699707,-36.72600173950195,-10.01200008392334
1482900530293,10.064000129699707,-36.72600173950195,-10.01200008392334
1482900530313,10.064000129699707,-36.72600173950195,-9.704000473022461
1482900530333,10.064000129699707,-36.72600173950195,-9.704000473022461
1482900530353,10.064000129699707,-36.72600173950195,-9.704000473022461
1482900530373,10.064000129699707,-36.72600173950195,-9.704000473022461
1482900530393,10.064000129699707,-36.72600173950195,-9.704000473022461
1482900530413,10.064000129699707,-36.72600173950195,-9.704000473022461
1482900530433,10.064000129699707,-36.72600173950195,-9.704000473022461
1482900530459,10.064000129699707,-36.72600173950195,-9.704000473022461
1482900530473,10.064000129699707,-36.72600173950195,-9.704000473022461
1482900530494,10.064000129699707,-36.72600173950195,-9.704000473022461
1482900530514,10.064000129699707,-36.72600173950195,-9.704000473022461
1482900530534,10.064000129699707,-36.72600173950195,-9.704000473022461
1482900530554,10.064000129699707,-36.72600173950195,-9.704000473022461
1482900530574,10.064000129699707,-36.72600173950195,-9.704000473022461
1482900530594,10.064000129699707,-36.72600173950195,-9.704000473022461
1482900530613,10.064000129699707,-36.72600173950195,-10.005000114440918
1482900530640,10.064000129699707,-36.72600173950195,-10.005000114440918
1482900530654,10.064000129699707,-36.72600173950195,-10.005000114440918
1482900530674,10.064000129699707,-36.72600173950195,-10.005000114440918
1482900530694,10.064000129699707,-36.72600173950195,-10.005000114440918
1482900530714,10.064000129699707,-36.72600173950195,-10.005000114440918
1482900530734,10.064000129699707,-36.72600173950195,-10.005000114440918
1482900530755,10.064000129699707,-36.72600173950195,-10.005000114440918
1482900530774,10.064000129699707,-36.72600173950195,-10.005000114440918
1482900530794,10.064000129699707,-36.72600173950195,-10.005000114440918
1482900530820,10.064000129699707,-36.72600173950195,-10.005000114440918
1482900530835,10.371000289916992,-36.72600173950195,-10.005000114440918
1482900530854,10.371000289916992,-36.72600173950195,-10.005000114440918
1482900530874,10.371000289916992,-36.72600173950195,-10.3100004196167
1482900530910,10.371000289916992,-36.72600173950195,-10.3100004196167
1482900530911,10.371000289916992,-36.72600173950195,-10.3100004196167
1482900530931,10.371000289916992,-36.72600173950195,-10.3100004196167
1482900530951,10.371000289916992,-36.72600173950195,-10.3100004196167
1482900530971,10.371000289916992,-36.72600173950195,-10.3100004196167
1482900530996,10.371000289916992,-36.72600173950195,-10.3100004196167
1482900531011,10.675999641418457,-36.72600173950195,-10.3100004196167
1482900531031,10.675999641418457,-36.72600173950195,-10.3100004196167
1482900531054,10.675999641418457,-36.72600173950195,-10.3100004196167
1482900531074,10.675999641418457,-36.72600173950195,-10.3100004196167
1482900531095,10.675999641418457,-36.72600173950195,-10.3100004196167
1482900531115,10.675999641418457,-36.72600173950195,-10.3100004196167
1482900531134,10.675999641418457,-36.72600173950195,-10.3100004196167
1482900531154,10.675999641418457,-36.72600173950195,-10.3100004196167
1482900531180,10.675999641418457,-36.72600173950195,-10.3100004196167
1482900531194,10.675999641418457,-36.72600173950195,-10.3100004196167
1482900531215,10.675999641418457,-36.72600173950195,-10.3100004196167
1482900531235,10.675999641418457,-36.72600173950195,-10.3100004196167
1482900531254,10.675999641418457,-36.72600173950195,-10.3100004196167
1482900531275,10.675999641418457,-36.72600173950195,-10.3100004196167
1482900531293,10.675999641418457,-36.72600173950195,-10.3100004196167
1482900531314,10.675999641418457,-36.72600173950195,-10.3100004196167
1482900531334,10.675999641418457,-36.72600173950195,-10.3100004196167
1482900531360,10.675999641418457,-36.72600173950195,-10.3100004196167
1482900531381,10.675999641418457,-36.72600173950195,-10.635000228881836
1482900531394,10.675999641418457,-36.72600173950195,-10.635000228881836
1482900531415,10.675999641418457,-36.72600173950195,-10.635000228881836
1482900531434,10.675999641418457,-36.72600173950195,-10.635000228881836
1482900531454,10.675999641418457,-36.72600173950195,-10.635000228881836
1482900531474,10.675999641418457,-36.72600173950195,-10.635000228881836
1482900531495,10.675999641418457,-36.72600173950195,-10.635000228881836
1482900531514,10.675999641418457,-36.72600173950195,-10.635000228881836
1482900531540,10.675999641418457,-36.72600173950195,-10.635000228881836
1482900531555,10.675999641418457,-36.72600173950195,-10.635000228881836
1482900531574,10.675999641418457,-36.72600173950195,-10.635000228881836
1482900531595,10.675999641418457,-36.72600173950195,-10.635000228881836
1482900531615,10.675999641418457,-36.72600173950195,-10.635000228881836
1482900531634,10.675999641418457,-36.72600173950195,-10.635000228881836
1482900531654,10.675999641418457,-36.72600173950195,-10.635000228881836
1482900531675,10.675999641418457,-36.72600173950195,-10.635000228881836
1482900531696,10.675999641418457,-36.42100143432617,-10.635000228881836
1482900531722,10.675999641418457,-36.42100143432617,-10.635000228881836
1482900531735,10.675999641418457,-36.42100143432617,-10.635000228881836
1482900531755,10.675999641418457,-36.42100143432617,-10.635000228881836
1482900531775,10.675999641418457,-36.42100143432617,-10.635000228881836
1482900531795,10.675999641418457,-36.42100143432617,-10.635000228881836
1482900531815,10.675999641418457,-36.42100143432617,-10.635000228881836
1482900531836,10.675999641418457,-36.42100143432617,-10.939000129699707
1482900531854,10.675999641418457,-36.42100143432617,-10.939000129699707
1482900531875,10.675999641418457,-36.42100143432617,-10.939000129699707
1482900531901,10.675999641418457,-36.42100143432617,-10.939000129699707
1482900531913,10.675999641418457,-36.42100143432617,-10.939000129699707
1482900531935,10.675999641418457,-36.42100143432617,-10.939000129699707
1482900531955,10.675999641418457,-36.42100143432617,-10.939000129699707
1482900531975,10.675999641418457,-36.42100143432617,-10.939000129699707
1482900531995,10.675999641418457,-36.42100143432617,-10.939000129699707
1482900532015,10.675999641418457,-36.42100143432617,-10.939000129699707
1482900532035,10.675999641418457,-36.42100143432617,-10.939000129699707
1482900532055,10.675999641418457,-36.42100143432617,-10.939000129699707
1482900532081,10.675999641418457,-36.42100143432617,-10.939000129699707
1482900532095,10.675999641418457,-36.42100143432617,-10.939000129699707
1482900532115,10.675999641418457,-36.42100143432617,-10.939000129699707
1482900532135,10.675999641418457,-36.42100143432617,-10.939000129699707
1482900532155,10.675999641418457,-36.42100143432617,-10.939000129699707
1482900532175,10.675999641418457,-36.42100143432617,-10.939000129699707
1482900532193,10.675999641418457,-36.42100143432617,-10.939000129699707
1482900532213,10.675999641418457,-36.42100143432617,-10.939000129699707
1482900532234,10.675999641418457,-36.42100143432617,-10.939000129699707
1482900532261,10.675999641418457,-36.42100143432617,-10.939000129699707
1482900532275,10.675999641418457,-36.42100143432617,-10.939000129699707
1482900532295,10.675999641418457,-36.42100143432617,-10.939000129699707
1482900532315,10.675999641418457,-36.42100143432617,-10.939000129699707
1482900532335,10.675999641418457,-36.42100143432617,-10.939000129699707
1482900532355,10.675999641418457,-36.42100143432617,-10.939000129699707
1482900532375,10.675999641418457,-36.42100143432617,-10.939000129699707
1482900532395,10.675999641418457,-36.42100143432617,-10.939000129699707
1482900532415,10.675999641418457,-36.42100143432617,-10.939000129699707
1482900532441,10.675999641418457,-36.42100143432617,-10.939000129699707
1482900532455,10.675999641418457,-36.42100143432617,-10.939000129699707
1482900532476,10.675999641418457,-36.42100143432617,-10.939000129699707
1482900532495,10.989999771118164,-36.42100143432617,-10.939000129699707
1482900532515,10.989999771118164,-36.42100143432617,-10.939000129699707
1482900532535,10.989999771118164,-36.42100143432617,-10.939000129699707
1482900532556,10.989999771118164,-36.42100143432617,-10.939000129699707
1482900532575,10.989999771118164,-36.42100143432617,-10.939000129699707
1482900532595,10.989999771118164,-36.42100143432617,-10.939000129699707
1482900532621,10.989999771118164,-36.42100143432617,-10.939000129699707
1482900532635,10.989999771118164,-36.42100143432617,-10.939000129699707
1482900532655,10.989999771118164,-36.42100143432617,-10.939000129699707
1482900532676,10.989999771118164,-36.10200119018555,-10.939000129699707
1482900532696,10.989999771118164,-36.10200119018555,-10.939000129699707
1482900532715,10.989999771118164,-36.10200119018555,-10.939000129699707
1482900532736,10.989999771118164,-36.10200119018555,-10.939000129699707
1482900532756,10.989999771118164,-36.10200119018555,-10.939000129699707
1482900532776,10.989999771118164,-36.10200119018555,-10.939000129699707
1482900532802,10.989999771118164,-36.10200119018555,-10.939000129699707
1482900532816,10.989999771118164,-36.10200119018555,-10.939000129699707
1482900532836,10.989999771118164,-36.10200119018555,-10.939000129699707
1482900532856,10.989999771118164,-36.10200119018555,-10.939000129699707
1482900532876,10.989999771118164,-36.10200119018555,-10.939000129699707
1482900532896,10.989999771118164,-36.10200119018555,-10.939000129699707
1482900532918,10.989999771118164,-36.10200119018555,-10.939000129699707
1482900532935,10.989999771118164,-36.10200119018555,-10.939000129699707
1482900532956,10.989999771118164,-36.10200119018555,-10.939000129699707
1482900532982,10.989999771118164,-36.10200119018555,-10.939000129699707
1482900532996,10.989999771118164,-36.10200119018555,-10.939000129699707
1482900533015,10.989999771118164,-36.10200119018555,-10.939000129699707
1482900533034,10.989999771118164,-36.10200119018555,-10.939000129699707
1482900533055,10.989999771118164,-36.10200119018555,-10.939000129699707
1482900533075,10.989999771118164,-36.10200119018555,-10.939000129699707
1482900533096,10.989999771118164,-36.10200119018555,-10.939000129699707
1482900533116,10.989999771118164,-36.10200119018555,-10.939000129699707
1482900533136,10.989999771118164,-36.10200119018555,-10.939000129699707
1482900533162,10.989999771118164,-36.10200119018555,-10.939000129699707
1482900533176,10.989999771118164,-36.10200119018555,-10.939000129699707
1482900533196,10.989999771118164,-36.10200119018555,-10.939000129699707
1482900533216,10.989999771118164,-36.10200119018555,-10.939000129699707
1482900533236,10.989999771118164,-36.10200119018555,-10.939000129699707
1482900533256,10.989999771118164,-36.10200119018555,-10.939000129699707
1482900533276,10.989999771118164,-36.10200119018555,-10.939000129699707
1482900533296,10.989999771118164,-36.10200119018555,-10.939000129699707
1482900533317,10.989999771118164,-36.10200119018555,-10.939000129699707
1482900533342,10.989999771118164,-36.10200119018555,-10.939000129699707
1482900533356,10.989999771118164,-36.10200119018555,-10.939000129699707
1482900533376,10.989999771118164,-36.10200119018555,-10.939000129699707
1482900533397,10.989999771118164,-36.10200119018555,-10.939000129699707
1482900533416,10.989999771118164,-36.10200119018555,-10.939000129699707
1482900533436,10.989999771118164,-36.10200119018555,-10.939000129699707
1482900533457,10.989999771118164,-36.10200119018555,-10.939000129699707
1482900533476,10.989999771118164,-36.10200119018555,-10.939000129699707
1482900533496,10.989999771118164,-36.10200119018555,-10.939000129699707
1482900533522,10.989999771118164,-36.10200119018555,-10.939000129699707
1482900533537,10.989999771118164,-36.10200119018555,-10.939000129699707
1482900533555,10.989999771118164,-36.10200119018555,-10.939000129699707
1482900533577,10.989999771118164,-36.10200119018555,-10.939000129699707
1482900533597,10.989999771118164,-36.10200119018555,-10.939000129699707
1482900533616,10.989999771118164,-36.10200119018555,-10.939000129699707
1482900533636,10.989999771118164,-36.10200119018555,-10.939000129699707
1482900533657,10.989999771118164,-36.10200119018555,-10.939000129699707
1482900533676,10.989999771118164,-36.10200119018555,-10.939000129699707
1482900533705,10.989999771118164,-36.10200119018555,-10.939000129699707
1482900533717,10.989999771118164,-36.10200119018555,-10.939000129699707
1482900533736,10.989999771118164,-36.10200119018555,-10.939000129699707
1482900533757,10.989999771118164,-36.10200119018555,-10.939000129699707
1482900533776,10.989999771118164,-36.10200119018555,-10.939000129699707
1482900533796,10.989999771118164,-36.10200119018555,-10.939000129699707
1482900533816,10.989999771118164,-36.10200119018555,-10.939000129699707
1482900533837,10.989999771118164,-36.10200119018555,-10.939000129699707
1482900533857,10.989999771118164,-36.10200119018555,-10.939000129699707
1482900533883,10.989999771118164,-36.10200119018555,-10.939000129699707
1482900533897,10.989999771118164,-36.10200119018555,-10.939000129699707
1482900533917,10.989999771118164,-36.10200119018555,-10.939000129699707
1482900533990,10.989999771118164,-36.10200119018555,-10.939000129699707
1482900533990,10.989999771118164,-36.10200119018555,-10.939000129699707
1482900533990,10.989999771118164,-36.10200119018555,-10.939000129699707
1482900533994,10.989999771118164,-36.10200119018555,-10.939000129699707
1482900534013,10.989999771118164,-36.10200119018555,-10.939000129699707
1482900534033,10.989999771118164,-36.10200119018555,-10.939000129699707
1482900534057,10.989999771118164,-36.10200119018555,-10.939000129699707
1482900534073,10.989999771118164,-36.10200119018555,-10.939000129699707
1482900534094,10.989999771118164,-36.10200119018555,-10.939000129699707
1482900534117,10.989999771118164,-36.10200119018555,-10.939000129699707
1482900534137,10.989999771118164,-36.10200119018555,-10.939000129699707
1482900534157,10.989999771118164,-36.10200119018555,-10.939000129699707
1482900534177,10.989999771118164,-36.10200119018555,-10.939000129699707
1482900534197,10.989999771118164,-36.10200119018555,-10.939000129699707
1482900534217,10.989999771118164,-36.10200119018555,-10.939000129699707
1482900534243,10.989999771118164,-36.10200119018555,-10.939000129699707
1482900534255,10.989999771118164,-36.10200119018555,-10.939000129699707
1482900534276,10.67300033569336,-36.10200119018555,-10.939000129699707
1482900534297,10.67300033569336,-36.10200119018555,-10.939000129699707
1482900534317,10.67300033569336,-36.10200119018555,-10.939000129699707
1482900534337,10.67300033569336,-36.10200119018555,-10.939000129699707
1482900534356,10.67300033569336,-36.10200119018555,-10.939000129699707
1482900534377,10.67300033569336,-36.10200119018555,-10.939000129699707
1482900534397,10.67300033569336,-36.10200119018555,-10.939000129699707
1482900534421,10.67300033569336,-36.10200119018555,-10.939000129699707
1482900534437,10.67300033569336,-36.10200119018555,-10.939000129699707
1482900534457,10.67300033569336,-36.10200119018555,-10.939000129699707
1482900534477,10.67300033569336,-36.10200119018555,-10.939000129699707
1482900534497,10.67300033569336,-36.10200119018555,-10.939000129699707
1482900534517,10.67300033569336,-36.10200119018555,-10.939000129699707
1482900534537,10.67300033569336,-36.10200119018555,-10.939000129699707
1482900534557,10.67300033569336,-36.10200119018555,-10.939000129699707
1482900534577,10.67300033569336,-36.10200119018555,-10.939000129699707
1482900534603,10.67300033569336,-36.10200119018555,-10.939000129699707
1482900534617,10.67300033569336,-36.10200119018555,-10.939000129699707
1482900534638,10.67300033569336,-36.10200119018555,-10.939000129699707
1482900534656,10.67300033569336,-36.10200119018555,-10.939000129699707
1482900534678,10.67300033569336,-36.10200119018555,-10.939000129699707
1482900534697,10.67300033569336,-36.10200119018555,-10.939000129699707
1482900534715,10.67300033569336,-36.10200119018555,-10.939000129699707
1482900534738,10.67300033569336,-36.10200119018555,-10.939000129699707
1482900534757,10.67300033569336,-36.10200119018555,-10.939000129699707
1482900534783,10.67300033569336,-36.10200119018555,-10.939000129699707
1482900534797,10.67300033569336,-36.10200119018555,-10.939000129699707
1482900534817,10.67300033569336,-36.10200119018555,-10.939000129699707
1482900534837,10.67300033569336,-36.10200119018555,-10.939000129699707
1482900534857,10.67300033569336,-36.10200119018555,-10.939000129699707
1482900534878,10.67300033569336,-36.10200119018555,-10.939000129699707
1482900534898,10.67300033569336,-36.10200119018555,-10.939000129699707
1482900534918,10.67300033569336,-36.10200119018555,-10.939000129699707
1482900534938,10.67300033569336,-36.10200119018555,-10.939000129699707
1482900534964,10.67300033569336,-36.10200119018555,-10.939000129699707
1482900534977,10.67300033569336,-36.10200119018555,-10.939000129699707
1482900535009,10.67300033569336,-36.10200119018555,-10.939000129699707
1482900535016,10.67300033569336,-36.10200119018555,-10.939000129699707
1482900535035,10.67300033569336,-36.10200119018555,-10.939000129699707
1482900535055,10.67300033569336,-36.10200119018555,-10.939000129699707
1482900535075,10.67300033569336,-36.10200119018555,-10.939000129699707
1482900535095,10.67300033569336,-36.10200119018555,-10.939000129699707
1482900535115,10.67300033569336,-36.10200119018555,-10.939000129699707
1482900535142,10.67300033569336,-36.10200119018555,-10.939000129699707
1482900535156,10.67300033569336,-36.10200119018555,-10.939000129699707
1482900535178,10.67300033569336,-36.10200119018555,-10.939000129699707
1482900535198,10.67300033569336,-36.10200119018555,-10.939000129699707
1482900535218,10.67300033569336,-36.10200119018555,-10.939000129699707
1482900535241,10.67300033569336,-36.10200119018555,-10.939000129699707
1482900535256,10.67300033569336,-36.10200119018555,-10.939000129699707
1482900535276,10.67300033569336,-36.10200119018555,-10.939000129699707
1482900535296,10.67300033569336,-36.10200119018555,-10.939000129699707
1482900535321,10.67300033569336,-36.10200119018555,-10.939000129699707
1482900535338,10.67300033569336,-36.10200119018555,-10.939000129699707
1482900535358,10.67300033569336,-36.10200119018555,-10.939000129699707
1482900535378,10.67300033569336,-36.10200119018555,-10.939000129699707
1482900535398,10.67300033569336,-36.10200119018555,-10.939000129699707
1482900535418,10.67300033569336,-36.10200119018555,-10.939000129699707
1482900535438,10.67300033569336,-36.10200119018555,-10.939000129699707
1482900535457,10.67300033569336,-36.10200119018555,-10.939000129699707
1482900535478,10.67300033569336,-36.10200119018555,-10.939000129699707
1482900535501,10.67300033569336,-36.10200119018555,-10.939000129699707
1482900535517,10.67300033569336,-36.10200119018555,-10.939000129699707
1482900535538,10.67300033569336,-36.10200119018555,-10.939000129699707
1482900535559,10.67300033569336,-36.10200119018555,-10.939000129699707
1482900535578,10.67300033569336,-36.10200119018555,-10.939000129699707
1482900535598,10.67300033569336,-36.10200119018555,-10.939000129699707
1482900535618,10.67300033569336,-36.10200119018555,-10.939000129699707
1482900535638,10.67300033569336,-36.10200119018555,-10.939000129699707
1482900535658,10.67300033569336,-36.10200119018555,-10.939000129699707
1482900535683,10.67300033569336,-36.10200119018555,-10.939000129699707
1482900535698,10.67300033569336,-36.10200119018555,-10.939000129699707
1482900535718,10.67300033569336,-36.10200119018555,-10.939000129699707
1482900535738,10.67300033569336,-36.10200119018555,-10.939000129699707
1482900535758,10.67300033569336,-36.10200119018555,-10.939000129699707
1482900535779,10.67300033569336,-36.10200119018555,-10.939000129699707
1482900535799,10.67300033569336,-36.10200119018555,-10.939000129699707
1482900535818,10.67300033569336,-36.10200119018555,-10.939000129699707
1482900535837,10.67300033569336,-36.10200119018555,-10.939000129699707
1482900535863,10.67300033569336,-36.10200119018555,-10.939000129699707
1482900535878,10.67300033569336,-36.10200119018555,-10.939000129699707
1482900535898,10.67300033569336,-36.10200119018555,-10.939000129699707
1482900535919,10.67300033569336,-36.10200119018555,-10.939000129699707
1482900535938,10.67300033569336,-36.10200119018555,-10.939000129699707
1482900535959,10.67300033569336,-36.10200119018555,-10.939000129699707
1482900535979,10.67300033569336,-36.10200119018555,-10.939000129699707
1482900535999,10.67300033569336,-36.10200119018555,-10.939000129699707
1482900536016,10.67300033569336,-36.10200119018555,-10.939000129699707
1482900536043,10.67300033569336,-36.10200119018555,-10.939000129699707
1482900536059,10.67300033569336,-36.10200119018555,-10.939000129699707
1482900536079,10.67300033569336,-36.10200119018555,-10.939000129699707
1482900536099,10.67300033569336,-36.10200119018555,-10.939000129699707
1482900536119,10.67300033569336,-36.10200119018555,-10.939000129699707
1482900536139,10.67300033569336,-36.10200119018555,-10.939000129699707
1482900536159,10.67300033569336,-36.10200119018555,-10.939000129699707
1482900536179,10.67300033569336,-36.10200119018555,-10.939000129699707
1482900536199,10.67300033569336,-36.10200119018555,-10.939000129699707
1482900536226,11.0,-36.10200119018555,-10.939000129699707
1482900536263,11.0,-36.10200119018555,-10.939000129699707
1482900536263,11.0,-36.10200119018555,-10.939000129699707
1482900536277,11.0,-36.10200119018555,-10.939000129699707
1482900536296,11.0,-36.10200119018555,-10.939000129699707
1482900536317,11.0,-36.10200119018555,-10.939000129699707
1482900536337,11.0,-36.10200119018555,-10.939000129699707
1482900536357,11.0,-36.10200119018555,-10.939000129699707
1482900536379,11.0,-36.10200119018555,-10.939000129699707
1482900536405,11.0,-36.10200119018555,-10.939000129699707
1482900536417,11.0,-36.10200119018555,-10.939000129699707
1482900536439,11.0,-36.10200119018555,-10.939000129699707
1482900536457,11.0,-36.10200119018555,-10.939000129699707
1482900536479,11.0,-36.10200119018555,-10.939000129699707
1482900536497,11.0,-36.10200119018555,-10.939000129699707
1482900536517,11.0,-36.10200119018555,-10.939000129699707
1482900536539,11.0,-36.10200119018555,-10.939000129699707
1482900536559,11.0,-36.10200119018555,-10.939000129699707
1482900536584,11.0,-36.10200119018555,-10.939000129699707
1482900536599,11.0,-36.10200119018555,-10.939000129699707
1482900536619,11.0,-36.10200119018555,-10.939000129699707
1482900536637,11.0,-36.10200119018555,-10.939000129699707
1482900536659,11.0,-36.10200119018555,-10.939000129699707
1482900536679,11.0,-36.10200119018555,-10.939000129699707
1482900536700,11.0,-36.10200119018555,-10.939000129699707
1482900536718,11.0,-36.10200119018555,-10.939000129699707
1482900536737,11.0,-36.10200119018555,-10.939000129699707
1482900536764,11.0,-36.10200119018555,-10.939000129699707
1482900536777,11.0,-36.10200119018555,-10.939000129699707
1482900536797,11.0,-36.10200119018555,-10.939000129699707
1482900536819,11.0,-36.10200119018555,-10.939000129699707
1482900536837,11.0,-36.10200119018555,-10.939000129699707
1482900536857,11.0,-36.10200119018555,-10.939000129699707
1482900536880,11.0,-36.10200119018555,-10.939000129699707
1482900536899,11.0,-36.10200119018555,-10.939000129699707
1482900536919,11.0,-36.10200119018555,-10.939000129699707
1482900536946,11.0,-36.10200119018555,-10.939000129699707
1482900536957,11.0,-36.10200119018555,-10.939000129699707
1482900536977,11.0,-36.10200119018555,-10.939000129699707
1482900537000,11.0,-36.10200119018555,-10.939000129699707
1482900537017,11.0,-36.10200119018555,-10.939000129699707
1482900537037,11.0,-36.10200119018555,-10.939000129699707
1482900537057,11.0,-36.10200119018555,-10.939000129699707
1482900537077,11.0,-36.10200119018555,-10.939000129699707
1482900537097,11.0,-36.10200119018555,-10.939000129699707
1482900537127,11.0,-36.10200119018555,-10.939000129699707
1482900537137,11.0,-36.10200119018555,-10.939000129699707
1482900537158,11.0,-36.10200119018555,-10.939000129699707
1482900537177,11.0,-36.10200119018555,-10.939000129699707
1482900537198,11.0,-36.10200119018555,-10.939000129699707
1482900537220,11.0,-36.10200119018555,-10.939000129699707
1482900537238,11.0,-36.10200119018555,-10.939000129699707
1482900537257,11.0,-36.10200119018555,-10.939000129699707
1482900537278,11.0,-36.10200119018555,-10.939000129699707
1482900537305,11.0,-36.10200119018555,-10.939000129699707
1482900537319,11.0,-36.10200119018555,-10.939000129699707
1482900537339,11.0,-36.10200119018555,-10.939000129699707
1482900537360,11.0,-36.10200119018555,-10.939000129699707
1482900537380,11.0,-36.10200119018555,-10.939000129699707
1482900537400,11.0,-36.10200119018555,-10.939000129699707
1482900537420,11.0,-36.10200119018555,-10.939000129699707
1482900537440,11.0,-36.10200119018555,-10.939000129699707
1482900537458,11.0,-36.10200119018555,-10.939000129699707
1482900537487,11.0,-36.10200119018555,-10.939000129699707
1482900537498,11.0,-36.10200119018555,-10.939000129699707
1482900537520,11.0,-36.10200119018555,-10.939000129699707
1482900537540,11.0,-36.10200119018555,-10.939000129699707
1482900537560,11.0,-36.10200119018555,-10.939000129699707
1482900537580,11.0,-36.10200119018555,-10.939000129699707
1482900537600,11.0,-36.10200119018555,-10.939000129699707
1482900537620,11.0,-36.10200119018555,-10.939000129699707
1482900537638,11.0,-36.10200119018555,-10.939000129699707
1482900537666,11.0,-36.10200119018555,-10.939000129699707
1482900537680,11.0,-36.10200119018555,-10.939000129699707
1482900537700,11.0,-36.10200119018555,-10.939000129699707
1482900537720,11.0,-36.10200119018555,-10.939000129699707
1482900537738,11.0,-36.10200119018555,-10.939000129699707
1482900537758,11.0,-36.10200119018555,-10.939000129699707
1482900537781,11.0,-36.10200119018555,-10.939000129699707
1482900537800,11.0,-36.10200119018555,-10.939000129699707
1482900537820,11.0,-36.10200119018555,-10.939000129699707
1482900537845,11.0,-36.10200119018555,-10.939000129699707
1482900537858,11.0,-36.10200119018555,-10.62399959564209
1482900537880,11.0,-36.10200119018555,-10.62399959564209
1482900537901,11.0,-36.10200119018555,-10.62399959564209
1482900537920,11.0,-36.10200119018555,-10.62399959564209
1482900537940,11.0,-36.10200119018555,-10.62399959564209
1482900537961,11.0,-36.10200119018555,-10.62399959564209
1482900537980,11.0,-36.10200119018555,-10.62399959564209
1482900538000,11.0,-36.10200119018555,-10.62399959564209
1482900538025,11.0,-36.10200119018555,-10.62399959564209
1482900538038,11.0,-36.10200119018555,-10.62399959564209
1482900538060,11.0,-36.10200119018555,-10.62399959564209
1482900538079,11.0,-36.10200119018555,-10.62399959564209
1482900538100,11.0,-36.10200119018555,-10.62399959564209
1482900538120,11.0,-36.10200119018555,-10.62399959564209
1482900538141,11.0,-36.10200119018555,-10.62399959564209
1482900538160,11.0,-36.10200119018555,-10.62399959564209
1482900538180,11.0,-36.10200119018555,-10.62399959564209
1482900538206,11.0,-36.10200119018555,-10.62399959564209
1482900538220,11.0,-36.10200119018555,-10.62399959564209
1482900538240,11.0,-36.10200119018555,-10.62399959564209
1482900538261,11.0,-36.10200119018555,-10.62399959564209
1482900538284,11.0,-36.10200119018555,-10.62399959564209
1482900538298,11.0,-36.10200119018555,-10.62399959564209
1482900538321,11.0,-36.10200119018555,-10.62399959564209
1482900538340,10.690999984741211,-36.10200119018555,-10.925999641418457
1482900538360,10.690999984741211,-36.10200119018555,-10.925999641418457
1482900538386,10.690999984741211,-36.10200119018555,-10.925999641418457
1482900538400,10.690999984741211,-36.10200119018555,-10.925999641418457
1482900538420,10.690999984741211,-36.10200119018555,-10.925999641418457
1482900538441,10.690999984741211,-36.10200119018555,-10.925999641418457
1482900538460,10.690999984741211,-36.10200119018555,-10.925999641418457
1482900538481,10.690999984741211,-36.10200119018555,-10.925999641418457
1482900538501,10.690999984741211,-36.10200119018555,-10.925999641418457
1482900538521,10.690999984741211,-36.10200119018555,-10.925999641418457
1482900538541,10.690999984741211,-36.10200119018555,-10.925999641418457
1482900538565,10.690999984741211,-36.10200119018555,-10.925999641418457
1482900538581,10.690999984741211,-36.10200119018555,-10.925999641418457
1482900538601,10.690999984741211,-36.10200119018555,-10.925999641418457
1482900538622,10.690999984741211,-36.10200119018555,-10.925999641418457
1482900538640,10.690999984741211,-36.10200119018555,-10.925999641418457
1482900538661,10.690999984741211,-36.10200119018555,-10.925999641418457
1482900538681,10.690999984741211,-36.10200119018555,-10.925999641418457
1482900538701,10.690999984741211,-36.10200119018555,-10.925999641418457
1482900538721,10.690999984741211,-36.10200119018555,-10.925999641418457
1482900538746,10.690999984741211,-36.10200119018555,-10.925999641418457
1482900538761,10.690999984741211,-36.10200119018555,-10.925999641418457
1482900538781,10.690999984741211,-36.10200119018555,-10.925999641418457
1482900538801,10.690999984741211,-36.10200119018555,-10.925999641418457
1482900538821,10.690999984741211,-36.10200119018555,-10.925999641418457
1482900538839,10.690999984741211,-36.10200119018555,-10.925999641418457
1482900538859,10.690999984741211,-36.10200119018555,-10.925999641418457
1482900538881,10.690999984741211,-36.10200119018555,-10.925999641418457
1482900538901,10.690999984741211,-36.10200119018555,-10.925999641418457
1482900538926,10.690999984741211,-36.10200119018555,-10.925999641418457
1482900538941,10.690999984741211,-36.10200119018555,-10.925999641418457
1482900538960,10.690999984741211,-36.10200119018555,-10.925999641418457
1482900538995,10.690999984741211,-36.10200119018555,-10.925999641418457
1482900539004,10.690999984741211,-36.10200119018555,-10.925999641418457
1482900539019,10.690999984741211,-36.10200119018555,-10.925999641418457
1482900539042,10.690999984741211,-36.10200119018555,-10.925999641418457
1482900539058,10.690999984741211,-36.10200119018555,-10.925999641418457
1482900539078,10.690999984741211,-36.10200119018555,-10.925999641418457
1482900539102,10.690999984741211,-36.10200119018555,-10.925999641418457
1482900539118,10.690999984741211,-36.10200119018555,-10.925999641418457
1482900539138,10.690999984741211,-36.10200119018555,-10.925999641418457
1482900539159,10.690999984741211,-36.10200119018555,-10.925999641418457
1482900539180,10.690999984741211,-36.10200119018555,-10.925999641418457
1482900539201,10.690999984741211,-36.10200119018555,-10.925999641418457
1482900539222,10.690999984741211,-36.10200119018555,-10.925999641418457
1482900539242,10.690999984741211,-36.10200119018555,-10.925999641418457
1482900539261,10.690999984741211,-36.10200119018555,-10.925999641418457
1482900539286,10.690999984741211,-36.10200119018555,-10.925999641418457
1482900539301,10.690999984741211,-36.10200119018555,-10.925999641418457
1482900539321,10.690999984741211,-36.10200119018555,-10.925999641418457
1482900539342,10.690999984741211,-36.10200119018555,-10.925999641418457
1482900539361,10.690999984741211,-36.10200119018555,-10.925999641418457
1482900539380,10.690999984741211,-36.10200119018555,-10.925999641418457
1482900539399,10.690999984741211,-36.10200119018555,-10.925999641418457
1482900539421,10.690999984741211,-36.10200119018555,-10.925999641418457
1482900539442,10.690999984741211,-36.10200119018555,-10.925999641418457
1482900539468,10.690999984741211,-36.10200119018555,-10.925999641418457
1482900539488,10.690999984741211,-36.10200119018555,-10.925999641418457
1482900539502,10.690999984741211,-36.10200119018555,-10.925999641418457
1482900539522,10.690999984741211,-36.10200119018555,-10.925999641418457
1482900539542,10.690999984741211,-36.10200119018555,-10.925999641418457
1482900539560,10.690999984741211,-36.10200119018555,-10.925999641418457
1482900539580,10.690999984741211,-36.10200119018555,-10.925999641418457
1482900539601,10.690999984741211,-36.10200119018555,-10.925999641418457
1482900539621,10.690999984741211,-36.10200119018555,-10.925999641418457
1482900539646,10.690999984741211,-36.10200119018555,-10.925999641418457
1482900539662,10.690999984741211,-36.10200119018555,-10.925999641418457
1482900539682,10.690999984741211,-36.10200119018555,-10.925999641418457
1482900539702,10.690999984741211,-36.10200119018555,-10.925999641418457
1482900539722,10.690999984741211,-36.10200119018555,-10.925999641418457
1482900539739,10.690999984741211,-36.10200119018555,-10.925999641418457
1482900539762,10.690999984741211,-36.10200119018555,-10.925999641418457
1482900539782,10.690999984741211,-36.10200119018555,-10.925999641418457
1482900539802,10.690999984741211,-36.10200119018555,-10.925999641418457
1482900539828,10.690999984741211,-36.10200119018555,-10.925999641418457
1482900539839,10.690999984741211,-36.10200119018555,-10.925999641418457
1482900539862,10.690999984741211,-36.10200119018555,-10.925999641418457
1482900539883,10.690999984741211,-36.10200119018555,-10.925999641418457
1482900539902,10.690999984741211,-36.10200119018555,-10.925999641418457
1482900539922,10.690999984741211,-36.10200119018555,-10.925999641418457
1482900539942,10.690999984741211,-36.10200119018555,-10.925999641418457
1482900539962,10.690999984741211,-36.10200119018555,-10.925999641418457
1482900539980,10.690999984741211,-36.10200119018555,-10.925999641418457
1482900540009,10.690999984741211,-36.10200119018555,-10.925999641418457
1482900540037,10.690999984741211,-36.10200119018555,-10.925999641418457
1482900540040,10.690999984741211,-36.10200119018555,-10.925999641418457
1482900540062,10.690999984741211,-36.10200119018555,-10.925999641418457
1482900540081,10.690999984741211,-36.10200119018555,-10.925999641418457
1482900540099,10.690999984741211,-36.10200119018555,-10.925999641418457
1482900540119,10.690999984741211,-36.10200119018555,-10.925999641418457
1482900540139,10.690999984741211,-36.10200119018555,-10.925999641418457
1482900540163,10.690999984741211,-36.10200119018555,-10.925999641418457
1482900540192,10.690999984741211,-36.10200119018555,-10.925999641418457
1482900540202,10.690999984741211,-36.10200119018555,-10.925999641418457
1482900540222,10.690999984741211,-36.10200119018555,-10.925999641418457
1482900540243,10.690999984741211,-36.10200119018555,-10.925999641418457
1482900540262,10.690999984741211,-36.10200119018555,-10.925999641418457
1482900540282,10.690999984741211,-36.10200119018555,-10.925999641418457
1482900540303,10.690999984741211,-36.10200119018555,-10.925999641418457
1482900540322,10.690999984741211,-36.10200119018555,-10.925999641418457
1482900540342,10.690999984741211,-36.10200119018555,-10.925999641418457
1482900540368,10.690999984741211,-36.10200119018555,-10.925999641418457
1482900540382,10.690999984741211,-36.10200119018555,-10.925999641418457
1482900540402,10.690999984741211,-36.10200119018555,-10.925999641418457
1482900540423,10.690999984741211,-36.10200119018555,-10.925999641418457
1482900540442,10.690999984741211,-36.10200119018555,-10.925999641418457
1482900540460,10.690999984741211,-36.10200119018555,-10.925999641418457
1482900540482,10.690999984741211,-36.10200119018555,-10.925999641418457
1482900540501,10.690999984741211,-36.10200119018555,-10.925999641418457
1482900540523,10.690999984741211,-36.10200119018555,-10.925999641418457
1482900540546,10.690999984741211,-36.10200119018555,-10.925999641418457
1482900540563,10.690999984741211,-36.10200119018555,-10.925999641418457
1482900540583,10.690999984741211,-36.10200119018555,-10.925999641418457
1482900540603,10.690999984741211,-36.10200119018555,-10.925999641418457
1482900540623,10.690999984741211,-36.10200119018555,-10.925999641418457
1482900540643,10.690999984741211,-36.10200119018555,-10.925999641418457
1482900540663,10.690999984741211,-36.10200119018555,-10.925999641418457
1482900540683,10.690999984741211,-36.10200119018555,-10.925999641418457
1482900540702,10.690999984741211,-36.10200119018555,-10.925999641418457
1482900540727,10.690999984741211,-36.10200119018555,-10.925999641418457
1482900540745,10.690999984741211,-36.10200119018555,-10.925999641418457
1482900540763,10.690999984741211,-36.10200119018555,-10.925999641418457
1482900540783,10.690999984741211,-36.10200119018555,-10.925999641418457
1482900540803,10.690999984741211,-36.10200119018555,-10.925999641418457
1482900540823,10.690999984741211,-36.10200119018555,-10.925999641418457
1482900540843,10.690999984741211,-36.10200119018555,-10.925999641418457
1482900540863,10.690999984741211,-36.10200119018555,-10.925999641418457
1482900540883,10.690999984741211,-36.10200119018555,-10.925999641418457
1482900540910,10.690999984741211,-36.10200119018555,-10.925999641418457
1482900540923,10.690999984741211,-36.10200119018555,-10.925999641418457
1482900540943,10.690999984741211,-36.10200119018555,-10.925999641418457
1482900540963,10.690999984741211,-36.10200119018555,-10.925999641418457
1482900540983,10.690999984741211,-36.10200119018555,-10.925999641418457
1482900541003,10.690999984741211,-36.10200119018555,-10.925999641418457
1482900541023,10.690999984741211,-36.10200119018555,-10.925999641418457
1482900541043,10.690999984741211,-36.10200119018555,-10.925999641418457
1482900541084,10.690999984741211,-36.10200119018555,-10.925999641418457
1482900541085,10.690999984741211,-36.10200119018555,-10.925999641418457
1482900541100,10.690999984741211,-36.10200119018555,-10.925999641418457
1482900541121,10.690999984741211,-36.10200119018555,-10.925999641418457
1482900541140,10.690999984741211,-36.10200119018555,-10.925999641418457
1482900541160,10.998000144958496,-36.10200119018555,-10.925999641418457
1482900541180,10.998000144958496,-36.10200119018555,-10.925999641418457
1482900541200,10.998000144958496,-36.10200119018555,-10.925999641418457
1482900541221,10.998000144958496,-36.10200119018555,-10.925999641418457
1482900541243,10.998000144958496,-36.10200119018555,-10.925999641418457
1482900541268,10.998000144958496,-36.10200119018555,-10.925999641418457
1482900541283,10.998000144958496,-36.10200119018555,-10.925999641418457
1482900541321,10.998000144958496,-36.10200119018555,-10.925999641418457
1482900541321,10.998000144958496,-36.10200119018555,-10.925999641418457
1482900541341,10.998000144958496,-36.10200119018555,-10.925999641418457
1482900541372,10.998000144958496,-36.10200119018555,-10.925999641418457
1482900541393,10.998000144958496,-36.10200119018555,-10.925999641418457
1482900541404,10.998000144958496,-36.10200119018555,-10.925999641418457
1482900541423,10.998000144958496,-36.10200119018555,-10.925999641418457
1482900541449,10.998000144958496,-36.10200119018555,-10.925999641418457
1482900541465,10.998000144958496,-36.10200119018555,-10.925999641418457
1482900541483,10.998000144958496,-36.10200119018555,-10.925999641418457
1482900541504,10.998000144958496,-36.10200119018555,-10.925999641418457
1482900541521,10.6899995803833,-36.10200119018555,-10.925999641418457
1482900541543,10.6899995803833,-36.10200119018555,-10.925999641418457
1482900541564,10.6899995803833,-36.10200119018555,-10.925999641418457
1482900541583,10.6899995803833,-36.10200119018555,-10.925999641418457
1482900541604,10.6899995803833,-36.10200119018555,-10.925999641418457
1482900541627,10.6899995803833,-36.10200119018555,-10.925999641418457
1482900541644,10.6899995803833,-36.10200119018555,-10.925999641418457
1482900541663,10.6899995803833,-36.10200119018555,-10.925999641418457
1482900541685,10.6899995803833,-36.10200119018555,-10.925999641418457
1482900541704,10.6899995803833,-36.10200119018555,-10.925999641418457
1482900541724,10.6899995803833,-36.10200119018555,-10.925999641418457
1482900541745,10.6899995803833,-36.10200119018555,-10.925999641418457
1482900541764,10.6899995803833,-36.10200119018555,-10.925999641418457
1482900541783,10.6899995803833,-36.10200119018555,-10.925999641418457
1482900541810,10.6899995803833,-36.10200119018555,-10.925999641418457
1482900541823,10.6899995803833,-36.10200119018555,-10.925999641418457
1482900541842,10.6899995803833,-36.10200119018555,-10.925999641418457
1482900541864,10.6899995803833,-36.10200119018555,-10.925999641418457
1482900541884,10.6899995803833,-36.10200119018555,-10.925999641418457
1482900541904,10.6899995803833,-36.10200119018555,-10.925999641418457
1482900541925,10.6899995803833,-36.10200119018555,-10.925999641418457
1482900541944,10.6899995803833,-36.10200119018555,-10.925999641418457
1482900541964,10.6899995803833,-36.10200119018555,-10.925999641418457
1482900541990,10.6899995803833,-36.10200119018555,-10.925999641418457
1482900542004,10.6899995803833,-36.10200119018555,-10.925999641418457
1482900542024,10.6899995803833,-36.10200119018555,-10.925999641418457
1482900542044,10.6899995803833,-36.10200119018555,-10.925999641418457
1482900542065,10.6899995803833,-36.10200119018555,-10.925999641418457
1482900542085,10.6899995803833,-36.10200119018555,-10.925999641418457
1482900542104,10.6899995803833,-36.10200119018555,-10.925999641418457
1482900542124,10.6899995803833,-36.10200119018555,-10.925999641418457
1482900542144,10.6899995803833,-36.10200119018555,-10.925999641418457
1482900542170,10.6899995803833,-36.10200119018555,-10.925999641418457
1482900542185,10.6899995803833,-36.10200119018555,-10.925999641418457
1482900542204,10.6899995803833,-36.10200119018555,-10.925999641418457
1482900542225,10.6899995803833,-36.10200119018555,-10.925999641418457
1482900542244,10.6899995803833,-36.10200119018555,-10.925999641418457
1482900542264,10.6899995803833,-36.10200119018555,-10.925999641418457
1482900542285,10.6899995803833,-36.10200119018555,-10.925999641418457
1482900542305,10.6899995803833,-36.10200119018555,-10.925999641418457
1482900542324,10.6899995803833,-36.10200119018555,-10.925999641418457
1482900542350,10.6899995803833,-36.10200119018555,-10.925999641418457
1482900542364,10.6899995803833,-36.10200119018555,-10.925999641418457
1482900542384,10.6899995803833,-36.10200119018555,-10.925999641418457
1482900542405,10.6899995803833,-36.10200119018555,-10.925999641418457
1482900542424,10.6899995803833,-36.10200119018555,-10.925999641418457
1482900542445,10.6899995803833,-36.10200119018555,-10.925999641418457
1482900542465,10.6899995803833,-36.10200119018555,-10.925999641418457
1482900542485,10.6899995803833,-36.10200119018555,-10.925999641418457
1482900542505,10.6899995803833,-36.10200119018555,-10.925999641418457
1482900542531,10.6899995803833,-36.10200119018555,-10.925999641418457
1482900542545,10.6899995803833,-36.10200119018555,-10.925999641418457
1482900542565,10.6899995803833,-36.10200119018555,-10.925999641418457
1482900542585,10.6899995803833,-36.10200119018555,-10.925999641418457
1482900542605,10.6899995803833,-36.10200119018555,-10.925999641418457
1482900542625,10.6899995803833,-36.10200119018555,-10.925999641418457
1482900542645,10.6899995803833,-36.10200119018555,-10.925999641418457
1482900542665,10.6899995803833,-36.10200119018555,-10.925999641418457
1482900542685,10.6899995803833,-36.10200119018555,-10.925999641418457
1482900542711,10.6899995803833,-36.10200119018555,-10.925999641418457
1482900542725,10.6899995803833,-36.10200119018555,-10.925999641418457
1482900542745,10.6899995803833,-36.10200119018555,-10.925999641418457
1482900542765,10.6899995803833,-36.10200119018555,-10.925999641418457
1482900542785,10.6899995803833,-36.10200119018555,-10.925999641418457
1482900542805,10.6899995803833,-36.10200119018555,-10.925999641418457
1482900542825,10.6899995803833,-36.10200119018555,-10.925999641418457
1482900542845,10.6899995803833,-36.10200119018555,-10.925999641418457
1482900542865,10.6899995803833,-36.10200119018555,-10.925999641418457
1482900542891,10.6899995803833,-36.10200119018555,-10.925999641418457
1482900542905,10.6899995803833,-36.10200119018555,-10.925999641418457
1482900542925,10.6899995803833,-36.10200119018555,-10.925999641418457
1482900542945,10.6899995803833,-36.10200119018555,-10.925999641418457
1482900542965,10.6899995803833,-36.10200119018555,-10.925999641418457
1482900542985,10.6899995803833,-36.10200119018555,-10.925999641418457
1482900543005,10.6899995803833,-36.10200119018555,-10.925999641418457
1482900543025,10.6899995803833,-36.10200119018555,-10.925999641418457
1482900543045,10.6899995803833,-36.10200119018555,-10.925999641418457
1482900543071,10.6899995803833,-36.10200119018555,-10.925999641418457
1482900543085,10.6899995803833,-36.10200119018555,-10.925999641418457
1482900543105,10.6899995803833,-36.10200119018555,-10.925999641418457
1482900543124,10.6899995803833,-36.10200119018555,-10.925999641418457
1482900543145,10.6899995803833,-36.10200119018555,-10.925999641418457
1482900543162,10.6899995803833,-36.10200119018555,-10.925999641418457
1482900543183,10.6899995803833,-36.10200119018555,-10.925999641418457
1482900543202,10.6899995803833,-36.10200119018555,-10.925999641418457
1482900543222,10.6899995803833,-36.10200119018555,-10.925999641418457
1482900543247,10.6899995803833,-36.10200119018555,-10.925999641418457
1482900543264,10.6899995803833,-36.10200119018555,-10.925999641418457
1482900543285,10.6899995803833,-36.10200119018555,-10.925999641418457
1482900543306,10.6899995803833,-36.10200119018555,-10.925999641418457
1482900543325,10.6899995803833,-36.10200119018555,-10.925999641418457
1482900543345,10.6899995803833,-36.10200119018555,-10.925999641418457
1482900543366,10.6899995803833,-36.10200119018555,-10.925999641418457
1482900543385,10.6899995803833,-36.10200119018555,-10.925999641418457
1482900543405,10.6899995803833,-36.10200119018555,-10.925999641418457
1482900543431,10.6899995803833,-36.10200119018555,-10.925999641418457
1482900543445,10.6899995803833,-36.10200119018555,-10.925999641418457
1482900543463,10.6899995803833,-36.10200119018555,-10.925999641418457
1482900543485,10.6899995803833,-36.10200119018555,-10.925999641418457
1482900543505,10.6899995803833,-36.10200119018555,-10.925999641418457
1482900543525,10.6899995803833,-36.10200119018555,-10.925999641418457
1482900543545,10.6899995803833,-36.10200119018555,-10.925999641418457
1482900543565,10.6899995803833,-36.10200119018555,-10.925999641418457
1482900543585,10.6899995803833,-36.10200119018555,-10.925999641418457
1482900543611,10.6899995803833,-36.10200119018555,-10.925999641418457
1482900543625,10.6899995803833,-36.10200119018555,-10.925999641418457
1482900543645,10.6899995803833,-36.10200119018555,-10.925999641418457
1482900543666,10.6899995803833,-36.10200119018555,-10.925999641418457
1482900543685,10.6899995803833,-36.10200119018555,-10.925999641418457
1482900543705,10.6899995803833,-36.10200119018555,-10.925999641418457
1482900543726,10.6899995803833,-36.10200119018555,-10.925999641418457
1482900543745,10.6899995803833,-36.10200119018555,-10.925999641418457
1482900543765,10.6899995803833,-36.10200119018555,-10.925999641418457
1482900543791,10.6899995803833,-36.10200119018555,-10.925999641418457
1482900543806,10.6899995803833,-36.10200119018555,-10.925999641418457
1482900543826,10.6899995803833,-36.10200119018555,-10.925999641418457
1482900543847,10.6899995803833,-36.10200119018555,-10.925999641418457
1482900543866,10.6899995803833,-36.10200119018555,-10.925999641418457
1482900543886,10.6899995803833,-36.10200119018555,-10.925999641418457
1482900543906,10.6899995803833,-36.10200119018555,-10.925999641418457
1482900543926,10.6899995803833,-36.10200119018555,-10.925999641418457
1482900543946,10.6899995803833,-36.10200119018555,-10.925999641418457
1482900543972,10.6899995803833,-36.10200119018555,-10.925999641418457
1482900543986,10.6899995803833,-36.10200119018555,-10.614999771118164
1482900544006,10.6899995803833,-36.10200119018555,-10.614999771118164
1482900544026,10.6899995803833,-36.10200119018555,-10.614999771118164
1482900544051,10.6899995803833,-36.10200119018555,-10.614999771118164
1482900544063,10.6899995803833,-36.10200119018555,-10.614999771118164
1482900544084,10.6899995803833,-36.10200119018555,-10.614999771118164
1482900544106,10.6899995803833,-36.10200119018555,-10.614999771118164
1482900544126,10.6899995803833,-36.10200119018555,-10.614999771118164
1482900544151,10.6899995803833,-36.10200119018555,-10.614999771118164
1482900544165,10.6899995803833,-36.10200119018555,-10.614999771118164
1482900544186,10.6899995803833,-36.10200119018555,-10.614999771118164
1482900544206,10.6899995803833,-36.10200119018555,-10.614999771118164
1482900544226,10.6899995803833,-36.10200119018555,-10.614999771118164
1482900544246,10.6899995803833,-36.10200119018555,-10.614999771118164
1482900544267,10.6899995803833,-36.10200119018555,-10.614999771118164
1482900544286,10.6899995803833,-36.10200119018555,-10.614999771118164
1482900544306,10.6899995803833,-36.10200119018555,-10.614999771118164
1482900544332,10.6899995803833,-36.10200119018555,-10.614999771118164
1482900544346,10.6899995803833,-36.10200119018555,-10.614999771118164
1482900544365,10.6899995803833,-36.10200119018555,-10.614999771118164
1482900544384,10.6899995803833,-36.10200119018555,-10.614999771118164
1482900544405,10.6899995803833,-36.10200119018555,-10.614999771118164
1482900544427,10.6899995803833,-36.10200119018555,-10.614999771118164
1482900544446,10.6899995803833,-36.10200119018555,-10.614999771118164
1482900544466,10.6899995803833,-36.10200119018555,-10.614999771118164
1482900544486,10.6899995803833,-36.10200119018555,-10.614999771118164
1482900544512,10.6899995803833,-36.10200119018555,-10.614999771118164
1482900544526,10.6899995803833,-36.10200119018555,-10.614999771118164
1482900544546,10.6899995803833,-36.10200119018555,-10.614999771118164
1482900544566,10.6899995803833,-36.10200119018555,-10.614999771118164
1482900544586,10.6899995803833,-36.10200119018555,-10.614999771118164
1482900544606,10.6899995803833,-36.10200119018555,-10.614999771118164
1482900544626,10.6899995803833,-36.10200119018555,-10.614999771118164
1482900544646,10.6899995803833,-36.10200119018555,-10.614999771118164
1482900544667,10.6899995803833,-36.10200119018555,-10.614999771118164
1482900544690,10.6899995803833,-36.10200119018555,-10.614999771118164
1482900544707,10.6899995803833,-36.10200119018555,-10.614999771118164
1482900544727,10.6899995803833,-36.10200119018555,-10.614999771118164
1482900544747,10.6899995803833,-36.10200119018555,-10.614999771118164
1482900544768,10.6899995803833,-36.10200119018555,-10.614999771118164
1482900544787,10.6899995803833,-36.10200119018555,-10.614999771118164
1482900544807,10.6899995803833,-36.10200119018555,-10.614999771118164
1482900544827,10.6899995803833,-36.10200119018555,-10.614999771118164
1482900544847,10.6899995803833,-36.10200119018555,-10.614999771118164
1482900544873,10.6899995803833,-36.10200119018555,-10.614999771118164
1482900544887,10.6899995803833,-36.10200119018555,-10.614999771118164
1482900544907,10.6899995803833,-36.10200119018555,-10.614999771118164
1482900544927,10.6899995803833,-36.10200119018555,-10.614999771118164
1482900544947,10.6899995803833,-36.10200119018555,-10.614999771118164
1482900544967,10.6899995803833,-36.10200119018555,-10.614999771118164
1482900544987,10.6899995803833,-36.10200119018555,-10.614999771118164
1482900545007,10.6899995803833,-36.10200119018555,-10.614999771118164
1482900545024,10.6899995803833,-36.10200119018555,-10.614999771118164
1482900545048,10.6899995803833,-36.10200119018555,-10.614999771118164
1482900545066,10.6899995803833,-36.10200119018555,-10.614999771118164
1482900545083,10.6899995803833,-36.10200119018555,-10.614999771118164
1482900545104,10.6899995803833,-36.10200119018555,-10.614999771118164
1482900545125,10.6899995803833,-36.10200119018555,-10.614999771118164
1482900545144,10.6899995803833,-36.10200119018555,-10.614999771118164
1482900545165,10.6899995803833,-36.10200119018555,-10.614999771118164
1482900545184,10.6899995803833,-36.10200119018555,-10.614999771118164
1482900545204,10.6899995803833,-36.10200119018555,-10.614999771118164
1482900545228,10.6899995803833,-36.10200119018555,-10.614999771118164
1482900545246,10.6899995803833,-36.10200119018555,-10.614999771118164
1482900545267,10.6899995803833,-36.10200119018555,-10.614999771118164
1482900545287,10.6899995803833,-36.10200119018555,-10.614999771118164
1482900545305,10.6899995803833,-36.10200119018555,-10.614999771118164
1482900545327,10.6899995803833,-36.10200119018555,-10.614999771118164
1482900545348,10.6899995803833,-36.10200119018555,-10.614999771118164
1482900545367,10.6899995803833,-36.10200119018555,-10.614999771118164
1482900545387,10.6899995803833,-36.10200119018555,-10.614999771118164
1482900545413,10.6899995803833,-36.10200119018555,-10.614999771118164
1482900545427,10.6899995803833,-36.10200119018555,-10.614999771118164
1482900545447,10.6899995803833,-36.10200119018555,-10.614999771118164
1482900545468,10.6899995803833,-36.10200119018555,-10.614999771118164
1482900545487,10.6899995803833,-36.10200119018555,-10.614999771118164
1482900545507,10.6899995803833,-36.10200119018555,-10.614999771118164
1482900545528,10.6899995803833,-36.10200119018555,-10.614999771118164
1482900545547,10.6899995803833,-36.10200119018555,-10.614999771118164
1482900545567,10.6899995803833,-36.10200119018555,-10.614999771118164
1482900545593,10.6899995803833,-36.10200119018555,-10.614999771118164
1482900545607,10.6899995803833,-36.10200119018555,-10.614999771118164
1482900545628,10.6899995803833,-36.10200119018555,-10.614999771118164
1482900545647,10.6899995803833,-36.10200119018555,-10.614999771118164
1482900545667,10.6899995803833,-36.10200119018555,-10.614999771118164
1482900545687,10.6899995803833,-36.10200119018555,-10.614999771118164
1482900545708,10.6899995803833,-36.10200119018555,-10.614999771118164
1482900545727,10.6899995803833,-36.10200119018555,-10.614999771118164
1482900545748,10.6899995803833,-36.10200119018555,-10.614999771118164
1482900545775,10.6899995803833,-36.402000427246094,-10.614999771118164
1482900545788,10.6899995803833,-36.402000427246094,-10.614999771118164
1482900545808,10.6899995803833,-36.402000427246094,-10.614999771118164
1482900545828,10.6899995803833,-36.402000427246094,-10.614999771118164
1482900545848,10.6899995803833,-36.402000427246094,-10.614999771118164
1482900545868,10.6899995803833,-36.402000427246094,-10.614999771118164
1482900545888,10.6899995803833,-36.402000427246094,-10.614999771118164
1482900545908,10.6899995803833,-36.402000427246094,-10.614999771118164
1482900545928,10.6899995803833,-36.402000427246094,-10.614999771118164
1482900545954,10.6899995803833,-36.402000427246094,-10.614999771118164
1482900545967,10.6899995803833,-36.402000427246094,-10.614999771118164
1482900545988,10.6899995803833,-36.402000427246094,-10.614999771118164
1482900546008,10.6899995803833,-36.402000427246094,-10.614999771118164
1482900546025,10.6899995803833,-36.402000427246094,-10.614999771118164
1482900546045,10.6899995803833,-36.402000427246094,-10.614999771118164
1482900546067,10.6899995803833,-36.402000427246094,-10.614999771118164
1482900546087,10.6899995803833,-36.402000427246094,-10.614999771118164
1482900546125,10.6899995803833,-36.402000427246094,-10.614999771118164
1482900546129,10.6899995803833,-36.402000427246094,-10.614999771118164
1482900546146,10.6899995803833,-36.402000427246094,-10.614999771118164
1482900546165,10.6899995803833,-36.402000427246094,-10.614999771118164
1482900546185,10.6899995803833,-36.402000427246094,-10.614999771118164
1482900546205,10.6899995803833,-36.402000427246094,-10.614999771118164
1482900546225,10.6899995803833,-36.402000427246094,-10.614999771118164
1482900546269,10.6899995803833,-36.402000427246094,-10.614999771118164
1482900546269,10.6899995803833,-36.402000427246094,-10.614999771118164
1482900546287,10.6899995803833,-36.402000427246094,-10.614999771118164
1482900546311,10.6899995803833,-36.402000427246094,-10.614999771118164
1482900546328,10.6899995803833,-36.402000427246094,-10.614999771118164
1482900546348,10.6899995803833,-36.402000427246094,-10.614999771118164
1482900546368,10.6899995803833,-36.402000427246094,-10.614999771118164
1482900546388,10.6899995803833,-36.402000427246094,-10.614999771118164
1482900546408,10.6899995803833,-36.402000427246094,-10.614999771118164
1482900546429,10.6899995803833,-36.402000427246094,-10.614999771118164
1482900546448,10.6899995803833,-36.402000427246094,-10.614999771118164
1482900546468,10.6899995803833,-36.402000427246094,-10.614999771118164
1482900546495,10.6899995803833,-36.402000427246094,-10.614999771118164
1482900546508,10.387999534606934,-36.402000427246094,-10.614999771118164
1482900546528,10.387999534606934,-36.402000427246094,-10.614999771118164
1482900546546,10.387999534606934,-36.402000427246094,-10.614999771118164
1482900546567,10.387999534606934,-36.402000427246094,-10.614999771118164
1482900546587,10.387999534606934,-36.402000427246094,-10.614999771118164
1482900546607,10.387999534606934,-36.402000427246094,-10.614999771118164
1482900546628,10.387999534606934,-36.402000427246094,-10.614999771118164
1482900546647,10.387999534606934,-36.402000427246094,-10.614999771118164
1482900546673,10.387999534606934,-36.402000427246094,-10.614999771118164
1482900546688,10.387999534606934,-36.402000427246094,-10.614999771118164
1482900546708,10.387999534606934,-36.402000427246094,-10.614999771118164
1482900546729,10.387999534606934,-36.402000427246094,-10.614999771118164
1482900546748,10.387999534606934,-36.402000427246094,-10.614999771118164
1482900546768,10.387999534606934,-36.402000427246094,-10.614999771118164
1482900546787,10.387999534606934,-36.402000427246094,-10.614999771118164
1482900546807,10.387999534606934,-36.402000427246094,-10.614999771118164
1482900546828,10.387999534606934,-36.402000427246094,-10.614999771118164
1482900546855,10.387999534606934,-36.402000427246094,-10.614999771118164
1482900546867,10.387999534606934,-36.402000427246094,-10.614999771118164
1482900546887,10.387999534606934,-36.402000427246094,-10.614999771118164
1482900546907,10.387999534606934,-36.402000427246094,-10.310999870300293
1482900546928,10.387999534606934,-36.402000427246094,-10.310999870300293
1482900546948,10.387999534606934,-36.402000427246094,-10.310999870300293
1482900546969,10.387999534606934,-36.402000427246094,-10.310999870300293
1482900546988,10.387999534606934,-36.402000427246094,-10.310999870300293
1482900547008,10.387999534606934,-36.402000427246094,-10.310999870300293
1482900547035,10.387999534606934,-36.402000427246094,-10.310999870300293
1482900547047,10.387999534606934,-36.402000427246094,-10.310999870300293
1482900547068,10.387999534606934,-36.402000427246094,-10.310999870300293
1482900547089,10.387999534606934,-36.402000427246094,-10.310999870300293
1482900547108,10.387999534606934,-36.402000427246094,-10.310999870300293
1482900547126,10.387999534606934,-36.402000427246094,-10.310999870300293
1482900547147,10.387999534606934,-36.402000427246094,-10.310999870300293
1482900547169,10.387999534606934,-36.402000427246094,-10.310999870300293
1482900547189,10.387999534606934,-36.402000427246094,-10.310999870300293
1482900547212,10.387999534606934,-36.402000427246094,-10.310999870300293
1482900547229,10.387999534606934,-36.402000427246094,-10.310999870300293
1482900547249,10.387999534606934,-36.402000427246094,-10.310999870300293
1482900547269,10.387999534606934,-36.402000427246094,-10.310999870300293
1482900547289,10.387999534606934,-36.402000427246094,-10.310999870300293
1482900547309,10.387999534606934,-36.402000427246094,-10.310999870300293
1482900547329,10.387999534606934,-36.402000427246094,-10.310999870300293
1482900547349,10.387999534606934,-36.402000427246094,-10.310999870300293
1482900547367,10.387999534606934,-36.402000427246094,-10.310999870300293
1482900547406,10.387999534606934,-36.402000427246094,-10.310999870300293
1482900547406,10.387999534606934,-36.402000427246094,-10.310999870300293
1482900547427,10.387999534606934,-36.402000427246094,-10.310999870300293
1482900547447,10.387999534606934,-36.402000427246094,-10.310999870300293
1482900547469,10.387999534606934,-36.402000427246094,-10.310999870300293
1482900547489,10.387999534606934,-36.402000427246094,-10.310999870300293
1482900547509,10.387999534606934,-36.402000427246094,-10.310999870300293
1482900547529,10.387999534606934,-36.402000427246094,-10.310999870300293
1482900547549,10.387999534606934,-36.402000427246094,-10.310999870300293
1482900547573,10.387999534606934,-36.402000427246094,-10.310999870300293
1482900547587,10.387999534606934,-36.402000427246094,-10.310999870300293
1482900547607,10.387999534606934,-36.402000427246094,-10.310999870300293
1482900547627,10.387999534606934,-36.402000427246094,-10.310999870300293
1482900547648,10.387999534606934,-36.402000427246094,-10.310999870300293
1482900547669,10.387999534606934,-36.402000427246094,-10.310999870300293
1482900547690,10.387999534606934,-36.402000427246094,-10.310999870300293
1482900547709,10.387999534606934,-36.402000427246094,-10.310999870300293
1482900547729,10.387999534606934,-36.402000427246094,-10.310999870300293
1482900547756,10.387999534606934,-36.402000427246094,-10.310999870300293
1482900547767,10.387999534606934,-36.402000427246094,-10.310999870300293
1482900547788,10.387999534606934,-36.402000427246094,-10.310999870300293
1482900547807,10.387999534606934,-36.402000427246094,-10.310999870300293
1482900547827,10.387999534606934,-36.402000427246094,-10.310999870300293
1482900547850,10.387999534606934,-36.402000427246094,-10.310999870300293
1482900547870,10.387999534606934,-36.402000427246094,-10.310999870300293
1482900547890,10.387999534606934,-36.402000427246094,-10.310999870300293
1482900547910,10.387999534606934,-36.402000427246094,-10.310999870300293
1482900547936,10.387999534606934,-36.402000427246094,-10.310999870300293
1482900547947,10.387999534606934,-36.402000427246094,-10.310999870300293
1482900547970,10.387999534606934,-36.402000427246094,-10.310999870300293
1482900547990,10.387999534606934,-36.402000427246094,-10.310999870300293
1482900548010,10.387999534606934,-36.402000427246094,-10.310999870300293
1482900548030,10.387999534606934,-36.402000427246094,-10.310999870300293
1482900548050,10.387999534606934,-36.402000427246094,-10.310999870300293
1482900548070,10.387999534606934,-36.402000427246094,-10.310999870300293
1482900548090,10.387999534606934,-36.402000427246094,-10.630000114440918
1482900548116,10.387999534606934,-36.402000427246094,-10.630000114440918
1482900548129,10.387999534606934,-36.402000427246094,-10.630000114440918
1482900548149,10.387999534606934,-36.402000427246094,-10.630000114440918
1482900548169,10.387999534606934,-36.402000427246094,-10.630000114440918
1482900548187,10.387999534606934,-36.402000427246094,-10.630000114440918
1482900548207,10.387999534606934,-36.402000427246094,-10.630000114440918
1482900548227,10.387999534606934,-36.402000427246094,-10.630000114440918
1482900548247,10.387999534606934,-36.402000427246094,-10.630000114440918
1482900548269,10.387999534606934,-36.402000427246094,-10.630000114440918
1482900548296,10.387999534606934,-36.402000427246094,-10.630000114440918
1482900548309,10.387999534606934,-36.402000427246094,-10.630000114440918
1482900548330,10.387999534606934,-36.402000427246094,-10.630000114440918
1482900548350,10.387999534606934,-36.402000427246094,-10.630000114440918
1482900548369,10.387999534606934,-36.402000427246094,-10.630000114440918
1482900548388,10.387999534606934,-36.402000427246094,-10.630000114440918
1482900548410,10.387999534606934,-36.402000427246094,-10.630000114440918
1482900548430,10.387999534606934,-36.402000427246094,-10.630000114440918
1482900548447,10.387999534606934,-36.402000427246094,-10.630000114440918
1482900548476,10.387999534606934,-36.402000427246094,-10.630000114440918
1482900548490,10.387999534606934,-36.402000427246094,-10.630000114440918
1482900548510,10.387999534606934,-36.402000427246094,-10.630000114440918
1482900548530,10.387999534606934,-36.402000427246094,-10.630000114440918
1482900548550,10.387999534606934,-36.402000427246094,-10.630000114440918
1482900548570,10.387999534606934,-36.402000427246094,-10.630000114440918
1482900548591,10.387999534606934,-36.402000427246094,-10.630000114440918
1482900548610,10.387999534606934,-36.402000427246094,-10.630000114440918
1482900548630,10.387999534606934,-36.402000427246094,-10.630000114440918
1482900548653,10.387999534606934,-36.402000427246094,-10.630000114440918
1482900548670,10.387999534606934,-36.402000427246094,-10.630000114440918
1482900548688,10.387999534606934,-36.402000427246094,-10.630000114440918
1482900548710,10.387999534606934,-36.402000427246094,-10.630000114440918
1482900548729,10.387999534606934,-36.402000427246094,-10.630000114440918
1482900548749,10.387999534606934,-36.402000427246094,-10.630000114440918
1482900548770,10.387999534606934,-36.402000427246094,-10.630000114440918
1482900548796,10.387999534606934,-36.402000427246094,-10.630000114440918
1482900548809,10.387999534606934,-36.402000427246094,-10.630000114440918
1482900548835,10.387999534606934,-36.402000427246094,-10.630000114440918
1482900548849,10.387999534606934,-36.402000427246094,-10.630000114440918
1482900548870,10.387999534606934,-36.402000427246094,-10.630000114440918
1482900548890,10.387999534606934,-36.402000427246094,-10.630000114440918
1482900548910,10.387999534606934,-36.402000427246094,-10.630000114440918
1482900548930,10.387999534606934,-36.402000427246094,-10.630000114440918
1482900548951,10.387999534606934,-36.402000427246094,-10.630000114440918
1482900548970,10.387999534606934,-36.402000427246094,-10.630000114440918
1482900548997,10.387999534606934,-36.402000427246094,-10.630000114440918
1482900549014,10.387999534606934,-36.402000427246094,-10.630000114440918
1482900549045,10.387999534606934,-36.402000427246094,-10.630000114440918
1482900549055,10.387999534606934,-36.402000427246094,-10.630000114440918
1482900549068,10.387999534606934,-36.402000427246094,-10.630000114440918
1482900549088,10.387999534606934,-36.402000427246094,-10.630000114440918
1482900549110,10.387999534606934,-36.402000427246094,-10.630000114440918
1482900549129,10.387999534606934,-36.402000427246094,-10.630000114440918
1482900549148,10.387999534606934,-36.402000427246094,-10.630000114440918
1482900549167,10.387999534606934,-36.402000427246094,-10.630000114440918
1482900549191,10.387999534606934,-36.402000427246094,-10.630000114440918
1482900549208,10.387999534606934,-36.402000427246094,-10.630000114440918
1482900549228,10.387999534606934,-36.402000427246094,-10.630000114440918
1482900549248,10.387999534606934,-36.402000427246094,-10.630000114440918
1482900549270,10.387999534606934,-36.402000427246094,-10.630000114440918
1482900549290,10.387999534606934,-36.402000427246094,-10.630000114440918
1482900549311,10.387999534606934,-36.402000427246094,-10.630000114440918
1482900549331,10.387999534606934,-36.402000427246094,-10.630000114440918
1482900549351,10.70199966430664,-36.402000427246094,-10.630000114440918
1482900549377,10.70199966430664,-36.402000427246094,-10.630000114440918
1482900549391,10.70199966430664,-36.402000427246094,-10.630000114440918
1482900549411,10.70199966430664,-36.402000427246094,-10.630000114440918
1482900549431,10.70199966430664,-36.402000427246094,-10.630000114440918
1482900549448,10.70199966430664,-36.402000427246094,-10.630000114440918
1482900549470,10.70199966430664,-36.402000427246094,-10.630000114440918
1482900549491,10.70199966430664,-36.402000427246094,-10.630000114440918
1482900549509,10.70199966430664,-36.402000427246094,-10.630000114440918
1482900549531,10.70199966430664,-36.402000427246094,-10.630000114440918
1482900549555,10.70199966430664,-36.402000427246094,-10.630000114440918
1482900549570,10.70199966430664,-36.402000427246094,-10.630000114440918
1482900549591,10.70199966430664,-36.402000427246094,-10.630000114440918
1482900549611,10.70199966430664,-36.402000427246094,-10.630000114440918
1482900549630,10.70199966430664,-36.402000427246094,-10.630000114440918
1482900549650,10.70199966430664,-36.402000427246094,-10.630000114440918
1482900549671,10.70199966430664,-36.402000427246094,-10.630000114440918
1482900549691,10.70199966430664,-36.402000427246094,-10.630000114440918
1482900549711,10.70199966430664,-36.702999114990234,-10.630000114440918
1482900549737,10.70199966430664,-36.702999114990234,-10.630000114440918
1482900549751,10.70199966430664,-36.702999114990234,-10.630000114440918
1482900549771,10.70199966430664,-36.702999114990234,-10.630000114440918
1482900549789,10.70199966430664,-36.702999114990234,-10.630000114440918
1482900549811,10.70199966430664,-36.702999114990234,-10.630000114440918
1482900549831,10.70199966430664,-36.702999114990234,-10.630000114440918
1482900549852,10.70199966430664,-36.702999114990234,-10.630000114440918
1482900549871,10.70199966430664,-36.702999114990234,-10.630000114440918
1482900549891,10.70199966430664,-36.702999114990234,-10.630000114440918
1482900549917,10.70199966430664,-36.702999114990234,-10.630000114440918
1482900549931,10.70199966430664,-36.702999114990234,-10.630000114440918
1482900549951,10.70199966430664,-36.702999114990234,-10.630000114440918
1482900549972,10.70199966430664,-36.702999114990234,-10.630000114440918
1482900549991,10.70199966430664,-36.702999114990234,-10.630000114440918
1482900550011,10.70199966430664,-36.702999114990234,-10.630000114440918
1482900550032,10.70199966430664,-36.702999114990234,-10.630000114440918
1482900550051,10.70199966430664,-36.702999114990234,-10.630000114440918
1482900550071,10.70199966430664,-36.702999114990234,-10.630000114440918
1482900550098,10.70199966430664,-36.702999114990234,-10.630000114440918
1482900550112,10.70199966430664,-36.702999114990234,-10.630000114440918
1482900550132,10.70199966430664,-36.702999114990234,-10.630000114440918
1482900550150,10.70199966430664,-36.702999114990234,-10.630000114440918
1482900550172,10.70199966430664,-36.702999114990234,-10.630000114440918
1482900550192,10.70199966430664,-36.702999114990234,-10.630000114440918
1482900550212,10.70199966430664,-36.702999114990234,-10.630000114440918
1482900550232,10.70199966430664,-36.702999114990234,-10.630000114440918
1482900550252,10.70199966430664,-36.702999114990234,-10.630000114440918
1482900550278,10.70199966430664,-36.702999114990234,-10.630000114440918
1482900550292,10.70199966430664,-36.702999114990234,-10.630000114440918
1482900550312,10.70199966430664,-36.702999114990234,-10.630000114440918
1482900550334,10.70199966430664,-36.702999114990234,-10.630000114440918
1482900550351,10.70199966430664,-36.702999114990234,-10.630000114440918
1482900550371,10.70199966430664,-36.702999114990234,-10.630000114440918
1482900550392,10.70199966430664,-36.702999114990234,-10.630000114440918
1482900550417,10.70199966430664,-36.702999114990234,-10.630000114440918
1482900550433,10.70199966430664,-36.702999114990234,-10.630000114440918
1482900550456,10.70199966430664,-36.702999114990234,-10.630000114440918
1482900550471,10.70199966430664,-36.702999114990234,-10.630000114440918
1482900550492,10.70199966430664,-36.702999114990234,-10.630000114440918
1482900550512,10.70199966430664,-36.702999114990234,-10.630000114440918
1482900550532,10.70199966430664,-36.702999114990234,-10.630000114440918
1482900550552,10.70199966430664,-36.702999114990234,-10.630000114440918
1482900550572,10.70199966430664,-36.702999114990234,-10.630000114440918
1482900550592,10.70199966430664,-36.702999114990234,-10.630000114440918
1482900550612,10.70199966430664,-36.702999114990234,-10.630000114440918
1482900550636,10.70199966430664,-36.702999114990234,-10.630000114440918
1482900550651,10.70199966430664,-36.702999114990234,-10.630000114440918
1482900550672,10.70199966430664,-36.702999114990234,-10.630000114440918
1482900550690,10.70199966430664,-36.702999114990234,-10.630000114440918
1482900550712,10.70199966430664,-36.702999114990234,-10.630000114440918
1482900550732,10.70199966430664,-36.702999114990234,-10.630000114440918
1482900550753,10.70199966430664,-36.702999114990234,-10.630000114440918
1482900550772,10.70199966430664,-36.702999114990234,-10.630000114440918
1482900550792,10.70199966430664,-36.702999114990234,-10.630000114440918
1482900550816,10.70199966430664,-36.702999114990234,-10.630000114440918
1482900550832,10.70199966430664,-36.702999114990234,-10.630000114440918
1482900550851,10.70199966430664,-36.702999114990234,-10.630000114440918
1482900550872,10.70199966430664,-36.702999114990234,-10.630000114440918
1482900550892,10.70199966430664,-36.702999114990234,-10.630000114440918
1482900550912,10.70199966430664,-36.702999114990234,-10.630000114440918
1482900550932,10.70199966430664,-36.702999114990234,-10.630000114440918
1482900550952,10.70199966430664,-36.702999114990234,-10.630000114440918
1482900550972,10.70199966430664,-36.702999114990234,-10.630000114440918
1482900550996,10.70199966430664,-36.702999114990234,-10.630000114440918
1482900551012,10.70199966430664,-36.702999114990234,-10.630000114440918
1482900551032,10.70199966430664,-36.702999114990234,-10.630000114440918
1482900551052,10.70199966430664,-36.702999114990234,-10.630000114440918
1482900551072,10.70199966430664,-36.702999114990234,-10.630000114440918
1482900551092,10.70199966430664,-36.702999114990234,-10.630000114440918
1482900551113,10.70199966430664,-36.702999114990234,-10.630000114440918
1482900551132,10.70199966430664,-36.702999114990234,-10.630000114440918
1482900551163,10.70199966430664,-36.702999114990234,-10.630000114440918
1482900551178,10.70199966430664,-36.702999114990234,-10.630000114440918
1482900551190,10.70199966430664,-36.702999114990234,-10.630000114440918
1482900551209,10.70199966430664,-36.702999114990234,-10.630000114440918
1482900551229,10.70199966430664,-36.702999114990234,-10.630000114440918
1482900551250,10.70199966430664,-36.702999114990234,-10.630000114440918
1482900551270,10.70199966430664,-36.702999114990234,-10.630000114440918
1482900551290,10.70199966430664,-36.702999114990234,-10.630000114440918
1482900551312,10.70199966430664,-36.702999114990234,-10.630000114440918
1482900551331,10.70199966430664,-36.702999114990234,-10.630000114440918
1482900551359,10.70199966430664,-36.702999114990234,-10.630000114440918
1482900551373,10.70199966430664,-36.702999114990234,-10.630000114440918
1482900551393,10.70199966430664,-36.702999114990234,-10.630000114440918
1482900551412,10.70199966430664,-36.702999114990234,-10.630000114440918
1482900551432,10.70199966430664,-36.702999114990234,-10.630000114440918
1482900551453,10.70199966430664,-36.702999114990234,-10.630000114440918
1482900551473,10.70199966430664,-36.702999114990234,-10.630000114440918
1482900551493,10.70199966430664,-36.702999114990234,-10.630000114440918
1482900551513,10.70199966430664,-36.702999114990234,-10.630000114440918
1482900551539,10.70199966430664,-36.702999114990234,-10.630000114440918
1482900551553,10.70199966430664,-36.702999114990234,-10.630000114440918
1482900551573,10.70199966430664,-36.702999114990234,-10.630000114440918
1482900551593,10.70199966430664,-36.702999114990234,-10.630000114440918
1482900551613,10.70199966430664,-36.702999114990234,-10.630000114440918
1482900551633,10.70199966430664,-36.702999114990234,-10.630000114440918
1482900551653,10.70199966430664,-36.702999114990234,-10.630000114440918
1482900551673,10.70199966430664,-36.702999114990234,-10.630000114440918
1482900551693,10.70199966430664,-36.702999114990234,-10.630000114440918
1482900551719,10.70199966430664,-36.702999114990234,-10.630000114440918
1482900551733,10.70199966430664,-36.702999114990234,-10.630000114440918
1482900551753,10.70199966430664,-36.702999114990234,-10.630000114440918
1482900551773,10.70199966430664,-36.702999114990234,-10.630000114440918
1482900551791,10.70199966430664,-36.702999114990234,-10.630000114440918
1482900551811,10.70199966430664,-36.702999114990234,-10.630000114440918
1482900551834,10.70199966430664,-36.702999114990234,-10.630000114440918
1482900551853,10.70199966430664,-36.702999114990234,-10.630000114440918
1482900551873,10.70199966430664,-36.702999114990234,-10.630000114440918
1482900551899,10.70199966430664,-36.702999114990234,-10.630000114440918
1482900551913,10.70199966430664,-36.702999114990234,-10.630000114440918
1482900551933,10.70199966430664,-36.702999114990234,-10.630000114440918
1482900551954,10.70199966430664,-36.702999114990234,-10.630000114440918
1482900551973,10.70199966430664,-36.702999114990234,-10.630000114440918
1482900551993,10.70199966430664,-36.702999114990234,-10.630000114440918
1482900552014,10.70199966430664,-36.702999114990234,-10.630000114440918
1482900552033,10.70199966430664,-36.702999114990234,-10.630000114440918
1482900552053,10.70199966430664,-36.702999114990234,-10.630000114440918
1482900552079,10.70199966430664,-36.702999114990234,-10.630000114440918
1482900552093,10.70199966430664,-36.702999114990234,-10.630000114440918
1482900552113,10.70199966430664,-36.702999114990234,-10.630000114440918
1482900552134,10.70199966430664,-36.702999114990234,-10.630000114440918
1482900552153,10.70199966430664,-36.702999114990234,-10.630000114440918
1482900552176,10.70199966430664,-36.702999114990234,-10.630000114440918
1482900552193,10.70199966430664,-36.702999114990234,-10.630000114440918
1482900552213,10.70199966430664,-36.702999114990234,-10.630000114440918
1482900552233,10.70199966430664,-36.702999114990234,-10.630000114440918
1482900552259,10.70199966430664,-36.702999114990234,-10.630000114440918
1482900552273,10.70199966430664,-36.702999114990234,-10.630000114440918
1482900552293,10.70199966430664,-36.702999114990234,-10.630000114440918
1482900552313,10.70199966430664,-36.702999114990234,-10.630000114440918
1482900552333,10.70199966430664,-36.702999114990234,-10.630000114440918
1482900552353,10.70199966430664,-36.702999114990234,-10.630000114440918
1482900552374,10.70199966430664,-36.702999114990234,-10.630000114440918
1482900552393,10.70199966430664,-36.702999114990234,-10.630000114440918
1482900552413,10.70199966430664,-36.702999114990234,-10.630000114440918
1482900552438,10.70199966430664,-36.702999114990234,-10.630000114440918
1482900552454,10.70199966430664,-36.702999114990234,-10.630000114440918
1482900552474,10.70199966430664,-36.702999114990234,-10.630000114440918
1482900552495,10.70199966430664,-36.702999114990234,-10.630000114440918
1482900552514,10.70199966430664,-36.702999114990234,-10.630000114440918
1482900552534,10.70199966430664,-36.702999114990234,-10.630000114440918
1482900552555,10.70199966430664,-36.702999114990234,-10.630000114440918
1482900552574,10.70199966430664,-36.702999114990234,-10.630000114440918
1482900552594,10.70199966430664,-36.702999114990234,-10.630000114440918
1482900552620,10.70199966430664,-36.702999114990234,-10.630000114440918
1482900552635,10.70199966430664,-36.702999114990234,-10.630000114440918
1482900552654,10.70199966430664,-36.702999114990234,-10.630000114440918
1482900552674,10.70199966430664,-36.702999114990234,-10.630000114440918
1482900552694,10.70199966430664,-36.702999114990234,-10.630000114440918
1482900552714,10.70199966430664,-36.702999114990234,-10.630000114440918
1482900552734,10.70199966430664,-36.702999114990234,-10.630000114440918
1482900552755,10.70199966430664,-36.702999114990234,-10.630000114440918
1482900552774,10.70199966430664,-36.702999114990234,-10.630000114440918
1482900552797,10.70199966430664,-36.702999114990234,-10.630000114440918
1482900552813,10.70199966430664,-36.702999114990234,-10.630000114440918
1482900552831,10.70199966430664,-36.702999114990234,-10.630000114440918
1482900552855,10.70199966430664,-36.702999114990234,-10.630000114440918
1482900552874,10.70199966430664,-36.702999114990234,-10.630000114440918
1482900552893,10.70199966430664,-36.702999114990234,-10.630000114440918
1482900552915,10.70199966430664,-36.702999114990234,-10.630000114440918
1482900552934,10.70199966430664,-36.702999114990234,-10.630000114440918
1482900552955,10.70199966430664,-36.702999114990234,-10.630000114440918
1482900552980,10.70199966430664,-36.702999114990234,-10.630000114440918
1482900552994,10.70199966430664,-36.702999114990234,-10.630000114440918
1482900553015,10.70199966430664,-36.702999114990234,-10.630000114440918
1482900553034,10.70199966430664,-36.702999114990234,-10.630000114440918
1482900553055,10.70199966430664,-36.702999114990234,-10.630000114440918
1482900553075,10.70199966430664,-36.702999114990234,-10.630000114440918
1482900553095,10.70199966430664,-36.702999114990234,-10.630000114440918
1482900553115,10.70199966430664,-36.702999114990234,-10.630000114440918
1482900553135,10.70199966430664,-36.702999114990234,-10.630000114440918
1482900553159,10.70199966430664,-36.702999114990234,-10.630000114440918
1482900553174,10.70199966430664,-36.702999114990234,-10.630000114440918
1482900553194,10.70199966430664,-36.702999114990234,-10.630000114440918
1482900553215,10.70199966430664,-36.702999114990234,-10.630000114440918
1482900553233,10.70199966430664,-36.702999114990234,-10.630000114440918
1482900553252,10.70199966430664,-36.702999114990234,-10.630000114440918
1482900553272,10.70199966430664,-36.702999114990234,-10.630000114440918
1482900553292,10.70199966430664,-36.702999114990234,-10.630000114440918
1482900553311,10.70199966430664,-36.702999114990234,-10.324000358581543
1482900553339,10.70199966430664,-36.702999114990234,-10.324000358581543
1482900553354,10.70199966430664,-36.702999114990234,-10.324000358581543
1482900553374,10.70199966430664,-36.702999114990234,-10.324000358581543
1482900553395,10.70199966430664,-36.702999114990234,-10.324000358581543
1482900553416,10.70199966430664,-36.702999114990234,-10.324000358581543
1482900553450,10.70199966430664,-36.702999114990234,-10.324000358581543
1482900553452,10.70199966430664,-36.702999114990234,-10.324000358581543
1482900553475,10.70199966430664,-36.702999114990234,-10.324000358581543
1482900553495,10.70199966430664,-36.702999114990234,-10.324000358581543
1482900553520,10.70199966430664,-36.702999114990234,-10.324000358581543
1482900553535,10.70199966430664,-36.702999114990234,-10.324000358581543
1482900553554,10.70199966430664,-36.702999114990234,-10.324000358581543
1482900553575,10.70199966430664,-36.702999114990234,-10.324000358581543
1482900553594,10.70199966430664,-36.702999114990234,-10.324000358581543
1482900553616,10.70199966430664,-36.702999114990234,-10.324000358581543
1482900553635,10.70199966430664,-36.702999114990234,-10.324000358581543
1482900553655,10.70199966430664,-36.702999114990234,-10.324000358581543
1482900553675,10.70199966430664,-36.702999114990234,-10.324000358581543
1482900553700,10.70199966430664,-36.702999114990234,-10.324000358581543
1482900553716,10.70199966430664,-36.702999114990234,-10.324000358581543
1482900553733,10.70199966430664,-36.702999114990234,-10.324000358581543
1482900553755,10.70199966430664,-36.702999114990234,-10.324000358581543
1482900553775,10.70199966430664,-36.702999114990234,-10.324000358581543
1482900553793,10.70199966430664,-36.702999114990234,-10.324000358581543
1482900553813,10.70199966430664,-36.702999114990234,-10.324000358581543
1482900553834,10.70199966430664,-36.702999114990234,-10.324000358581543
1482900553854,10.70199966430664,-36.702999114990234,-10.324000358581543
1482900553881,10.70199966430664,-36.702999114990234,-10.324000358581543
1482900553895,10.70199966430664,-36.702999114990234,-10.324000358581543
1482900553915,10.70199966430664,-36.702999114990234,-10.324000358581543
1482900553935,10.70199966430664,-36.702999114990234,-10.324000358581543
1482900553955,10.70199966430664,-36.702999114990234,-10.324000358581543
1482900553975,10.70199966430664,-36.702999114990234,-10.324000358581543
1482900553995,10.70199966430664,-36.702999114990234,-10.324000358581543
1482900554015,10.70199966430664,-36.702999114990234,-10.324000358581543
1482900554035,10.70199966430664,-36.702999114990234,-10.324000358581543
1482900554061,10.70199966430664,-36.702999114990234,-10.324000358581543
1482900554075,10.70199966430664,-36.702999114990234,-10.324000358581543
1482900554099,10.70199966430664,-36.702999114990234,-10.324000358581543
1482900554113,10.70199966430664,-36.702999114990234,-10.324000358581543
1482900554132,10.70199966430664,-36.702999114990234,-10.324000358581543
1482900554152,10.70199966430664,-36.702999114990234,-10.324000358581543
1482900554175,10.70199966430664,-36.702999114990234,-10.324000358581543
1482900554196,10.70199966430664,-36.702999114990234,-10.324000358581543
1482900554214,10.70199966430664,-36.702999114990234,-10.324000358581543
1482900554238,10.70199966430664,-36.702999114990234,-10.324000358581543
1482900554255,10.70199966430664,-36.702999114990234,-10.324000358581543
1482900554275,10.70199966430664,-36.702999114990234,-10.324000358581543
1482900554295,10.70199966430664,-36.702999114990234,-10.324000358581543
1482900554320,10.70199966430664,-36.702999114990234,-10.324000358581543
1482900554335,10.70199966430664,-36.702999114990234,-10.324000358581543
1482900554355,10.70199966430664,-36.702999114990234,-10.324000358581543
1482900554375,10.70199966430664,-36.702999114990234,-10.324000358581543
1482900554395,10.70199966430664,-36.702999114990234,-10.324000358581543
1482900554422,10.70199966430664,-36.702999114990234,-10.324000358581543
1482900554435,10.70199966430664,-36.702999114990234,-10.324000358581543
1482900554457,10.70199966430664,-36.702999114990234,-10.324000358581543
1482900554475,10.70199966430664,-36.702999114990234,-10.324000358581543
1482900554495,10.70199966430664,-36.702999114990234,-10.324000358581543
1482900554515,10.70199966430664,-36.702999114990234,-10.324000358581543
1482900554535,10.70199966430664,-36.702999114990234,-10.324000358581543
1482900554555,10.70199966430664,-36.702999114990234,-10.324000358581543
1482900554575,10.70199966430664,-36.702999114990234,-10.324000358581543
1482900554601,10.39799976348877,-36.702999114990234,-10.324000358581543
1482900554616,10.39799976348877,-36.702999114990234,-10.324000358581543
1482900554635,10.39799976348877,-36.702999114990234,-10.324000358581543
1482900554656,10.39799976348877,-36.702999114990234,-10.324000358581543
1482900554675,10.39799976348877,-36.702999114990234,-10.324000358581543
1482900554698,10.39799976348877,-36.702999114990234,-10.324000358581543
1482900554717,10.39799976348877,-36.702999114990234,-10.324000358581543
1482900554736,10.39799976348877,-36.702999114990234,-10.324000358581543
1482900554756,10.39799976348877,-36.702999114990234,-10.324000358581543
1482900554782,10.39799976348877,-36.702999114990234,-10.324000358581543
1482900554796,10.39799976348877,-36.702999114990234,-10.324000358581543
1482900554816,10.39799976348877,-36.702999114990234,-10.324000358581543
1482900554836,10.39799976348877,-36.702999114990234,-10.324000358581543
1482900554855,10.39799976348877,-36.702999114990234,-10.324000358581543
1482900554876,10.39799976348877,-36.702999114990234,-10.324000358581543
1482900554896,10.39799976348877,-36.702999114990234,-10.324000358581543
1482900554916,10.39799976348877,-36.702999114990234,-10.324000358581543
1482900554936,10.39799976348877,-36.702999114990234,-10.324000358581543
1482900554962,10.39799976348877,-36.702999114990234,-10.324000358581543
1482900554976,10.39799976348877,-36.702999114990234,-10.324000358581543
1482900554996,10.39799976348877,-36.702999114990234,-10.324000358581543
1482900555016,10.39799976348877,-36.702999114990234,-10.324000358581543
1482900555036,10.39799976348877,-36.702999114990234,-10.324000358581543
1482900555056,10.39799976348877,-36.702999114990234,-10.324000358581543
1482900555076,10.39799976348877,-36.702999114990234,-10.324000358581543
1482900555096,10.39799976348877,-36.702999114990234,-10.324000358581543
1482900555116,10.39799976348877,-36.702999114990234,-10.324000358581543
1482900555142,10.39799976348877,-36.702999114990234,-10.324000358581543
1482900555156,10.39799976348877,-36.702999114990234,-10.324000358581543
1482900555176,10.39799976348877,-36.702999114990234,-10.324000358581543
1482900555197,10.39799976348877,-36.702999114990234,-10.324000358581543
1482900555216,10.39799976348877,-36.702999114990234,-10.324000358581543
1482900555236,10.39799976348877,-36.702999114990234,-10.324000358581543
1482900555254,10.39799976348877,-36.702999114990234,-10.324000358581543
1482900555275,10.39799976348877,-36.702999114990234,-10.324000358581543
1482900555297,10.39799976348877,-36.702999114990234,-10.324000358581543
1482900555321,10.39799976348877,-36.702999114990234,-10.324000358581543
1482900555336,10.39799976348877,-36.702999114990234,-10.324000358581543
1482900555355,10.39799976348877,-36.702999114990234,-10.324000358581543
1482900555376,10.39799976348877,-36.702999114990234,-10.324000358581543
1482900555396,10.39799976348877,-36.702999114990234,-10.324000358581543
1482900555416,10.39799976348877,-36.702999114990234,-10.324000358581543
1482900555437,10.39799976348877,-36.702999114990234,-10.324000358581543
1482900555454,10.39799976348877,-36.702999114990234,-10.324000358581543
1482900555477,10.39799976348877,-36.702999114990234,-10.324000358581543
1482900555501,10.39799976348877,-36.702999114990234,-10.324000358581543
1482900555516,10.39799976348877,-36.702999114990234,-10.324000358581543
1482900555536,10.39799976348877,-36.702999114990234,-10.324000358581543
1482900555556,10.39799976348877,-36.702999114990234,-10.324000358581543
1482900555577,10.39799976348877,-36.702999114990234,-10.324000358581543
1482900555596,10.71399974822998,-36.702999114990234,-10.324000358581543
1482900555617,10.71399974822998,-36.702999114990234,-10.324000358581543
1482900555636,10.71399974822998,-36.702999114990234,-10.324000358581543
1482900555657,10.71399974822998,-36.702999114990234,-10.324000358581543
1482900555682,10.71399974822998,-36.702999114990234,-10.324000358581543
1482900555697,10.71399974822998,-36.702999114990234,-10.324000358581543
1482900555716,10.71399974822998,-36.702999114990234,-10.324000358581543
1482900555737,10.71399974822998,-36.702999114990234,-10.324000358581543
1482900555755,10.71399974822998,-36.702999114990234,-10.324000358581543
1482900555777,10.71399974822998,-36.702999114990234,-10.324000358581543
1482900555795,10.71399974822998,-36.702999114990234,-10.324000358581543
1482900555817,10.71399974822998,-36.702999114990234,-10.324000358581543
1482900555834,10.71399974822998,-36.702999114990234,-10.324000358581543
1482900555861,10.71399974822998,-36.702999114990234,-10.324000358581543
1482900555877,10.71399974822998,-36.702999114990234,-10.324000358581543
1482900555897,10.71399974822998,-36.702999114990234,-10.324000358581543
1482900555917,10.71399974822998,-36.702999114990234,-10.324000358581543
1482900555937,10.71399974822998,-36.702999114990234,-10.324000358581543
1482900555957,10.71399974822998,-36.702999114990234,-10.324000358581543
1482900555977,10.71399974822998,-36.702999114990234,-10.324000358581543
1482900555997,10.71399974822998,-36.702999114990234,-10.324000358581543
1482900556017,10.71399974822998,-36.702999114990234,-10.324000358581543
1482900556042,10.71399974822998,-36.702999114990234,-10.324000358581543
1482900556057,10.71399974822998,-36.702999114990234,-10.324000358581543
1482900556077,10.71399974822998,-36.702999114990234,-10.324000358581543
1482900556097,10.71399974822998,-36.702999114990234,-10.324000358581543
1482900556117,10.71399974822998,-36.702999114990234,-10.324000358581543
1482900556137,10.71399974822998,-36.702999114990234,-10.324000358581543
1482900556157,10.71399974822998,-36.702999114990234,-10.324000358581543
1482900556180,10.71399974822998,-36.702999114990234,-10.324000358581543
1482900556197,10.71399974822998,-36.702999114990234,-10.324000358581543
1482900556223,10.71399974822998,-36.702999114990234,-10.324000358581543
1482900556237,10.71399974822998,-36.702999114990234,-10.324000358581543
1482900556287,10.71399974822998,-36.702999114990234,-10.324000358581543
1482900556287,10.71399974822998,-36.702999114990234,-10.324000358581543
1482900556297,10.71399974822998,-36.702999114990234,-10.324000358581543
1482900556317,10.71399974822998,-36.702999114990234,-10.324000358581543
1482900556337,10.71399974822998,-36.702999114990234,-10.324000358581543
1482900556358,10.71399974822998,-36.702999114990234,-10.324000358581543
1482900556377,10.71399974822998,-36.702999114990234,-10.324000358581543
1482900556403,10.71399974822998,-36.702999114990234,-10.324000358581543
1482900556417,10.71399974822998,-36.702999114990234,-10.324000358581543
1482900556437,10.71399974822998,-36.702999114990234,-10.324000358581543
1482900556458,10.71399974822998,-36.702999114990234,-10.324000358581543
1482900556475,10.71399974822998,-36.702999114990234,-10.324000358581543
1482900556496,10.71399974822998,-36.702999114990234,-10.324000358581543
1482900556517,10.71399974822998,-36.702999114990234,-10.324000358581543
1482900556537,10.71399974822998,-36.702999114990234,-10.324000358581543
1482900556557,10.71399974822998,-36.702999114990234,-10.324000358581543
1482900556581,10.71399974822998,-36.702999114990234,-10.324000358581543
1482900556597,10.71399974822998,-36.702999114990234,-10.324000358581543
1482900556617,10.71399974822998,-36.702999114990234,-10.324000358581543
1482900556638,10.71399974822998,-36.702999114990234,-10.324000358581543
1482900556657,10.71399974822998,-36.702999114990234,-10.324000358581543
1482900556677,10.71399974822998,-36.702999114990234,-10.324000358581543
1482900556698,10.71399974822998,-36.702999114990234,-10.324000358581543
1482900556717,10.71399974822998,-36.702999114990234,-10.324000358581543
1482900556737,10.71399974822998,-36.702999114990234,-10.324000358581543
1482900556763,10.71399974822998,-36.702999114990234,-10.324000358581543
1482900556777,10.71399974822998,-36.702999114990234,-10.324000358581543
1482900556797,10.71399974822998,-36.702999114990234,-10.324000358581543
1482900556818,10.71399974822998,-36.702999114990234,-10.324000358581543
1482900556836,10.71399974822998,-36.702999114990234,-10.324000358581543
1482900556858,10.71399974822998,-36.702999114990234,-10.324000358581543
1482900556878,10.71399974822998,-36.702999114990234,-10.324000358581543
1482900556898,10.71399974822998,-36.702999114990234,-10.324000358581543
1482900556918,10.71399974822998,-36.702999114990234,-10.324000358581543
1482900556945,10.71399974822998,-36.702999114990234,-10.324000358581543
1482900556958,10.71399974822998,-36.702999114990234,-10.324000358581543
1482900556978,10.71399974822998,-36.702999114990234,-10.324000358581543
1482900556998,10.71399974822998,-36.702999114990234,-10.324000358581543
1482900557018,10.71399974822998,-36.702999114990234,-10.324000358581543
1482900557038,10.71399974822998,-36.702999114990234,-10.324000358581543
1482900557058,10.71399974822998,-36.702999114990234,-10.324000358581543
1482900557078,10.71399974822998,-36.702999114990234,-10.324000358581543
1482900557099,10.71399974822998,-36.702999114990234,-10.324000358581543
1482900557122,10.71399974822998,-36.702999114990234,-10.324000358581543
1482900557138,10.71399974822998,-36.702999114990234,-10.324000358581543
1482900557158,10.71399974822998,-36.702999114990234,-10.324000358581543
1482900557178,10.71399974822998,-36.702999114990234,-10.324000358581543
1482900557198,10.71399974822998,-36.702999114990234,-10.324000358581543
1482900557218,10.71399974822998,-36.702999114990234,-10.324000358581543
1482900557238,10.71399974822998,-36.702999114990234,-10.324000358581543
1482900557258,10.71399974822998,-36.702999114990234,-10.324000358581543
1482900557278,10.71399974822998,-36.702999114990234,-10.324000358581543
1482900557305,10.71399974822998,-36.702999114990234,-10.324000358581543
1482900557317,10.71399974822998,-36.702999114990234,-10.324000358581543
1482900557338,10.71399974822998,-36.702999114990234,-10.324000358581543
1482900557359,10.71399974822998,-36.702999114990234,-10.324000358581543
1482900557378,10.71399974822998,-36.702999114990234,-10.324000358581543
1482900557398,10.71399974822998,-36.702999114990234,-10.324000358581543
1482900557419,10.71399974822998,-36.702999114990234,-10.324000358581543
1482900557438,10.71399974822998,-36.702999114990234,-10.324000358581543
1482900557458,10.71399974822998,-36.702999114990234,-10.324000358581543
1482900557485,10.71399974822998,-36.702999114990234,-10.324000358581543
1482900557497,10.71399974822998,-36.702999114990234,-10.324000358581543
1482900557518,10.71399974822998,-36.702999114990234,-10.324000358581543
1482900557539,10.71399974822998,-36.702999114990234,-10.324000358581543
1482900557558,10.71399974822998,-36.702999114990234,-10.324000358581543
1482900557578,10.71399974822998,-36.702999114990234,-10.324000358581543
1482900557596,10.71399974822998,-36.702999114990234,-10.324000358581543
1482900557617,10.71399974822998,-36.702999114990234,-10.324000358581543
1482900557637,10.71399974822998,-36.702999114990234,-10.324000358581543
1482900557662,10.71399974822998,-36.702999114990234,-10.324000358581543
1482900557677,10.71399974822998,-36.702999114990234,-10.324000358581543
1482900557699,10.411999702453613,-36.702999114990234,-10.324000358581543
1482900557719,10.411999702453613,-36.702999114990234,-10.324000358581543
1482900557738,10.411999702453613,-36.702999114990234,-10.324000358581543
1482900557758,10.411999702453613,-36.702999114990234,-10.324000358581543
1482900557779,10.411999702453613,-36.702999114990234,-10.324000358581543
1482900557798,10.411999702453613,-36.702999114990234,-10.324000358581543
1482900557818,10.411999702453613,-36.702999114990234,-10.324000358581543
1482900557841,10.411999702453613,-36.702999114990234,-10.324000358581543
1482900557857,10.411999702453613,-36.702999114990234,-10.324000358581543
1482900557879,10.411999702453613,-36.702999114990234,-10.324000358581543
1482900557899,10.411999702453613,-36.702999114990234,-10.324000358581543
1482900557919,10.411999702453613,-36.702999114990234,-10.324000358581543
1482900557936,10.411999702453613,-36.702999114990234,-10.324000358581543
1482900557957,10.411999702453613,-36.702999114990234,-10.324000358581543
1482900557977,10.411999702453613,-36.702999114990234,-10.324000358581543
1482900557997,10.411999702453613,-36.702999114990234,-10.324000358581543
1482900558022,10.411999702453613,-36.702999114990234,-10.324000358581543
1482900558038,10.411999702453613,-36.702999114990234,-10.324000358581543
1482900558057,10.411999702453613,-36.702999114990234,-10.324000358581543
1482900558078,10.411999702453613,-36.702999114990234,-10.324000358581543
1482900558099,10.411999702453613,-36.702999114990234,-10.324000358581543
1482900558119,10.411999702453613,-36.702999114990234,-10.324000358581543
1482900558139,10.411999702453613,-36.702999114990234,-10.324000358581543
1482900558157,10.411999702453613,-36.702999114990234,-10.324000358581543
1482900558178,10.411999702453613,-36.702999114990234,-10.324000358581543
1482900558205,10.411999702453613,-36.702999114990234,-10.324000358581543
1482900558218,10.411999702453613,-36.702999114990234,-10.324000358581543
1482900558239,10.411999702453613,-36.702999114990234,-10.324000358581543
1482900558257,10.411999702453613,-36.702999114990234,-10.324000358581543
1482900558278,10.411999702453613,-36.702999114990234,-10.324000358581543
1482900558299,10.411999702453613,-36.702999114990234,-10.324000358581543
1482900558319,10.411999702453613,-36.702999114990234,-10.324000358581543
1482900558337,10.411999702453613,-36.702999114990234,-10.324000358581543
1482900558358,10.411999702453613,-36.702999114990234,-10.324000358581543
1482900558386,10.411999702453613,-36.702999114990234,-10.324000358581543
1482900558397,10.411999702453613,-36.702999114990234,-10.324000358581543
1482900558419,10.411999702453613,-36.702999114990234,-10.324000358581543
1482900558439,10.411999702453613,-36.702999114990234,-10.324000358581543
1482900558457,10.411999702453613,-36.702999114990234,-10.324000358581543
1482900558478,10.411999702453613,-36.702999114990234,-10.324000358581543
1482900558500,10.411999702453613,-36.702999114990234,-10.324000358581543
1482900558519,10.411999702453613,-36.702999114990234,-10.324000358581543
1482900558539,10.411999702453613,-36.702999114990234,-10.324000358581543
1482900558563,10.411999702453613,-36.702999114990234,-10.324000358581543
1482900558578,10.411999702453613,-36.702999114990234,-10.324000358581543
1482900558599,10.411999702453613,-36.702999114990234,-10.324000358581543
1482900558620,10.411999702453613,-36.702999114990234,-10.324000358581543
1482900558640,10.411999702453613,-36.702999114990234,-10.324000358581543
1482900558658,10.411999702453613,-36.702999114990234,-10.324000358581543
1482900558680,10.411999702453613,-36.702999114990234,-10.324000358581543
1482900558700,10.411999702453613,-36.702999114990234,-10.324000358581543
1482900558719,10.411999702453613,-36.702999114990234,-10.324000358581543
1482900558743,10.411999702453613,-36.702999114990234,-10.324000358581543
1482900558758,10.411999702453613,-36.702999114990234,-10.324000358581543
1482900558777,10.411999702453613,-36.702999114990234,-10.324000358581543
1482900558798,10.411999702453613,-36.702999114990234,-10.324000358581543
1482900558819,10.411999702453613,-36.702999114990234,-10.324000358581543
1482900558837,10.411999702453613,-36.702999114990234,-10.324000358581543
1482900558858,10.411999702453613,-36.702999114990234,-10.324000358581543
1482900558879,10.411999702453613,-36.702999114990234,-10.324000358581543
1482900558899,10.411999702453613,-36.702999114990234,-10.324000358581543
1482900558926,10.411999702453613,-36.702999114990234,-10.324000358581543
1482900558938,10.411999702453613,-36.702999114990234,-10.324000358581543
1482900558958,10.411999702453613,-36.702999114990234,-10.324000358581543
1482900558980,10.411999702453613,-36.702999114990234,-10.324000358581543
1482900558997,10.411999702453613,-36.702999114990234,-10.324000358581543
1482900559018,10.411999702453613,-36.702999114990234,-10.324000358581543
1482900559039,10.411999702453613,-36.702999114990234,-10.324000358581543
1482900559058,10.411999702453613,-36.702999114990234,-10.324000358581543
1482900559081,10.411999702453613,-36.702999114990234,-10.324000358581543
1482900559126,10.411999702453613,-36.702999114990234,-10.324000358581543
1482900559126,10.411999702453613,-36.702999114990234,-10.324000358581543
1482900559137,10.411999702453613,-36.702999114990234,-10.324000358581543
1482900559158,10.411999702453613,-36.702999114990234,-10.324000358581543
1482900559179,10.411999702453613,-36.702999114990234,-10.324000358581543
1482900559215,10.411999702453613,-36.702999114990234,-10.324000358581543
1482900559217,10.411999702453613,-36.702999114990234,-10.324000358581543
1482900559237,10.411999702453613,-36.702999114990234,-10.324000358581543
1482900559256,10.411999702453613,-36.702999114990234,-10.324000358581543
1482900559280,10.411999702453613,-36.702999114990234,-10.324000358581543
1482900559297,10.411999702453613,-36.702999114990234,-10.324000358581543
1482900559317,10.411999702453613,-36.702999114990234,-10.324000358581543
1482900559343,10.411999702453613,-36.702999114990234,-10.324000358581543
1482900559359,10.411999702453613,-36.702999114990234,-10.324000358581543
1482900559378,10.411999702453613,-36.702999114990234,-10.324000358581543
1482900559399,10.411999702453613,-36.702999114990234,-10.324000358581543
1482900559418,10.411999702453613,-36.702999114990234,-10.324000358581543
1482900559440,10.411999702453613,-36.702999114990234,-10.324000358581543
1482900559463,10.411999702453613,-36.702999114990234,-10.324000358581543
1482900559479,10.411999702453613,-36.702999114990234,-10.324000358581543
1482900559498,10.411999702453613,-36.702999114990234,-10.324000358581543
1482900559523,10.411999702453613,-36.702999114990234,-10.324000358581543
1482900559538,10.411999702453613,-36.702999114990234,-10.324000358581543
1482900559559,10.411999702453613,-36.702999114990234,-10.324000358581543
1482900559580,10.411999702453613,-36.702999114990234,-10.324000358581543
1482900559599,10.411999702453613,-36.702999114990234,-10.324000358581543
1482900559619,10.411999702453613,-36.702999114990234,-10.324000358581543
1482900559647,10.411999702453613,-36.702999114990234,-10.324000358581543
1482900559660,10.411999702453613,-36.702999114990234,-10.324000358581543
1482900559678,10.411999702453613,-36.702999114990234,-10.324000358581543
1482900559699,10.411999702453613,-36.702999114990234,-10.324000358581543
1482900559720,10.411999702453613,-36.702999114990234,-10.324000358581543
1482900559740,10.411999702453613,-36.702999114990234,-10.324000358581543
1482900559761,10.411999702453613,-36.702999114990234,-10.324000358581543
1482900559780,10.411999702453613,-36.702999114990234,-10.324000358581543
1482900559800,10.411999702453613,-36.702999114990234,-10.324000358581543
1482900559826,10.411999702453613,-36.702999114990234,-10.324000358581543
1482900559838,10.411999702453613,-36.702999114990234,-10.324000358581543
1482900559860,10.411999702453613,-36.702999114990234,-10.324000358581543
1482900559880,10.411999702453613,-36.702999114990234,-10.324000358581543
1482900559900,10.411999702453613,-36.702999114990234,-10.324000358581543
1482900559920,10.411999702453613,-36.702999114990234,-10.324000358581543
1482900559941,10.411999702453613,-36.702999114990234,-10.324000358581543
1482900559959,10.411999702453613,-36.702999114990234,-10.324000358581543
1482900559980,10.411999702453613,-36.702999114990234,-10.324000358581543
1482900560005,10.411999702453613,-36.702999114990234,-10.324000358581543
1482900560020,10.411999702453613,-36.702999114990234,-10.324000358581543
1482900560040,10.411999702453613,-36.702999114990234,-10.324000358581543
1482900560061,10.411999702453613,-36.702999114990234,-10.324000358581543
1482900560080,10.411999702453613,-36.702999114990234,-10.324000358581543
1482900560100,10.411999702453613,-36.702999114990234,-10.324000358581543
1482900560121,10.411999702453613,-36.702999114990234,-10.324000358581543
1482900560140,10.411999702453613,-36.702999114990234,-10.324000358581543
1482900560159,10.411999702453613,-36.702999114990234,-10.324000358581543
1482900560185,10.411999702453613,-36.702999114990234,-10.324000358581543
1482900560200,10.411999702453613,-36.702999114990234,-10.324000358581543
1482900560221,10.411999702453613,-36.702999114990234,-10.324000358581543
1482900560241,10.411999702453613,-36.702999114990234,-10.324000358581543
1482900560261,10.411999702453613,-36.702999114990234,-10.324000358581543
1482900560281,10.411999702453613,-36.702999114990234,-10.324000358581543
1482900560301,10.411999702453613,-36.702999114990234,-10.324000358581543
1482900560321,10.411999702453613,-36.702999114990234,-10.324000358581543
1482900560340,10.411999702453613,-36.702999114990234,-10.324000358581543
1482900560367,10.411999702453613,-36.702999114990234,-10.324000358581543
1482900560381,10.411999702453613,-36.702999114990234,-10.324000358581543
1482900560401,10.411999702453613,-36.702999114990234,-10.324000358581543
1482900560421,10.411999702453613,-36.702999114990234,-10.324000358581543
1482900560441,10.411999702453613,-36.702999114990234,-10.324000358581543
1482900560460,10.411999702453613,-36.702999114990234,-10.324000358581543
1482900560479,10.411999702453613,-36.702999114990234,-10.324000358581543
1482900560500,10.411999702453613,-36.702999114990234,-10.324000358581543
1482900560521,10.411999702453613,-36.702999114990234,-10.324000358581543
1482900560545,10.411999702453613,-36.702999114990234,-10.324000358581543
1482900560566,10.411999702453613,-36.702999114990234,-10.324000358581543
1482900560581,10.411999702453613,-36.702999114990234,-10.324000358581543
1482900560601,10.411999702453613,-36.702999114990234,-10.324000358581543
1482900560621,10.411999702453613,-36.702999114990234,-10.324000358581543
1482900560641,10.411999702453613,-36.702999114990234,-10.324000358581543
1482900560668,10.411999702453613,-36.702999114990234,-10.324000358581543
1482900560681,10.411999702453613,-36.702999114990234,-10.324000358581543
1482900560700,10.411999702453613,-36.702999114990234,-10.324000358581543
1482900560726,10.411999702453613,-36.702999114990234,-10.324000358581543
1482900560741,10.411999702453613,-36.702999114990234,-10.324000358581543
1482900560761,10.411999702453613,-36.702999114990234,-10.324000358581543
1482900560779,10.411999702453613,-36.702999114990234,-10.324000358581543
1482900560801,10.411999702453613,-36.702999114990234,-10.324000358581543
1482900560821,10.411999702453613,-36.702999114990234,-10.324000358581543
1482900560841,10.411999702453613,-36.702999114990234,-10.324000358581543
1482900560858,10.411999702453613,-36.702999114990234,-10.324000358581543
1482900560881,10.411999702453613,-36.702999114990234,-10.324000358581543
1482900560907,10.411999702453613,-36.702999114990234,-10.324000358581543
1482900560921,10.411999702453613,-36.702999114990234,-10.324000358581543
1482900560941,10.411999702453613,-36.702999114990234,-10.324000358581543
1482900560962,10.411999702453613,-36.702999114990234,-10.324000358581543
1482900560981,10.411999702453613,-36.702999114990234,-10.324000358581543
1482900561001,10.411999702453613,-36.702999114990234,-10.324000358581543
1482900561022,10.411999702453613,-36.702999114990234,-10.324000358581543
1482900561039,10.411999702453613,-36.702999114990234,-10.324000358581543
1482900561062,10.411999702453613,-36.702999114990234,-10.324000358581543
1482900561088,10.411999702453613,-36.702999114990234,-10.324000358581543
1482900561102,10.411999702453613,-36.702999114990234,-10.324000358581543
1482900561122,10.411999702453613,-36.702999114990234,-10.324000358581543
1482900561142,10.411999702453613,-36.702999114990234,-10.324000358581543
1482900561162,10.411999702453613,-36.702999114990234,-10.324000358581543
1482900561182,10.411999702453613,-36.702999114990234,-10.324000358581543
1482900561202,10.411999702453613,-36.702999114990234,-10.324000358581543
1482900561238,10.411999702453613,-36.702999114990234,-10.324000358581543
1482900561239,10.411999702453613,-36.702999114990234,-10.324000358581543
1482900561263,10.411999702453613,-36.702999114990234,-10.324000358581543
1482900561278,10.411999702453613,-36.702999114990234,-10.324000358581543
1482900561298,10.411999702453613,-36.702999114990234,-10.324000358581543
1482900561319,10.411999702453613,-36.702999114990234,-10.324000358581543
1482900561339,10.411999702453613,-36.702999114990234,-10.324000358581543
1482900561359,10.411999702453613,-36.702999114990234,-10.324000358581543
1482900561382,10.411999702453613,-36.702999114990234,-10.324000358581543
1482900561400,10.411999702453613,-36.702999114990234,-10.324000358581543
1482900561421,10.411999702453613,-36.702999114990234,-10.324000358581543
1482900561446,10.095999717712402,-36.702999114990234,-10.324000358581543
1482900561462,10.095999717712402,-36.702999114990234,-10.324000358581543
1482900561482,10.095999717712402,-36.702999114990234,-10.324000358581543
1482900561502,10.095999717712402,-36.702999114990234,-10.324000358581543
1482900561522,10.095999717712402,-36.702999114990234,-10.324000358581543
1482900561542,10.095999717712402,-36.702999114990234,-10.324000358581543
1482900561562,10.095999717712402,-36.702999114990234,-10.324000358581543
1482900561582,10.095999717712402,-36.702999114990234,-10.324000358581543
1482900561602,10.095999717712402,-36.702999114990234,-10.324000358581543
1482900561627,10.095999717712402,-36.702999114990234,-10.324000358581543
1482900561642,10.095999717712402,-36.702999114990234,-10.324000358581543
1482900561659,10.095999717712402,-36.702999114990234,-10.324000358581543
1482900561683,10.095999717712402,-36.702999114990234,-10.324000358581543
1482900561702,10.095999717712402,-36.702999114990234,-10.324000358581543
1482900561722,10.095999717712402,-36.702999114990234,-10.324000358581543
1482900561743,10.095999717712402,-36.702999114990234,-10.324000358581543
1482900561762,10.095999717712402,-36.702999114990234,-10.324000358581543
1482900561782,10.095999717712402,-36.702999114990234,-10.003000259399414
1482900561808,10.095999717712402,-36.702999114990234,-10.003000259399414
1482900561822,10.095999717712402,-36.702999114990234,-10.003000259399414
1482900561842,10.095999717712402,-36.702999114990234,-10.003000259399414
1482900561866,10.095999717712402,-36.702999114990234,-10.003000259399414
1482900561882,10.095999717712402,-36.702999114990234,-10.003000259399414
1482900561902,10.095999717712402,-36.702999114990234,-10.003000259399414
1482900561923,10.095999717712402,-36.702999114990234,-10.003000259399414
1482900561942,10.095999717712402,-36.702999114990234,-10.003000259399414
1482900561962,10.095999717712402,-36.702999114990234,-10.003000259399414
1482900561988,10.095999717712402,-36.702999114990234,-10.003000259399414
1482900562000,10.095999717712402,-36.702999114990234,-10.003000259399414
1482900562022,10.095999717712402,-36.702999114990234,-10.003000259399414
1482900562043,10.095999717712402,-36.702999114990234,-10.003000259399414
1482900562062,10.095999717712402,-36.702999114990234,-10.003000259399414
1482900562082,10.095999717712402,-36.702999114990234,-10.003000259399414
1482900562103,10.095999717712402,-36.702999114990234,-10.003000259399414
1482900562122,10.095999717712402,-36.702999114990234,-10.003000259399414
1482900562142,10.095999717712402,-36.702999114990234,-10.003000259399414
1482900562168,10.095999717712402,-36.702999114990234,-10.003000259399414
1482900562182,10.095999717712402,-36.702999114990234,-10.003000259399414
1482900562202,10.095999717712402,-36.702999114990234,-10.003000259399414
1482900562223,10.095999717712402,-36.702999114990234,-10.003000259399414
1482900562243,10.095999717712402,-36.702999114990234,-10.003000259399414
1482900562262,10.095999717712402,-36.702999114990234,-10.003000259399414
1482900562282,10.095999717712402,-36.702999114990234,-10.003000259399414
1482900562303,10.095999717712402,-36.702999114990234,-10.003000259399414
1482900562323,10.095999717712402,-36.702999114990234,-10.003000259399414
1482900562347,10.095999717712402,-36.702999114990234,-10.003000259399414
1482900562363,10.095999717712402,-36.702999114990234,-10.003000259399414
1482900562383,10.095999717712402,-36.702999114990234,-10.003000259399414
1482900562403,10.095999717712402,-36.702999114990234,-10.003000259399414
1482900562423,10.095999717712402,-36.702999114990234,-10.003000259399414
1482900562443,10.095999717712402,-36.702999114990234,-10.003000259399414
1482900562463,10.095999717712402,-36.702999114990234,-10.003000259399414
1482900562483,10.095999717712402,-36.702999114990234,-10.003000259399414
1482900562503,10.095999717712402,-36.702999114990234,-10.003000259399414
1482900562531,10.095999717712402,-36.702999114990234,-10.003000259399414
1482900562542,10.095999717712402,-36.702999114990234,-10.003000259399414
1482900562564,10.095999717712402,-36.702999114990234,-10.003000259399414
1482900562583,10.095999717712402,-36.702999114990234,-10.003000259399414
1482900562603,10.095999717712402,-36.702999114990234,-10.003000259399414
1482900562623,10.095999717712402,-36.702999114990234,-10.003000259399414
1482900562642,10.095999717712402,-36.702999114990234,-10.003000259399414
1482900562663,10.095999717712402,-36.702999114990234,-10.003000259399414
1482900562683,10.095999717712402,-36.702999114990234,-10.003000259399414
1482900562709,10.095999717712402,-36.702999114990234,-10.003000259399414
1482900562723,10.095999717712402,-36.702999114990234,-10.003000259399414
1482900562743,10.095999717712402,-36.702999114990234,-10.003000259399414
1482900562763,10.095999717712402,-36.702999114990234,-10.003000259399414
1482900562783,10.095999717712402,-36.702999114990234,-10.003000259399414
1482900562803,10.095999717712402,-36.702999114990234,-10.003000259399414
1482900562823,10.095999717712402,-36.702999114990234,-10.003000259399414
1482900562843,10.095999717712402,-36.702999114990234,-10.003000259399414
1482900562863,10.095999717712402,-36.702999114990234,-10.003000259399414
1482900562889,10.095999717712402,-36.702999114990234,-10.003000259399414
1482900562903,10.095999717712402,-36.702999114990234,-10.003000259399414
1482900562923,10.095999717712402,-36.702999114990234,-10.003000259399414
1482900562944,10.095999717712402,-36.702999114990234,-10.003000259399414
1482900562963,10.095999717712402,-36.702999114990234,-10.003000259399414
1482900562983,10.095999717712402,-36.702999114990234,-10.003000259399414
1482900563004,10.095999717712402,-36.702999114990234,-10.003000259399414
1482900563021,10.095999717712402,-36.702999114990234,-10.003000259399414
1482900563042,10.095999717712402,-36.702999114990234,-10.003000259399414
1482900563068,10.095999717712402,-36.702999114990234,-10.003000259399414
1482900563083,10.095999717712402,-36.702999114990234,-10.003000259399414
1482900563103,10.095999717712402,-36.702999114990234,-10.003000259399414
1482900563124,10.095999717712402,-36.702999114990234,-10.003000259399414
1482900563143,10.095999717712402,-36.702999114990234,-10.003000259399414
1482900563163,10.095999717712402,-36.702999114990234,-10.003000259399414
1482900563184,10.095999717712402,-36.702999114990234,-10.003000259399414
1482900563203,10.095999717712402,-36.702999114990234,-10.003000259399414
1482900563223,10.095999717712402,-36.702999114990234,-10.003000259399414
1482900563245,10.095999717712402,-36.702999114990234,-10.003000259399414
1482900563263,10.095999717712402,-36.702999114990234,-10.003000259399414
1482900563282,10.095999717712402,-36.702999114990234,-10.003000259399414
1482900563301,10.095999717712402,-36.702999114990234,-10.003000259399414
1482900563321,10.095999717712402,-36.702999114990234,-10.003000259399414
1482900563341,10.095999717712402,-36.702999114990234,-10.003000259399414
1482900563361,10.095999717712402,-36.702999114990234,-10.003000259399414
1482900563381,10.095999717712402,-36.702999114990234,-10.003000259399414
1482900563404,10.095999717712402,-36.702999114990234,-10.003000259399414
1482900563430,10.095999717712402,-36.702999114990234,-10.003000259399414
1482900563445,10.095999717712402,-36.702999114990234,-10.003000259399414
1482900563464,10.095999717712402,-36.702999114990234,-10.003000259399414
1482900563484,10.095999717712402,-36.702999114990234,-10.003000259399414
1482900563505,10.095999717712402,-36.702999114990234,-10.003000259399414
1482900563524,10.095999717712402,-36.702999114990234,-10.003000259399414
1482900563544,10.095999717712402,-36.702999114990234,-10.003000259399414
1482900563562,10.095999717712402,-36.702999114990234,-10.003000259399414
1482900563584,10.095999717712402,-36.702999114990234,-10.003000259399414
1482900563609,10.095999717712402,-36.702999114990234,-10.003000259399414
1482900563624,10.095999717712402,-36.702999114990234,-10.003000259399414
1482900563642,10.095999717712402,-36.702999114990234,-10.003000259399414
1482900563664,10.095999717712402,-36.702999114990234,-10.003000259399414
1482900563684,10.095999717712402,-36.702999114990234,-10.003000259399414
1482900563705,10.095999717712402,-36.702999114990234,-10.003000259399414
1482900563724,10.095999717712402,-36.702999114990234,-10.003000259399414
1482900563742,10.095999717712402,-36.702999114990234,-10.003000259399414
1482900563764,10.095999717712402,-36.702999114990234,-10.003000259399414
1482900563790,10.095999717712402,-36.702999114990234,-10.003000259399414
1482900563803,10.095999717712402,-36.702999114990234,-10.003000259399414
1482900563824,10.095999717712402,-36.702999114990234,-10.003000259399414
1482900563842,10.095999717712402,-36.702999114990234,-10.003000259399414
1482900563864,10.095999717712402,-36.702999114990234,-10.003000259399414
1482900563884,10.095999717712402,-36.702999114990234,-10.003000259399414
1482900563905,10.095999717712402,-36.702999114990234,-10.003000259399414
1482900563924,10.095999717712402,-36.702999114990234,-10.003000259399414
1482900563944,10.095999717712402,-36.702999114990234,-10.003000259399414
1482900563970,10.095999717712402,-36.702999114990234,-10.003000259399414
1482900563985,10.095999717712402,-36.702999114990234,-10.003000259399414
1482900564004,10.095999717712402,-36.702999114990234,-10.003000259399414
1482900564024,10.095999717712402,-36.702999114990234,-10.003000259399414
1482900564045,10.095999717712402,-36.702999114990234,-10.003000259399414
1482900564064,10.095999717712402,-36.702999114990234,-10.003000259399414
1482900564085,10.095999717712402,-36.702999114990234,-10.003000259399414
1482900564105,10.095999717712402,-36.702999114990234,-10.003000259399414
1482900564125,10.095999717712402,-36.702999114990234,-10.003000259399414
1482900564150,10.095999717712402,-36.702999114990234,-10.003000259399414
1482900564162,10.095999717712402,-36.702999114990234,-10.003000259399414
1482900564182,10.095999717712402,-36.702999114990234,-10.003000259399414
1482900564202,10.095999717712402,-36.702999114990234,-10.003000259399414
1482900564221,10.095999717712402,-36.702999114990234,-10.003000259399414
1482900564254,10.095999717712402,-36.702999114990234,-10.003000259399414
1482900564271,10.095999717712402,-36.702999114990234,-10.003000259399414
1482900564281,10.095999717712402,-36.702999114990234,-10.003000259399414
1482900564301,10.095999717712402,-36.702999114990234,-10.003000259399414
1482900564327,10.095999717712402,-36.702999114990234,-10.003000259399414
1482900564342,10.095999717712402,-36.702999114990234,-10.003000259399414
1482900564362,10.095999717712402,-36.702999114990234,-10.003000259399414
1482900564382,10.095999717712402,-36.702999114990234,-10.003000259399414
1482900564404,10.095999717712402,-36.702999114990234,-10.003000259399414
1482900564425,10.095999717712402,-36.702999114990234,-10.003000259399414
1482900564443,10.095999717712402,-36.702999114990234,-10.003000259399414
1482900564464,10.095999717712402,-36.702999114990234,-10.003000259399414
1482900564485,10.095999717712402,-36.702999114990234,-10.003000259399414
1482900564510,10.095999717712402,-36.702999114990234,-10.003000259399414
1482900564525,10.095999717712402,-36.702999114990234,-10.003000259399414
1482900564543,10.095999717712402,-36.702999114990234,-10.003000259399414
1482900564562,10.095999717712402,-36.702999114990234,-10.003000259399414
1482900564585,10.095999717712402,-36.702999114990234,-10.003000259399414
1482900564605,10.095999717712402,-36.702999114990234,-10.003000259399414
1482900564625,10.095999717712402,-36.702999114990234,-10.003000259399414
1482900564645,10.095999717712402,-36.702999114990234,-10.003000259399414
1482900564664,10.095999717712402,-36.702999114990234,-10.003000259399414
1482900564691,10.095999717712402,-36.702999114990234,-10.003000259399414
1482900564705,10.095999717712402,-36.702999114990234,-10.003000259399414
1482900564724,10.095999717712402,-36.702999114990234,-10.003000259399414
1482900564745,10.095999717712402,-36.702999114990234,-10.003000259399414
1482900564765,10.095999717712402,-36.702999114990234,-10.003000259399414
1482900564785,10.095999717712402,-36.702999114990234,-10.003000259399414
1482900564805,10.095999717712402,-36.702999114990234,-10.003000259399414
1482900564825,10.095999717712402,-36.702999114990234,-10.003000259399414
1482900564845,10.095999717712402,-36.702999114990234,-10.003000259399414
1482900564871,10.095999717712402,-36.702999114990234,-10.003000259399414
1482900564882,10.095999717712402,-36.702999114990234,-10.003000259399414
1482900564905,10.095999717712402,-36.702999114990234,-10.003000259399414
1482900564926,10.095999717712402,-36.702999114990234,-10.003000259399414
1482900564945,10.095999717712402,-36.702999114990234,-10.003000259399414
1482900564965,10.095999717712402,-36.702999114990234,-10.319000244140625
1482900564986,10.095999717712402,-36.702999114990234,-10.319000244140625
1482900565005,10.095999717712402,-36.702999114990234,-10.319000244140625
1482900565025,10.095999717712402,-36.702999114990234,-10.319000244140625
1482900565051,10.095999717712402,-36.702999114990234,-10.319000244140625
1482900565065,10.095999717712402,-36.702999114990234,-10.319000244140625
1482900565085,10.095999717712402,-36.702999114990234,-10.319000244140625
1482900565106,10.095999717712402,-36.702999114990234,-10.319000244140625
1482900565125,10.095999717712402,-36.702999114990234,-10.319000244140625
1482900565145,10.095999717712402,-36.702999114990234,-10.319000244140625
1482900565166,10.095999717712402,-36.702999114990234,-10.319000244140625
1482900565185,10.095999717712402,-36.702999114990234,-10.319000244140625
1482900565205,10.095999717712402,-36.702999114990234,-10.319000244140625
1482900565231,10.095999717712402,-36.702999114990234,-10.319000244140625
1482900565246,10.095999717712402,-36.702999114990234,-10.319000244140625
1482900565264,10.095999717712402,-36.702999114990234,-10.319000244140625
1482900565286,10.095999717712402,-36.702999114990234,-10.319000244140625
1482900565306,10.095999717712402,-36.702999114990234,-10.319000244140625
1482900565326,10.095999717712402,-36.702999114990234,-10.319000244140625
1482900565346,10.095999717712402,-36.702999114990234,-10.319000244140625
1482900565366,10.095999717712402,-36.702999114990234,-10.319000244140625
1482900565386,10.095999717712402,-36.702999114990234,-10.319000244140625
1482900565410,10.095999717712402,-36.702999114990234,-10.319000244140625
1482900565426,10.095999717712402,-36.702999114990234,-10.319000244140625
1482900565446,10.095999717712402,-36.702999114990234,-10.319000244140625
1482900565466,10.095999717712402,-36.702999114990234,-10.319000244140625
1482900565486,10.095999717712402,-36.702999114990234,-10.319000244140625
1482900565506,10.095999717712402,-36.702999114990234,-10.319000244140625
1482900565526,10.095999717712402,-36.702999114990234,-10.319000244140625
1482900565546,10.095999717712402,-36.702999114990234,-10.319000244140625
1482900565569,10.095999717712402,-36.702999114990234,-10.319000244140625
1482900565592,10.095999717712402,-36.702999114990234,-9.98900032043457
1482900565603,10.095999717712402,-36.702999114990234,-9.98900032043457
1482900565623,10.095999717712402,-36.702999114990234,-9.98900032043457
1482900565646,10.095999717712402,-36.702999114990234,-9.98900032043457
1482900565665,10.095999717712402,-36.702999114990234,-9.98900032043457
1482900565686,10.095999717712402,-36.702999114990234,-9.98900032043457
1482900565719,10.095999717712402,-36.702999114990234,-9.98900032043457
1482900565725,10.095999717712402,-36.702999114990234,-9.98900032043457
1482900565745,10.095999717712402,-36.702999114990234,-9.98900032043457
1482900565772,10.095999717712402,-36.702999114990234,-9.98900032043457
1482900565786,10.095999717712402,-36.702999114990234,-9.98900032043457
1482900565806,10.095999717712402,-36.702999114990234,-9.98900032043457
1482900565827,10.095999717712402,-36.702999114990234,-9.98900032043457
1482900565845,10.095999717712402,-36.702999114990234,-9.98900032043457
1482900565866,10.095999717712402,-36.702999114990234,-9.98900032043457
1482900565887,10.095999717712402,-36.702999114990234,-9.98900032043457
1482900565905,10.095999717712402,-36.702999114990234,-9.98900032043457
1482900565926,10.095999717712402,-36.702999114990234,-9.98900032043457
1482900565951,10.095999717712402,-36.702999114990234,-9.98900032043457
1482900565966,10.095999717712402,-36.702999114990234,-9.98900032043457
1482900565993,10.095999717712402,-36.702999114990234,-10.3100004196167
1482900566005,10.095999717712402,-36.702999114990234,-10.3100004196167
1482900566026,10.095999717712402,-36.702999114990234,-10.3100004196167
1482900566046,10.095999717712402,-36.702999114990234,-10.3100004196167
1482900566067,10.095999717712402,-36.702999114990234,-10.3100004196167
1482900566086,10.095999717712402,-36.702999114990234,-10.3100004196167
1482900566106,10.095999717712402,-36.702999114990234,-10.3100004196167
1482900566131,10.095999717712402,-36.702999114990234,-10.3100004196167
1482900566147,10.095999717712402,-36.702999114990234,-10.3100004196167
1482900566166,10.095999717712402,-36.702999114990234,-10.3100004196167
1482900566186,10.095999717712402,-36.702999114990234,-10.3100004196167
1482900566206,10.095999717712402,-36.702999114990234,-10.3100004196167
1482900566227,10.095999717712402,-36.702999114990234,-10.3100004196167
1482900566247,10.095999717712402,-36.702999114990234,-10.3100004196167
1482900566285,10.095999717712402,-36.702999114990234,-10.3100004196167
1482900566285,10.095999717712402,-36.702999114990234,-10.3100004196167
1482900566308,10.095999717712402,-36.702999114990234,-10.3100004196167
1482900566324,10.095999717712402,-36.702999114990234,-10.3100004196167
1482900566343,10.095999717712402,-36.702999114990234,-10.3100004196167
1482900566363,10.095999717712402,-36.702999114990234,-10.3100004196167
1482900566383,10.095999717712402,-36.702999114990234,-10.3100004196167
1482900566403,10.095999717712402,-36.702999114990234,-10.3100004196167
1482900566427,10.095999717712402,-36.702999114990234,-10.3100004196167
1482900566446,10.095999717712402,-36.702999114990234,-10.3100004196167
1482900566467,10.095999717712402,-36.702999114990234,-10.3100004196167
1482900566492,10.095999717712402,-36.702999114990234,-10.3100004196167
1482900566507,10.095999717712402,-36.702999114990234,-10.3100004196167
1482900566528,10.095999717712402,-36.702999114990234,-10.3100004196167
1482900566547,10.095999717712402,-36.702999114990234,-10.3100004196167
1482900566567,10.095999717712402,-36.702999114990234,-10.3100004196167
1482900566587,10.095999717712402,-36.702999114990234,-10.3100004196167
1482900566605,10.095999717712402,-36.702999114990234,-10.3100004196167
1482900566625,10.095999717712402,-36.702999114990234,-10.3100004196167
1482900566647,10.095999717712402,-36.702999114990234,-10.3100004196167
1482900566671,10.095999717712402,-36.702999114990234,-10.3100004196167
1482900566686,10.095999717712402,-36.702999114990234,-10.3100004196167
1482900566706,10.095999717712402,-36.702999114990234,-10.3100004196167
1482900566725,10.095999717712402,-36.702999114990234,-10.3100004196167
1482900566747,10.095999717712402,-36.702999114990234,-10.3100004196167
1482900566767,10.095999717712402,-36.702999114990234,-10.3100004196167
1482900566787,10.095999717712402,-36.702999114990234,-10.3100004196167
1482900566807,10.095999717712402,-36.702999114990234,-10.3100004196167
1482900566827,10.095999717712402,-36.702999114990234,-10.3100004196167
1482900566852,10.095999717712402,-36.702999114990234,-10.3100004196167
1482900566867,10.095999717712402,-36.702999114990234,-10.3100004196167
1482900566886,10.095999717712402,-36.702999114990234,-10.3100004196167
1482900566905,10.095999717712402,-36.702999114990234,-10.3100004196167
1482900566927,10.095999717712402,-36.702999114990234,-10.3100004196167
1482900566947,10.095999717712402,-36.702999114990234,-10.3100004196167
1482900566967,10.095999717712402,-36.702999114990234,-10.3100004196167
1482900566987,10.095999717712402,-36.702999114990234,-10.3100004196167
1482900567007,10.095999717712402,-36.702999114990234,-10.3100004196167
1482900567029,10.095999717712402,-36.702999114990234,-10.3100004196167
1482900567047,10.095999717712402,-36.702999114990234,-10.3100004196167
1482900567067,10.095999717712402,-36.702999114990234,-10.3100004196167
1482900567087,10.095999717712402,-36.702999114990234,-10.3100004196167
1482900567107,10.095999717712402,-36.702999114990234,-10.3100004196167
1482900567128,10.095999717712402,-36.702999114990234,-10.3100004196167
1482900567147,10.095999717712402,-36.702999114990234,-10.3100004196167
1482900567167,10.095999717712402,-36.702999114990234,-10.3100004196167
1482900567187,10.095999717712402,-36.702999114990234,-10.3100004196167
1482900567213,10.095999717712402,-36.702999114990234,-10.3100004196167
1482900567228,10.095999717712402,-36.702999114990234,-10.3100004196167
1482900567247,10.095999717712402,-36.702999114990234,-10.3100004196167
1482900567267,10.095999717712402,-36.702999114990234,-10.3100004196167
1482900567286,10.095999717712402,-36.702999114990234,-10.3100004196167
1482900567307,10.095999717712402,-36.702999114990234,-10.3100004196167
1482900567330,10.095999717712402,-36.702999114990234,-10.3100004196167
1482900567346,10.095999717712402,-36.702999114990234,-10.3100004196167
1482900567367,10.095999717712402,-36.702999114990234,-10.3100004196167
1482900567391,10.095999717712402,-36.702999114990234,-10.3100004196167
1482900567407,10.095999717712402,-36.702999114990234,-10.3100004196167
1482900567429,10.095999717712402,-36.702999114990234,-10.3100004196167
1482900567447,10.095999717712402,-36.702999114990234,-10.3100004196167
1482900567466,10.095999717712402,-36.702999114990234,-10.3100004196167
1482900567487,10.095999717712402,-36.702999114990234,-10.3100004196167
1482900567507,10.095999717712402,-36.702999114990234,-10.3100004196167
1482900567527,10.095999717712402,-36.702999114990234,-10.3100004196167
1482900567547,10.095999717712402,-36.702999114990234,-10.3100004196167
1482900567573,10.095999717712402,-36.702999114990234,-10.005000114440918
1482900567587,10.095999717712402,-36.702999114990234,-10.005000114440918
1482900567607,10.095999717712402,-36.702999114990234,-10.005000114440918
1482900567633,10.095999717712402,-36.702999114990234,-10.005000114440918
1482900567646,10.095999717712402,-36.702999114990234,-10.005000114440918
1482900567667,10.095999717712402,-36.702999114990234,-10.005000114440918
1482900567687,10.095999717712402,-36.702999114990234,-10.005000114440918
1482900567707,10.095999717712402,-36.702999114990234,-10.005000114440918
1482900567726,10.095999717712402,-36.702999114990234,-10.005000114440918
1482900567753,10.095999717712402,-36.702999114990234,-10.005000114440918
1482900567767,10.095999717712402,-36.702999114990234,-10.005000114440918
1482900567787,10.095999717712402,-36.702999114990234,-10.005000114440918
1482900567808,10.095999717712402,-36.702999114990234,-10.005000114440918
1482900567827,10.095999717712402,-36.702999114990234,-10.005000114440918
1482900567845,10.095999717712402,-36.702999114990234,-10.005000114440918
1482900567867,10.095999717712402,-36.702999114990234,-10.005000114440918
1482900567887,10.095999717712402,-36.702999114990234,-10.005000114440918
1482900567908,10.095999717712402,-36.702999114990234,-10.005000114440918
1482900567932,10.095999717712402,-36.702999114990234,-10.005000114440918
1482900567948,10.095999717712402,-36.702999114990234,-10.005000114440918
1482900567968,10.095999717712402,-36.702999114990234,-10.005000114440918
1482900567988,10.095999717712402,-36.702999114990234,-10.005000114440918
1482900568008,10.095999717712402,-36.702999114990234,-10.005000114440918
1482900568028,10.095999717712402,-36.702999114990234,-10.005000114440918
1482900568048,10.095999717712402,-36.702999114990234,-10.005000114440918
1482900568068,10.095999717712402,-36.702999114990234,-10.005000114440918
1482900568088,10.095999717712402,-36.702999114990234,-10.005000114440918
1482900568110,10.095999717712402,-36.702999114990234,-10.005000114440918
1482900568127,10.095999717712402,-36.702999114990234,-10.005000114440918
1482900568148,10.095999717712402,-36.702999114990234,-10.005000114440918
1482900568168,10.095999717712402,-36.702999114990234,-10.005000114440918
1482900568185,10.095999717712402,-36.702999114990234,-10.005000114440918
1482900568207,10.095999717712402,-36.702999114990234,-10.005000114440918
1482900568227,10.095999717712402,-36.702999114990234,-10.005000114440918
1482900568246,10.095999717712402,-36.702999114990234,-10.005000114440918
1482900568282,10.095999717712402,-36.702999114990234,-10.005000114440918
1482900568293,10.095999717712402,-36.702999114990234,-10.005000114440918
1482900568307,10.095999717712402,-36.702999114990234,-10.005000114440918
1482900568328,10.095999717712402,-36.702999114990234,-10.005000114440918
1482900568347,10.095999717712402,-36.702999114990234,-10.005000114440918
1482900568368,10.095999717712402,-36.702999114990234,-10.005000114440918
1482900568388,10.095999717712402,-36.702999114990234,-10.005000114440918
1482900568407,10.095999717712402,-36.702999114990234,-10.005000114440918
1482900568427,10.095999717712402,-36.702999114990234,-10.005000114440918
1482900568448,10.095999717712402,-36.702999114990234,-10.005000114440918
1482900568475,10.095999717712402,-36.702999114990234,-10.005000114440918
1482900568488,10.095999717712402,-36.702999114990234,-10.005000114440918
1482900568508,10.095999717712402,-36.702999114990234,-10.005000114440918
1482900568529,10.095999717712402,-36.702999114990234,-10.005000114440918
1482900568548,10.095999717712402,-36.702999114990234,-10.005000114440918
1482900568567,10.095999717712402,-36.702999114990234,-10.005000114440918
1482900568588,10.095999717712402,-36.702999114990234,-10.005000114440918
1482900568616,10.095999717712402,-36.702999114990234,-10.005000114440918
1482900568628,10.095999717712402,-36.702999114990234,-10.005000114440918
1482900568652,10.095999717712402,-36.702999114990234,-10.005000114440918
1482900568667,10.095999717712402,-36.702999114990234,-10.005000114440918
1482900568688,10.095999717712402,-36.702999114990234,-10.005000114440918
1482900568709,10.095999717712402,-36.702999114990234,-10.005000114440918
1482900568727,10.095999717712402,-36.702999114990234,-10.005000114440918
1482900568748,10.095999717712402,-36.702999114990234,-10.005000114440918
1482900568766,10.095999717712402,-36.702999114990234,-10.005000114440918
1482900568788,10.095999717712402,-36.702999114990234,-10.005000114440918
1482900568807,10.095999717712402,-36.702999114990234,-10.005000114440918
1482900568832,10.095999717712402,-36.702999114990234,-10.005000114440918
1482900568849,10.095999717712402,-36.702999114990234,-10.005000114440918
1482900568867,10.095999717712402,-36.702999114990234,-10.005000114440918
1482900568888,10.095999717712402,-36.702999114990234,-10.005000114440918
1482900568907,10.095999717712402,-36.702999114990234,-10.005000114440918
1482900568927,10.095999717712402,-36.702999114990234,-10.005000114440918
1482900568947,10.095999717712402,-36.702999114990234,-10.005000114440918
1482900568967,10.095999717712402,-36.702999114990234,-10.005000114440918
1482900568988,10.095999717712402,-36.702999114990234,-10.005000114440918
1482900569013,10.095999717712402,-36.702999114990234,-10.005000114440918
1482900569027,10.095999717712402,-36.702999114990234,-10.005000114440918
1482900569047,10.095999717712402,-36.388999938964844,-10.005000114440918
1482900569069,10.095999717712402,-36.388999938964844,-10.005000114440918
1482900569087,10.095999717712402,-36.388999938964844,-10.005000114440918
1482900569108,10.095999717712402,-36.388999938964844,-10.005000114440918
1482900569130,10.095999717712402,-36.388999938964844,-10.005000114440918
1482900569162,10.095999717712402,-36.388999938964844,-10.005000114440918
1482900569167,10.095999717712402,-36.388999938964844,-10.005000114440918
1482900569190,10.095999717712402,-36.388999938964844,-10.005000114440918
1482900569207,10.095999717712402,-36.388999938964844,-10.005000114440918
1482900569227,10.095999717712402,-36.388999938964844,-10.005000114440918
1482900569247,10.095999717712402,-36.388999938964844,-10.005000114440918
1482900569268,10.095999717712402,-36.388999938964844,-10.005000114440918
1482900569305,10.095999717712402,-36.388999938964844,-10.005000114440918
1482900569307,10.095999717712402,-36.388999938964844,-10.005000114440918
1482900569326,10.095999717712402,-36.388999938964844,-10.005000114440918
1482900569346,10.095999717712402,-36.388999938964844,-10.005000114440918
1482900569370,10.095999717712402,-36.388999938964844,-10.005000114440918
1482900569386,10.095999717712402,-36.388999938964844,-10.005000114440918
1482900569406,10.095999717712402,-36.388999938964844,-10.005000114440918
1482900569427,10.095999717712402,-36.388999938964844,-10.005000114440918
1482900569447,10.095999717712402,-36.388999938964844,-10.005000114440918
1482900569469,10.095999717712402,-36.388999938964844,-10.005000114440918
1482900569489,10.095999717712402,-36.388999938964844,-10.005000114440918
1482900569509,10.095999717712402,-36.388999938964844,-10.307000160217285
1482900569528,10.095999717712402,-36.388999938964844,-10.307000160217285
1482900569556,10.095999717712402,-36.388999938964844,-10.307000160217285
1482900569570,10.095999717712402,-36.388999938964844,-10.307000160217285
1482900569587,10.095999717712402,-36.388999938964844,-10.307000160217285
1482900569608,10.095999717712402,-36.388999938964844,-10.307000160217285
1482900569627,10.095999717712402,-36.388999938964844,-10.307000160217285
1482900569647,10.095999717712402,-36.388999938964844,-10.307000160217285
1482900569668,10.095999717712402,-36.388999938964844,-10.307000160217285
1482900569687,10.095999717712402,-36.388999938964844,-10.618000030517578
1482900569708,10.095999717712402,-36.388999938964844,-10.618000030517578
1482900569733,10.095999717712402,-36.388999938964844,-10.618000030517578
1482900569747,10.095999717712402,-36.388999938964844,-10.618000030517578
1482900569769,10.399999618530273,-36.388999938964844,-10.618000030517578
1482900569790,10.399999618530273,-36.388999938964844,-10.618000030517578
1482900569809,10.399999618530273,-36.388999938964844,-10.618000030517578
1482900569829,10.399999618530273,-36.388999938964844,-10.618000030517578
1482900569848,10.399999618530273,-36.388999938964844,-10.618000030517578
1482900569869,10.399999618530273,-36.388999938964844,-10.618000030517578
1482900569888,10.399999618530273,-36.388999938964844,-10.618000030517578
1482900569916,10.399999618530273,-36.388999938964844,-10.618000030517578
1482900569928,10.399999618530273,-36.388999938964844,-10.618000030517578
1482900569947,10.399999618530273,-36.388999938964844,-10.618000030517578
1482900569968,10.399999618530273,-36.388999938964844,-10.618000030517578
1482900569990,10.399999618530273,-36.388999938964844,-10.618000030517578
1482900570010,10.399999618530273,-36.388999938964844,-10.618000030517578
1482900570030,10.399999618530273,-36.388999938964844,-10.618000030517578
1482900570050,10.399999618530273,-36.388999938964844,-10.618000030517578
1482900570070,10.399999618530273,-36.388999938964844,-10.618000030517578
1482900570096,10.399999618530273,-36.388999938964844,-10.618000030517578
1482900570108,10.399999618530273,-36.388999938964844,-10.618000030517578
1482900570130,10.399999618530273,-36.388999938964844,-10.618000030517578
1482900570148,10.399999618530273,-36.388999938964844,-10.618000030517578
1482900570168,10.399999618530273,-36.388999938964844,-10.618000030517578
1482900570188,10.399999618530273,-36.388999938964844,-10.618000030517578
1482900570208,10.399999618530273,-36.388999938964844,-10.618000030517578
1482900570228,10.399999618530273,-36.388999938964844,-10.618000030517578
1482900570248,10.399999618530273,-36.388999938964844,-10.618000030517578
1482900570274,10.399999618530273,-36.388999938964844,-10.618000030517578
1482900570290,10.399999618530273,-36.388999938964844,-10.618000030517578
1482900570309,10.399999618530273,-36.388999938964844,-10.618000030517578
1482900570329,10.399999618530273,-36.388999938964844,-10.618000030517578
1482900570350,10.399999618530273,-36.388999938964844,-10.618000030517578
1482900570370,10.399999618530273,-36.388999938964844,-10.618000030517578
1482900570390,10.399999618530273,-36.388999938964844,-10.618000030517578
1482900570410,10.399999618530273,-36.388999938964844,-10.618000030517578
1482900570430,10.399999618530273,-36.388999938964844,-10.618000030517578
1482900570455,10.399999618530273,-36.388999938964844,-10.618000030517578
1482900570468,10.399999618530273,-36.388999938964844,-10.618000030517578
1482900570490,10.399999618530273,-36.388999938964844,-10.618000030517578
1482900570511,10.399999618530273,-36.388999938964844,-10.618000030517578
1482900570530,10.399999618530273,-36.388999938964844,-10.618000030517578
1482900570550,10.399999618530273,-36.388999938964844,-10.618000030517578
1482900570571,10.399999618530273,-36.388999938964844,-10.618000030517578
1482900570590,10.399999618530273,-36.388999938964844,-10.618000030517578
1482900570610,10.399999618530273,-36.388999938964844,-10.618000030517578
1482900570636,10.399999618530273,-36.388999938964844,-10.618000030517578
1482900570650,10.399999618530273,-36.388999938964844,-10.618000030517578
1482900570670,10.399999618530273,-36.388999938964844,-10.618000030517578
1482900570691,10.399999618530273,-36.388999938964844,-10.618000030517578
1482900570710,10.399999618530273,-36.388999938964844,-10.618000030517578
1482900570729,10.399999618530273,-36.388999938964844,-10.618000030517578
1482900570751,10.399999618530273,-36.388999938964844,-10.618000030517578
1482900570771,10.399999618530273,-36.388999938964844,-10.618000030517578
1482900570791,10.399999618530273,-36.388999938964844,-10.618000030517578
1482900570817,10.399999618530273,-36.388999938964844,-10.618000030517578
1482900570830,10.399999618530273,-36.388999938964844,-10.618000030517578
1482900570850,10.399999618530273,-36.388999938964844,-10.934000015258789
1482900570871,10.399999618530273,-36.07600021362305,-10.934000015258789
1482900570891,10.711000442504883,-36.07600021362305,-10.934000015258789
1482900570908,10.711000442504883,-36.07600021362305,-10.934000015258789
1482900570931,10.711000442504883,-36.07600021362305,-10.934000015258789
1482900570950,10.711000442504883,-36.07600021362305,-10.934000015258789
1482900570969,10.711000442504883,-36.07600021362305,-10.934000015258789
1482900570996,10.711000442504883,-36.07600021362305,-10.934000015258789
1482900571010,11.017999649047852,-36.07600021362305,-10.934000015258789
1482900571030,11.017999649047852,-36.07600021362305,-10.934000015258789
1482900571051,11.017999649047852,-36.07600021362305,-10.934000015258789
1482900571071,11.017999649047852,-36.07600021362305,-10.934000015258789
1482900571091,11.017999649047852,-36.07600021362305,-10.934000015258789
1482900571111,11.017999649047852,-36.07600021362305,-10.934000015258789
1482900571131,11.017999649047852,-36.07600021362305,-10.934000015258789
1482900571151,11.017999649047852,-36.07600021362305,-10.934000015258789
1482900571177,11.017999649047852,-36.07600021362305,-10.934000015258789
1482900571190,11.017999649047852,-36.07600021362305,-10.934000015258789
1482900571211,11.017999649047852,-36.07600021362305,-10.934000015258789
1482900571231,11.017999649047852,-36.07600021362305,-10.934000015258789
1482900571251,11.017999649047852,-36.07600021362305,-10.934000015258789
1482900571271,11.017999649047852,-36.07600021362305,-10.934000015258789
1482900571291,11.017999649047852,-36.07600021362305,-10.934000015258789
1482900571334,11.017999649047852,-36.07600021362305,-10.934000015258789
1482900571334,11.017999649047852,-36.07600021362305,-10.934000015258789
1482900571353,11.017999649047852,-36.07600021362305,-10.934000015258789
1482900571377,11.017999649047852,-36.07600021362305,-10.934000015258789
1482900571388,11.017999649047852,-36.07600021362305,-10.934000015258789
1482900571408,11.017999649047852,-36.07600021362305,-10.934000015258789
1482900571428,10.717000007629395,-36.07600021362305,-10.934000015258789
1482900571448,10.717000007629395,-36.07600021362305,-10.934000015258789
1482900571472,10.717000007629395,-36.07600021362305,-10.934000015258789
1482900571490,10.717000007629395,-36.07600021362305,-10.934000015258789
1482900571510,10.717000007629395,-36.07600021362305,-10.934000015258789
1482900571537,10.717000007629395,-36.07600021362305,-10.934000015258789
1482900571551,10.717000007629395,-36.07600021362305,-10.934000015258789
1482900571571,10.717000007629395,-36.07600021362305,-10.934000015258789
1482900571591,10.717000007629395,-36.07600021362305,-10.934000015258789
1482900571610,10.413999557495117,-36.07600021362305,-10.934000015258789
1482900571636,10.413999557495117,-36.07600021362305,-10.934000015258789
1482900571653,10.413999557495117,-36.07600021362305,-10.934000015258789
1482900571671,10.413999557495117,-36.07600021362305,-10.934000015258789
1482900571691,10.413999557495117,-36.07600021362305,-10.934000015258789
1482900571717,10.413999557495117,-36.07600021362305,-10.605999946594238
1482900571731,10.413999557495117,-36.07600021362305,-10.605999946594238
1482900571751,10.413999557495117,-36.37799835205078,-10.605999946594238
1482900571772,10.413999557495117,-36.37799835205078,-10.605999946594238
1482900571791,10.413999557495117,-36.37799835205078,-10.605999946594238
1482900571811,10.413999557495117,-36.37799835205078,-10.605999946594238
1482900571831,10.413999557495117,-36.37799835205078,-10.605999946594238
1482900571851,10.413999557495117,-36.37799835205078,-10.605999946594238
1482900571871,10.413999557495117,-36.37799835205078,-10.605999946594238
1482900571896,10.413999557495117,-36.37799835205078,-10.605999946594238
1482900571911,10.413999557495117,-36.37799835205078,-10.605999946594238
1482900571930,10.413999557495117,-36.37799835205078,-10.298999786376953
1482900571952,10.413999557495117,-36.37799835205078,-10.298999786376953
1482900571971,10.413999557495117,-36.37799835205078,-10.298999786376953
1482900571991,10.413999557495117,-36.37799835205078,-10.298999786376953
1482900572012,10.413999557495117,-36.37799835205078,-10.298999786376953
1482900572031,10.413999557495117,-36.37799835205078,-10.298999786376953
1482900572051,10.413999557495117,-36.37799835205078,-10.298999786376953
1482900572077,10.413999557495117,-36.37799835205078,-10.298999786376953
1482900572091,10.413999557495117,-36.37799835205078,-10.298999786376953
1482900572112,10.413999557495117,-36.37799835205078,-10.298999786376953
1482900572132,10.413999557495117,-36.37799835205078,-10.298999786376953
1482900572152,10.413999557495117,-36.37799835205078,-10.298999786376953
1482900572172,10.413999557495117,-36.37799835205078,-10.298999786376953
1482900572192,10.413999557495117,-36.37799835205078,-10.298999786376953
1482900572212,10.413999557495117,-36.37799835205078,-10.298999786376953
1482900572232,10.413999557495117,-36.37799835205078,-10.298999786376953
1482900572256,10.413999557495117,-36.37799835205078,-10.298999786376953
1482900572272,10.413999557495117,-36.37799835205078,-10.298999786376953
1482900572292,10.413999557495117,-36.37799835205078,-10.298999786376953
1482900572312,10.413999557495117,-36.37799835205078,-10.298999786376953
1482900572335,10.413999557495117,-36.37799835205078,-10.298999786376953
1482900572352,10.413999557495117,-36.37799835205078,-10.298999786376953
1482900572372,10.413999557495117,-36.37799835205078,-10.298999786376953
1482900572392,10.413999557495117,-36.37799835205078,-10.298999786376953
1482900572412,10.413999557495117,-36.37799835205078,-10.298999786376953
1482900572437,10.413999557495117,-36.37799835205078,-10.298999786376953
1482900572452,10.413999557495117,-36.37799835205078,-10.298999786376953
1482900572472,10.413999557495117,-36.37799835205078,-10.298999786376953
1482900572492,10.413999557495117,-36.37799835205078,-10.298999786376953
1482900572512,10.413999557495117,-36.37799835205078,-10.298999786376953
1482900572532,10.413999557495117,-36.37799835205078,-10.298999786376953
1482900572553,10.413999557495117,-36.37799835205078,-10.298999786376953
1482900572572,10.413999557495117,-36.37799835205078,-10.298999786376953
1482900572592,10.413999557495117,-36.67900085449219,-10.298999786376953
1482900572618,10.413999557495117,-36.67900085449219,-10.298999786376953
1482900572632,10.413999557495117,-36.67900085449219,-10.298999786376953
1482900572652,10.413999557495117,-36.67900085449219,-10.298999786376953
1482900572673,10.413999557495117,-36.67900085449219,-10.298999786376953
1482900572692,10.413999557495117,-36.67900085449219,-10.298999786376953
1482900572712,10.413999557495117,-36.67900085449219,-10.298999786376953
1482900572733,10.413999557495117,-36.67900085449219,-10.298999786376953
1482900572752,10.413999557495117,-36.67900085449219,-10.298999786376953
1482900572772,10.413999557495117,-36.67900085449219,-10.298999786376953
1482900572798,10.413999557495117,-36.67900085449219,-10.298999786376953
1482900572812,10.722999572753906,-36.67900085449219,-10.298999786376953
1482900572833,10.722999572753906,-36.67900085449219,-10.298999786376953
1482900572853,10.722999572753906,-36.67900085449219,-10.298999786376953
1482900572872,10.722999572753906,-36.67900085449219,-10.298999786376953
1482900572892,10.722999572753906,-36.67900085449219,-10.298999786376953
1482900572913,10.722999572753906,-36.67900085449219,-10.298999786376953
1482900572934,10.722999572753906,-36.67900085449219,-10.298999786376953
1482900572953,10.722999572753906,-36.67900085449219,-10.298999786376953
1482900572979,10.722999572753906,-36.67900085449219,-10.298999786376953
1482900572993,10.722999572753906,-36.67900085449219,-10.298999786376953
1482900573013,10.722999572753906,-36.67900085449219,-10.298999786376953
1482900573033,10.722999572753906,-36.67900085449219,-10.298999786376953
1482900573053,10.722999572753906,-36.67900085449219,-10.298999786376953
1482900573073,10.722999572753906,-36.67900085449219,-10.298999786376953
1482900573093,10.722999572753906,-36.67900085449219,-10.298999786376953
1482900573113,10.722999572753906,-36.67900085449219,-10.298999786376953
1482900573133,10.722999572753906,-36.67900085449219,-10.298999786376953
1482900573159,10.722999572753906,-36.67900085449219,-10.298999786376953
1482900573173,10.722999572753906,-36.67900085449219,-10.298999786376953
1482900573193,10.722999572753906,-36.67900085449219,-10.298999786376953
1482900573213,10.722999572753906,-36.67900085449219,-10.298999786376953
1482900573233,10.722999572753906,-36.67900085449219,-10.298999786376953
1482900573253,10.722999572753906,-36.67900085449219,-10.298999786376953
1482900573273,10.722999572753906,-36.67900085449219,-10.298999786376953
1482900573293,10.722999572753906,-36.67900085449219,-10.298999786376953
1482900573313,10.722999572753906,-36.67900085449219,-10.298999786376953
1482900573340,10.722999572753906,-36.67900085449219,-10.298999786376953
1482900573353,10.722999572753906,-36.67900085449219,-10.298999786376953
1482900573374,10.722999572753906,-36.67900085449219,-10.298999786376953
1482900573393,10.722999572753906,-36.67900085449219,-10.298999786376953
1482900573411,10.722999572753906,-36.67900085449219,-10.298999786376953
1482900573430,10.722999572753906,-36.67900085449219,-10.298999786376953
1482900573450,10.722999572753906,-36.67900085449219,-10.298999786376953
1482900573470,10.722999572753906,-36.67900085449219,-10.298999786376953
1482900573490,10.722999572753906,-36.67900085449219,-10.298999786376953
1482900573515,10.722999572753906,-36.67900085449219,-10.298999786376953
1482900573533,10.722999572753906,-36.67900085449219,-10.298999786376953
1482900573553,10.722999572753906,-36.67900085449219,-10.298999786376953
1482900573573,10.722999572753906,-36.67900085449219,-10.298999786376953
1482900573593,10.722999572753906,-36.67900085449219,-10.298999786376953
1482900573613,10.722999572753906,-36.67900085449219,-10.298999786376953
1482900573633,10.722999572753906,-36.67900085449219,-10.298999786376953
1482900573653,10.722999572753906,-36.67900085449219,-10.298999786376953
1482900573673,10.722999572753906,-36.67900085449219,-10.298999786376953
1482900573699,10.722999572753906,-36.67900085449219,-10.298999786376953
1482900573713,10.722999572753906,-36.67900085449219,-10.298999786376953
1482900573733,10.722999572753906,-36.67900085449219,-10.298999786376953
1482900573754,10.722999572753906,-36.67900085449219,-10.298999786376953
1482900573773,10.39799976348877,-36.67900085449219,-10.298999786376953
1482900573793,10.39799976348877,-36.67900085449219,-10.298999786376953
1482900573814,10.39799976348877,-36.67900085449219,-10.298999786376953
1482900573833,10.39799976348877,-36.67900085449219,-10.298999786376953
1482900573853,10.39799976348877,-36.67900085449219,-10.298999786376953
1482900573879,10.39799976348877,-36.67900085449219,-10.298999786376953
1482900573893,10.39799976348877,-36.67900085449219,-10.298999786376953
1482900573913,10.39799976348877,-36.67900085449219,-10.298999786376953
1482900573934,10.39799976348877,-36.67900085449219,-10.298999786376953
1482900573954,10.39799976348877,-36.67900085449219,-10.298999786376953
1482900573973,10.39799976348877,-36.67900085449219,-10.298999786376953
1482900573995,10.39799976348877,-36.67900085449219,-10.298999786376953
1482900574014,10.39799976348877,-36.67900085449219,-10.298999786376953
1482900574034,10.39799976348877,-36.67900085449219,-10.298999786376953
1482900574060,10.39799976348877,-36.67900085449219,-10.298999786376953
1482900574074,10.39799976348877,-36.98400115966797,-9.935999870300293
1482900574092,10.39799976348877,-36.98400115966797,-9.935999870300293
1482900574114,10.39799976348877,-36.98400115966797,-9.935999870300293
1482900574133,10.39799976348877,-36.98400115966797,-9.935999870300293
1482900574153,10.39799976348877,-36.98400115966797,-9.935999870300293
1482900574174,10.39799976348877,-36.98400115966797,-9.935999870300293
1482900574193,10.39799976348877,-36.98400115966797,-9.935999870300293
1482900574211,10.39799976348877,-36.98400115966797,-9.633999824523926
1482900574236,10.39799976348877,-36.98400115966797,-9.633999824523926
1482900574251,10.39799976348877,-36.98400115966797,-9.633999824523926
1482900574271,10.39799976348877,-36.98400115966797,-9.633999824523926
1482900574293,10.39799976348877,-36.98400115966797,-9.633999824523926
1482900574315,10.39799976348877,-36.98400115966797,-9.633999824523926
1482900574331,10.39799976348877,-36.98400115966797,-9.633999824523926
1482900574354,10.39799976348877,-36.98400115966797,-9.633999824523926
1482900574374,10.39799976348877,-36.98400115966797,-9.633999824523926
1482900574394,10.39799976348877,-36.98400115966797,-9.633999824523926
1482900574420,10.39799976348877,-36.98400115966797,-9.633999824523926
1482900574434,10.39799976348877,-36.98400115966797,-9.633999824523926
1482900574454,10.39799976348877,-36.98400115966797,-9.633999824523926
1482900574474,10.39799976348877,-36.98400115966797,-9.633999824523926
1482900574494,10.39799976348877,-36.98400115966797,-9.633999824523926
1482900574514,10.39799976348877,-36.98400115966797,-9.633999824523926
1482900574534,10.39799976348877,-36.98400115966797,-9.633999824523926
1482900574553,10.39799976348877,-36.98400115966797,-9.944999694824219
1482900574574,10.39799976348877,-36.98400115966797,-9.944999694824219
1482900574600,10.39799976348877,-36.98400115966797,-9.944999694824219
1482900574615,10.39799976348877,-36.98400115966797,-9.944999694824219
1482900574634,10.39799976348877,-36.98400115966797,-9.944999694824219
1482900574657,10.39799976348877,-36.98400115966797,-9.944999694824219
1482900574671,10.39799976348877,-36.98400115966797,-9.944999694824219
1482900574693,10.39799976348877,-36.98400115966797,-9.944999694824219
1482900574715,10.39799976348877,-36.98400115966797,-9.944999694824219
1482900574733,10.39799976348877,-36.98400115966797,-9.944999694824219
1482900574754,10.39799976348877,-36.98400115966797,-9.944999694824219
1482900574780,10.39799976348877,-36.98400115966797,-9.944999694824219
1482900574795,10.39799976348877,-36.98400115966797,-9.944999694824219
1482900574814,10.39799976348877,-36.98400115966797,-9.944999694824219
1482900574835,10.39799976348877,-36.98400115966797,-9.944999694824219
1482900574855,10.39799976348877,-36.98400115966797,-9.944999694824219
1482900574874,10.39799976348877,-36.98400115966797,-9.944999694824219
1482900574894,10.39799976348877,-36.98400115966797,-9.944999694824219
1482900574915,10.39799976348877,-36.98400115966797,-9.944999694824219
1482900574934,10.39799976348877,-36.98400115966797,-9.944999694824219
1482900574959,10.39799976348877,-36.98400115966797,-9.944999694824219
1482900574975,10.39799976348877,-36.98400115966797,-9.944999694824219
1482900574994,10.39799976348877,-36.98400115966797,-9.944999694824219
1482900575015,10.39799976348877,-36.98400115966797,-9.944999694824219
1482900575034,10.39799976348877,-36.98400115966797,-9.944999694824219
1482900575055,10.39799976348877,-36.98400115966797,-9.944999694824219
1482900575075,10.39799976348877,-36.98400115966797,-9.944999694824219
1482900575095,10.39799976348877,-36.98400115966797,-9.944999694824219
1482900575115,10.39799976348877,-36.98400115966797,-9.944999694824219
1482900575140,10.39799976348877,-36.98400115966797,-9.944999694824219
1482900575155,10.39799976348877,-36.98400115966797,-9.944999694824219
1482900575175,10.39799976348877,-36.98400115966797,-10.25
1482900575195,10.39799976348877,-36.98400115966797,-10.25
1482900575215,10.39799976348877,-36.98400115966797,-10.25
1482900575235,10.39799976348877,-36.98400115966797,-10.25
1482900575255,10.39799976348877,-36.98400115966797,-10.25
1482900575275,10.39799976348877,-36.98400115966797,-10.25
1482900575295,10.74899959564209,-36.98400115966797,-10.25
1482900575321,10.74899959564209,-36.98400115966797,-10.25
1482900575335,10.74899959564209,-36.98400115966797,-10.25
1482900575355,10.74899959564209,-36.98400115966797,-10.25
1482900575375,10.74899959564209,-36.98400115966797,-10.25
1482900575395,10.74899959564209,-36.98400115966797,-10.25
1482900575412,10.74899959564209,-36.98400115966797,-10.25
1482900575435,11.0649995803833,-36.98400115966797,-10.25
1482900575453,11.0649995803833,-36.98400115966797,-10.557000160217285
1482900575474,11.0649995803833,-36.98400115966797,-10.557000160217285
1482900575501,11.0649995803833,-36.98400115966797,-10.557000160217285
1482900575515,11.0649995803833,-36.98400115966797,-10.557000160217285
1482900575535,11.0649995803833,-36.98400115966797,-10.557000160217285
1482900575555,11.0649995803833,-36.98400115966797,-10.557000160217285
1482900575575,11.0649995803833,-36.98400115966797,-10.557000160217285
1482900575595,11.0649995803833,-36.98400115966797,-10.557000160217285
1482900575621,11.0649995803833,-36.98400115966797,-10.557000160217285
1482900575634,11.0649995803833,-36.98400115966797,-10.557000160217285
1482900575654,11.0649995803833,-36.98400115966797,-10.557000160217285
1482900575681,11.0649995803833,-36.98400115966797,-10.557000160217285
1482900575695,11.0649995803833,-36.98400115966797,-10.557000160217285
1482900575715,11.0649995803833,-36.98400115966797,-10.557000160217285
1482900575735,11.0649995803833,-36.98400115966797,-10.557000160217285
1482900575755,11.0649995803833,-36.98400115966797,-10.557000160217285
1482900575775,11.0649995803833,-36.98400115966797,-10.557000160217285
1482900575795,11.0649995803833,-36.98400115966797,-10.557000160217285
1482900575815,11.0649995803833,-36.98400115966797,-10.557000160217285
1482900575834,11.0649995803833,-36.98400115966797,-10.557000160217285
1482900575861,11.0649995803833,-36.98400115966797,-10.557000160217285
1482900575875,11.0649995803833,-36.98400115966797,-10.557000160217285
1482900575895,11.0649995803833,-36.98400115966797,-10.557000160217285
1482900575915,11.0649995803833,-36.98400115966797,-10.557000160217285
1482900575935,11.0649995803833,-36.98400115966797,-10.557000160217285
1482900575954,11.0649995803833,-36.98400115966797,-10.557000160217285
1482900575975,11.0649995803833,-36.98400115966797,-10.557000160217285
1482900575995,11.0649995803833,-36.98400115966797,-10.557000160217285
1482900576015,11.0649995803833,-36.68299865722656,-10.557000160217285
1482900576041,11.0649995803833,-36.68299865722656,-10.557000160217285
1482900576055,11.0649995803833,-36.68299865722656,-10.557000160217285
1482900576075,11.0649995803833,-36.68299865722656,-10.557000160217285
1482900576095,11.0649995803833,-36.68299865722656,-10.557000160217285
1482900576115,11.0649995803833,-36.68299865722656,-10.557000160217285
1482900576136,11.0649995803833,-36.68299865722656,-10.557000160217285
1482900576156,11.0649995803833,-36.68299865722656,-10.557000160217285
1482900576176,11.0649995803833,-36.68299865722656,-10.557000160217285
1482900576196,11.0649995803833,-36.68299865722656,-10.557000160217285
1482900576222,11.0649995803833,-36.68299865722656,-10.557000160217285
1482900576236,11.0649995803833,-36.68299865722656,-10.557000160217285
1482900576256,11.0649995803833,-36.68299865722656,-10.557000160217285
1482900576305,11.0649995803833,-36.68299865722656,-10.557000160217285
1482900576305,11.0649995803833,-36.68299865722656,-10.557000160217285
1482900576315,11.0649995803833,-36.68299865722656,-10.557000160217285
1482900576336,11.0649995803833,-36.68299865722656,-10.557000160217285
1482900576355,11.0649995803833,-36.68299865722656,-10.557000160217285
1482900576375,11.0649995803833,-36.68299865722656,-10.557000160217285
1482900576402,11.0649995803833,-36.68299865722656,-10.557000160217285
1482900576416,11.0649995803833,-36.68299865722656,-10.557000160217285
1482900576435,11.0649995803833,-36.68299865722656,-10.557000160217285
1482900576454,11.0649995803833,-36.68299865722656,-10.557000160217285
1482900576475,11.0649995803833,-36.68299865722656,-10.557000160217285
1482900576495,11.0649995803833,-36.68299865722656,-10.557000160217285
1482900576516,11.0649995803833,-36.68299865722656,-10.557000160217285
1482900576542,11.0649995803833,-36.68299865722656,-10.557000160217285
1482900576555,11.0649995803833,-36.68299865722656,-10.557000160217285
1482900576581,11.0649995803833,-36.68299865722656,-10.557000160217285
1482900576595,10.751999855041504,-36.68299865722656,-10.557000160217285
1482900576616,10.751999855041504,-36.68299865722656,-10.557000160217285
1482900576643,10.751999855041504,-36.68299865722656,-10.557000160217285
1482900576656,10.751999855041504,-36.68299865722656,-10.557000160217285
1482900576675,10.751999855041504,-36.68299865722656,-10.557000160217285
1482900576697,10.751999855041504,-36.68299865722656,-10.557000160217285
1482900576715,10.751999855041504,-36.68299865722656,-10.557000160217285
1482900576736,10.751999855041504,-36.68299865722656,-10.557000160217285
1482900576762,10.751999855041504,-36.68299865722656,-10.557000160217285
1482900576776,10.751999855041504,-36.68299865722656,-10.557000160217285
1482900576796,10.751999855041504,-36.68299865722656,-10.557000160217285
1482900576816,10.751999855041504,-36.68299865722656,-10.557000160217285
1482900576836,10.751999855041504,-36.68299865722656,-10.557000160217285
1482900576856,10.751999855041504,-36.68299865722656,-10.557000160217285
1482900576876,10.751999855041504,-36.68299865722656,-10.557000160217285
1482900576896,10.751999855041504,-36.68299865722656,-10.557000160217285
1482900576915,10.751999855041504,-36.68299865722656,-10.557000160217285
1482900576942,10.751999855041504,-36.68299865722656,-10.557000160217285
1482900576960,10.751999855041504,-36.68299865722656,-10.557000160217285
1482900576975,10.751999855041504,-36.68299865722656,-10.869999885559082
1482900576997,10.751999855041504,-36.68299865722656,-10.869999885559082
1482900577017,10.751999855041504,-36.68299865722656,-10.869999885559082
1482900577036,10.751999855041504,-36.68299865722656,-10.869999885559082
1482900577056,10.751999855041504,-36.68299865722656,-10.869999885559082
1482900577076,10.751999855041504,-36.68299865722656,-10.869999885559082
1482900577096,10.751999855041504,-36.68299865722656,-10.869999885559082
1482900577122,10.751999855041504,-36.68299865722656,-10.869999885559082
1482900577136,10.751999855041504,-36.68299865722656,-10.869999885559082
1482900577156,10.751999855041504,-36.68299865722656,-10.869999885559082
1482900577176,10.751999855041504,-36.68299865722656,-10.869999885559082
1482900577196,10.751999855041504,-36.68299865722656,-10.869999885559082
1482900577216,10.751999855041504,-36.68299865722656,-10.869999885559082
1482900577236,10.751999855041504,-36.68299865722656,-10.869999885559082
1482900577257,10.751999855041504,-36.68299865722656,-10.869999885559082
1482900577277,10.751999855041504,-36.68299865722656,-10.869999885559082
1482900577303,10.751999855041504,-36.68299865722656,-10.869999885559082
1482900577317,10.751999855041504,-36.68299865722656,-10.869999885559082
1482900577337,10.751999855041504,-36.68299865722656,-10.869999885559082
1482900577356,10.751999855041504,-36.68299865722656,-10.869999885559082
1482900577374,10.751999855041504,-36.68299865722656,-10.869999885559082
1482900577397,10.751999855041504,-36.68299865722656,-10.869999885559082
1482900577416,10.751999855041504,-36.68299865722656,-10.869999885559082
1482900577436,10.751999855041504,-36.68299865722656,-10.869999885559082
1482900577456,10.751999855041504,-36.68299865722656,-10.869999885559082
1482900577482,10.751999855041504,-36.68299865722656,-10.869999885559082
1482900577496,10.751999855041504,-36.68299865722656,-10.869999885559082
1482900577516,10.751999855041504,-36.68299865722656,-10.869999885559082
1482900577537,10.751999855041504,-36.68299865722656,-10.869999885559082
1482900577556,10.751999855041504,-36.68299865722656,-10.869999885559082
1482900577576,10.751999855041504,-36.68299865722656,-10.869999885559082
1482900577597,10.751999855041504,-36.68299865722656,-10.869999885559082
1482900577617,10.751999855041504,-36.68299865722656,-10.869999885559082
1482900577637,10.751999855041504,-36.68299865722656,-10.869999885559082
1482900577662,10.751999855041504,-36.68299865722656,-10.869999885559082
1482900577674,10.751999855041504,-36.68299865722656,-10.869999885559082
1482900577707,11.067000389099121,-36.68299865722656,-10.869999885559082
1482900577717,11.067000389099121,-36.68299865722656,-10.869999885559082
1482900577737,11.067000389099121,-36.68299865722656,-10.869999885559082
1482900577757,11.067000389099121,-36.68299865722656,-10.869999885559082
1482900577777,11.067000389099121,-36.68299865722656,-10.869999885559082
1482900577797,11.067000389099121,-36.68299865722656,-10.869999885559082
1482900577817,11.067000389099121,-36.68299865722656,-10.869999885559082
1482900577841,11.067000389099121,-36.68299865722656,-10.869999885559082
1482900577857,11.067000389099121,-36.68299865722656,-10.869999885559082
1482900577877,11.067000389099121,-36.68299865722656,-10.869999885559082
1482900577897,11.067000389099121,-36.68299865722656,-10.869999885559082
1482900577917,11.380999565124512,-36.68299865722656,-10.869999885559082
1482900577937,11.380999565124512,-36.68299865722656,-10.869999885559082
1482900577957,11.380999565124512,-36.68299865722656,-10.869999885559082
1482900577975,11.380999565124512,-36.68299865722656,-10.869999885559082
1482900577996,11.380999565124512,-36.68299865722656,-10.869999885559082
1482900578021,11.380999565124512,-36.68299865722656,-10.869999885559082
1482900578037,11.380999565124512,-36.68299865722656,-10.869999885559082
1482900578057,11.380999565124512,-36.68299865722656,-10.869999885559082
1482900578077,11.380999565124512,-36.68299865722656,-10.869999885559082
1482900578097,11.380999565124512,-36.68299865722656,-10.869999885559082
1482900578117,11.380999565124512,-36.68299865722656,-10.869999885559082
1482900578137,11.380999565124512,-36.68299865722656,-10.869999885559082
1482900578157,11.380999565124512,-36.68299865722656,-10.869999885559082
1482900578177,11.380999565124512,-36.68299865722656,-10.869999885559082
1482900578203,11.380999565124512,-36.68299865722656,-10.869999885559082
1482900578217,11.380999565124512,-36.68299865722656,-10.869999885559082
1482900578237,11.380999565124512,-36.68299865722656,-10.869999885559082
1482900578258,11.380999565124512,-36.68299865722656,-10.869999885559082
1482900578277,11.380999565124512,-36.68299865722656,-10.869999885559082
1482900578298,11.380999565124512,-36.68299865722656,-10.869999885559082
1482900578318,11.380999565124512,-36.68299865722656,-10.869999885559082
1482900578337,11.380999565124512,-36.68299865722656,-10.869999885559082
1482900578355,11.380999565124512,-36.68299865722656,-10.869999885559082
1482900578381,11.380999565124512,-36.68299865722656,-10.869999885559082
1482900578396,11.380999565124512,-36.68299865722656,-10.869999885559082
1482900578417,11.380999565124512,-36.68299865722656,-10.869999885559082
1482900578437,11.380999565124512,-36.68299865722656,-10.869999885559082
1482900578457,11.380999565124512,-36.68299865722656,-10.869999885559082
1482900578477,11.380999565124512,-36.68299865722656,-10.869999885559082
1482900578498,11.380999565124512,-36.68299865722656,-10.869999885559082
1482900578517,11.380999565124512,-36.68299865722656,-10.869999885559082
1482900578537,11.380999565124512,-36.68299865722656,-10.869999885559082
1482900578563,11.380999565124512,-36.68299865722656,-10.869999885559082
1482900578577,11.380999565124512,-36.68299865722656,-10.869999885559082
1482900578597,11.380999565124512,-36.68299865722656,-10.869999885559082
1482900578618,11.380999565124512,-36.68299865722656,-10.869999885559082
1482900578637,11.380999565124512,-36.68299865722656,-10.869999885559082
1482900578657,11.380999565124512,-36.68299865722656,-10.869999885559082
1482900578678,11.380999565124512,-36.68299865722656,-10.869999885559082
1482900578698,11.380999565124512,-36.68299865722656,-10.869999885559082
1482900578718,11.380999565124512,-36.68299865722656,-10.869999885559082
1482900578745,11.380999565124512,-36.68299865722656,-10.869999885559082
1482900578757,11.380999565124512,-36.68299865722656,-10.869999885559082
1482900578778,11.380999565124512,-36.68299865722656,-10.869999885559082
1482900578798,11.380999565124512,-36.68299865722656,-10.869999885559082
1482900578818,11.380999565124512,-36.68299865722656,-10.869999885559082
1482900578837,11.380999565124512,-36.68299865722656,-10.869999885559082
1482900578858,11.380999565124512,-36.68299865722656,-10.869999885559082
1482900578878,11.380999565124512,-36.68299865722656,-10.869999885559082
1482900578898,11.380999565124512,-36.68299865722656,-10.869999885559082
1482900578925,11.380999565124512,-36.68299865722656,-10.869999885559082
1482900578937,11.380999565124512,-36.68299865722656,-10.869999885559082
1482900578958,11.380999565124512,-36.68299865722656,-10.869999885559082
1482900578977,11.380999565124512,-36.68299865722656,-10.869999885559082
1482900578995,11.380999565124512,-36.68299865722656,-10.869999885559082
1482900579017,11.380999565124512,-36.68299865722656,-10.869999885559082
1482900579037,11.380999565124512,-36.68299865722656,-10.869999885559082
1482900579057,11.380999565124512,-36.68299865722656,-10.869999885559082
1482900579078,11.380999565124512,-36.68299865722656,-10.869999885559082
1482900579105,11.380999565124512,-36.68299865722656,-10.869999885559082
1482900579117,11.380999565124512,-36.68299865722656,-10.869999885559082
1482900579138,11.380999565124512,-36.68299865722656,-10.869999885559082
1482900579158,11.380999565124512,-36.68299865722656,-11.17199993133545
1482900579176,11.380999565124512,-36.68299865722656,-11.17199993133545
1482900579225,11.380999565124512,-36.68299865722656,-11.17199993133545
1482900579225,11.380999565124512,-36.68299865722656,-11.17199993133545
1482900579236,11.380999565124512,-36.68299865722656,-11.17199993133545
1482900579256,11.380999565124512,-36.68299865722656,-11.17199993133545
1482900579282,11.380999565124512,-36.68299865722656,-11.17199993133545
1482900579296,11.380999565124512,-36.68299865722656,-11.17199993133545
1482900579317,11.380999565124512,-36.68299865722656,-11.17199993133545
1482900579337,11.380999565124512,-36.68299865722656,-11.17199993133545
1482900579358,11.380999565124512,-36.68299865722656,-11.17199993133545
1482900579400,11.380999565124512,-36.68299865722656,-11.17199993133545
1482900579400,11.380999565124512,-36.68299865722656,-11.17199993133545
1482900579416,11.380999565124512,-36.68299865722656,-11.17199993133545
1482900579440,11.380999565124512,-36.68299865722656,-11.17199993133545
1482900579461,11.380999565124512,-36.68299865722656,-11.17199993133545
1482900579476,11.380999565124512,-36.68299865722656,-11.17199993133545
1482900579496,11.380999565124512,-36.68299865722656,-11.17199993133545
1482900579516,11.380999565124512,-36.68299865722656,-11.17199993133545
1482900579536,11.380999565124512,-36.68299865722656,-11.17199993133545
1482900579559,11.380999565124512,-36.68299865722656,-11.17199993133545
1482900579579,11.380999565124512,-36.68299865722656,-11.17199993133545
1482900579599,11.380999565124512,-36.68299865722656,-11.17199993133545
1482900579621,11.380999565124512,-36.68299865722656,-11.17199993133545
1482900579643,11.380999565124512,-36.68299865722656,-11.17199993133545
1482900579658,11.380999565124512,-36.68299865722656,-11.17199993133545
1482900579677,11.380999565124512,-36.68299865722656,-11.17199993133545
1482900579699,11.380999565124512,-36.68299865722656,-11.17199993133545
1482900579719,11.380999565124512,-36.68299865722656,-11.17199993133545
1482900579739,11.380999565124512,-36.68299865722656,-11.17199993133545
1482900579759,11.380999565124512,-36.68299865722656,-11.17199993133545
1482900579779,11.380999565124512,-36.68299865722656,-11.17199993133545
1482900579798,11.069999694824219,-36.68299865722656,-11.17199993133545
1482900579825,11.069999694824219,-36.68299865722656,-11.17199993133545
1482900579837,11.069999694824219,-36.68299865722656,-11.17199993133545
1482900579859,11.069999694824219,-36.68299865722656,-11.17199993133545
1482900579879,11.069999694824219,-36.68299865722656,-11.17199993133545
1482900579897,11.069999694824219,-36.68299865722656,-11.17199993133545
1482900579919,11.069999694824219,-36.68299865722656,-11.17199993133545
1482900579939,11.069999694824219,-36.68299865722656,-11.17199993133545
1482900579959,11.069999694824219,-36.68299865722656,-11.17199993133545
1482900579977,11.069999694824219,-36.68299865722656,-11.17199993133545
1482900580005,11.069999694824219,-36.68299865722656,-11.17199993133545
1482900580019,11.069999694824219,-36.68299865722656,-11.17199993133545
1482900580039,11.069999694824219,-36.68299865722656,-11.17199993133545
1482900580059,11.069999694824219,-36.68299865722656,-11.17199993133545
1482900580079,11.069999694824219,-36.68299865722656,-11.17199993133545
1482900580099,11.069999694824219,-36.68299865722656,-11.17199993133545
1482900580119,11.069999694824219,-36.68299865722656,-11.17199993133545
1482900580139,11.069999694824219,-36.68299865722656,-11.17199993133545
1482900580159,11.069999694824219,-36.68299865722656,-11.17199993133545
1482900580186,11.069999694824219,-36.68299865722656,-11.17199993133545
1482900580198,11.069999694824219,-36.68299865722656,-11.17199993133545
1482900580219,11.069999694824219,-36.68299865722656,-11.17199993133545
1482900580240,11.069999694824219,-36.68299865722656,-11.17199993133545
1482900580259,11.069999694824219,-36.68299865722656,-11.17199993133545
1482900580279,11.069999694824219,-36.68299865722656,-11.17199993133545
1482900580298,11.069999694824219,-36.68299865722656,-11.17199993133545
1482900580319,11.069999694824219,-36.68299865722656,-11.17199993133545
1482900580337,11.069999694824219,-36.68299865722656,-11.17199993133545
1482900580363,11.069999694824219,-36.68299865722656,-11.17199993133545
1482900580377,11.069999694824219,-36.68299865722656,-11.17199993133545
1482900580401,11.069999694824219,-36.68299865722656,-11.17199993133545
1482900580418,11.069999694824219,-36.68299865722656,-11.17199993133545
1482900580439,11.069999694824219,-36.68299865722656,-11.17199993133545
1482900580457,11.069999694824219,-36.68299865722656,-11.17199993133545
1482900580480,11.069999694824219,-36.68299865722656,-11.17199993133545
1482900580499,11.069999694824219,-36.68299865722656,-11.17199993133545
1482900580519,11.069999694824219,-36.68299865722656,-11.17199993133545
1482900580546,11.069999694824219,-36.68299865722656,-11.17199993133545
1482900580557,11.069999694824219,-36.68299865722656,-11.17199993133545
1482900580579,11.069999694824219,-36.68299865722656,-11.17199993133545
1482900580600,11.069999694824219,-36.68299865722656,-10.868000030517578
1482900580617,11.069999694824219,-36.68299865722656,-10.868000030517578
1482900580640,11.069999694824219,-36.68299865722656,-10.868000030517578
1482900580667,11.069999694824219,-36.68299865722656,-10.868000030517578
1482900580677,10.762999534606934,-36.68299865722656,-10.868000030517578
1482900580697,10.762999534606934,-36.68299865722656,-10.868000030517578
1482900580724,10.762999534606934,-36.68299865722656,-10.868000030517578
1482900580739,10.762999534606934,-36.68299865722656,-10.868000030517578
1482900580758,10.762999534606934,-36.68299865722656,-10.868000030517578
1482900580777,10.762999534606934,-36.68299865722656,-10.868000030517578
1482900580797,10.762999534606934,-36.68299865722656,-10.868000030517578
1482900580820,10.762999534606934,-36.68299865722656,-10.868000030517578
1482900580837,10.762999534606934,-36.68299865722656,-10.868000030517578
1482900580858,10.762999534606934,-36.68299865722656,-10.868000030517578
1482900580880,10.762999534606934,-36.68299865722656,-10.868000030517578
1482900580906,10.762999534606934,-36.68299865722656,-10.868000030517578
1482900580918,10.762999534606934,-36.68299865722656,-10.868000030517578
1482900580945,10.762999534606934,-36.68299865722656,-10.868000030517578
1482900580959,10.762999534606934,-36.68299865722656,-10.868000030517578
1482900580980,10.762999534606934,-36.68299865722656,-10.868000030517578
1482900580998,10.762999534606934,-36.68299865722656,-10.868000030517578
1482900581019,10.762999534606934,-36.68299865722656,-10.868000030517578
1482900581040,10.762999534606934,-36.68299865722656,-10.868000030517578
1482900581060,10.762999534606934,-36.68299865722656,-10.868000030517578
1482900581086,10.762999534606934,-36.68299865722656,-10.868000030517578
1482900581100,10.762999534606934,-36.68299865722656,-10.868000030517578
1482900581120,10.762999534606934,-36.68299865722656,-10.868000030517578
1482900581140,10.762999534606934,-36.68299865722656,-10.868000030517578
1482900581160,10.762999534606934,-36.68299865722656,-10.868000030517578
1482900581180,10.762999534606934,-36.68299865722656,-10.868000030517578
1482900581200,10.762999534606934,-36.68299865722656,-10.868000030517578
1482900581218,10.762999534606934,-36.68299865722656,-10.868000030517578
1482900581240,10.762999534606934,-36.68299865722656,-10.868000030517578
1482900581266,10.762999534606934,-36.68299865722656,-10.868000030517578
1482900581280,10.762999534606934,-36.68299865722656,-10.868000030517578
1482900581299,10.762999534606934,-36.68299865722656,-10.868000030517578
1482900581321,10.762999534606934,-36.68299865722656,-10.868000030517578
1482900581340,10.762999534606934,-36.68299865722656,-10.868000030517578
1482900581360,10.762999534606934,-36.68299865722656,-10.868000030517578
1482900581381,10.762999534606934,-36.68299865722656,-10.868000030517578
1482900581400,10.762999534606934,-36.68299865722656,-10.868000030517578
1482900581428,10.762999534606934,-36.68299865722656,-10.868000030517578
1482900581442,10.762999534606934,-36.68299865722656,-10.868000030517578
1482900581458,10.762999534606934,-36.68299865722656,-10.868000030517578
1482900581477,10.762999534606934,-36.68299865722656,-10.868000030517578
1482900581497,10.762999534606934,-36.68299865722656,-10.868000030517578
1482900581517,10.762999534606934,-36.68299865722656,-10.868000030517578
1482900581537,10.762999534606934,-36.68299865722656,-10.868000030517578
1482900581559,10.762999534606934,-36.68299865722656,-10.868000030517578
1482900581579,10.762999534606934,-36.68299865722656,-10.868000030517578
1482900581599,10.762999534606934,-36.68299865722656,-10.868000030517578
1482900581627,10.762999534606934,-36.68299865722656,-10.868000030517578
1482900581641,10.762999534606934,-36.68299865722656,-10.868000030517578
1482900581661,10.762999534606934,-36.68299865722656,-10.868000030517578
1482900581680,10.762999534606934,-36.68299865722656,-10.868000030517578
1482900581699,10.762999534606934,-36.68299865722656,-10.868000030517578
1482900581721,10.762999534606934,-36.68299865722656,-10.868000030517578
1482900581741,10.762999534606934,-36.369998931884766,-10.868000030517578
1482900581761,10.762999534606934,-36.369998931884766,-10.868000030517578
1482900581781,10.762999534606934,-36.369998931884766,-10.868000030517578
1482900581806,10.762999534606934,-36.369998931884766,-10.868000030517578
1482900581820,10.762999534606934,-36.369998931884766,-10.868000030517578
1482900581839,10.762999534606934,-36.369998931884766,-10.868000030517578
1482900581860,10.762999534606934,-36.369998931884766,-10.868000030517578
1482900581879,10.762999534606934,-36.369998931884766,-10.868000030517578
1482900581900,10.762999534606934,-36.369998931884766,-10.868000030517578
1482900581921,10.762999534606934,-36.369998931884766,-10.868000030517578
1482900581939,10.762999534606934,-36.369998931884766,-10.868000030517578
1482900581965,10.762999534606934,-36.369998931884766,-10.868000030517578
1482900581988,10.762999534606934,-36.369998931884766,-10.868000030517578
1482900582000,10.762999534606934,-36.369998931884766,-10.868000030517578
1482900582020,10.762999534606934,-36.369998931884766,-10.868000030517578
1482900582041,10.762999534606934,-36.369998931884766,-10.868000030517578
1482900582061,10.762999534606934,-36.369998931884766,-10.868000030517578
1482900582081,10.762999534606934,-36.369998931884766,-10.868000030517578
1482900582101,10.762999534606934,-36.369998931884766,-10.868000030517578
1482900582121,10.762999534606934,-36.369998931884766,-10.868000030517578
1482900582141,10.762999534606934,-36.369998931884766,-10.868000030517578
1482900582167,10.762999534606934,-36.369998931884766,-10.868000030517578
1482900582181,10.762999534606934,-36.369998931884766,-10.868000030517578
1482900582201,10.762999534606934,-36.369998931884766,-10.868000030517578
1482900582221,10.762999534606934,-36.369998931884766,-10.868000030517578
1482900582241,10.762999534606934,-36.369998931884766,-10.868000030517578
1482900582261,10.762999534606934,-36.369998931884766,-10.868000030517578
1482900582282,10.762999534606934,-36.369998931884766,-10.868000030517578
1482900582301,10.762999534606934,-36.369998931884766,-10.868000030517578
1482900582321,10.762999534606934,-36.369998931884766,-10.868000030517578
1482900582347,10.762999534606934,-36.369998931884766,-10.868000030517578
1482900582360,10.762999534606934,-36.369998931884766,-10.868000030517578
1482900582381,10.762999534606934,-36.369998931884766,-10.868000030517578
1482900582402,10.762999534606934,-36.369998931884766,-11.180999755859375
1482900582450,10.762999534606934,-36.369998931884766,-11.180999755859375
1482900582451,10.762999534606934,-36.369998931884766,-11.180999755859375
1482900582459,10.762999534606934,-36.369998931884766,-11.180999755859375
1482900582478,10.762999534606934,-36.369998931884766,-11.180999755859375
1482900582498,10.762999534606934,-36.369998931884766,-11.180999755859375
1482900582522,10.762999534606934,-36.369998931884766,-11.180999755859375
1482900582538,10.762999534606934,-36.369998931884766,-11.180999755859375
1482900582559,10.762999534606934,-36.369998931884766,-11.180999755859375
1482900582582,10.762999534606934,-36.369998931884766,-11.180999755859375
1482900582601,10.762999534606934,-36.369998931884766,-11.180999755859375
1482900582621,10.762999534606934,-36.369998931884766,-11.180999755859375
1482900582642,10.762999534606934,-36.369998931884766,-11.180999755859375
1482900582661,10.762999534606934,-36.369998931884766,-11.180999755859375
1482900582682,10.762999534606934,-36.369998931884766,-11.180999755859375
1482900582707,10.762999534606934,-36.369998931884766,-11.180999755859375
1482900582722,10.762999534606934,-36.369998931884766,-11.180999755859375
1482900582741,10.762999534606934,-36.369998931884766,-11.180999755859375
1482900582762,10.762999534606934,-36.369998931884766,-11.180999755859375
1482900582781,10.762999534606934,-36.369998931884766,-11.180999755859375
1482900582799,10.762999534606934,-36.369998931884766,-11.180999755859375
1482900582822,10.762999534606934,-36.369998931884766,-11.180999755859375
1482900582841,10.762999534606934,-36.369998931884766,-11.180999755859375
1482900582861,10.762999534606934,-36.369998931884766,-11.180999755859375
1482900582891,10.762999534606934,-36.06999969482422,-11.180999755859375
1482900582901,10.762999534606934,-36.06999969482422,-11.180999755859375
1482900582921,10.762999534606934,-36.06999969482422,-11.180999755859375
1482900582942,10.762999534606934,-36.06999969482422,-11.180999755859375
1482900582961,10.762999534606934,-36.06999969482422,-11.180999755859375
1482900582981,10.762999534606934,-36.06999969482422,-11.180999755859375
1482900583002,10.762999534606934,-36.06999969482422,-11.180999755859375
1482900583021,10.762999534606934,-36.06999969482422,-11.180999755859375
1482900583042,10.762999534606934,-36.06999969482422,-11.180999755859375
1482900583067,10.762999534606934,-36.06999969482422,-11.180999755859375
1482900583082,10.762999534606934,-36.06999969482422,-11.180999755859375
1482900583102,10.762999534606934,-36.06999969482422,-11.180999755859375
1482900583122,10.762999534606934,-36.06999969482422,-11.180999755859375
1482900583142,10.762999534606934,-36.06999969482422,-11.180999755859375
1482900583159,10.762999534606934,-36.06999969482422,-11.180999755859375
1482900583182,10.762999534606934,-36.06999969482422,-11.180999755859375
1482900583205,10.762999534606934,-36.06999969482422,-11.180999755859375
1482900583222,10.762999534606934,-36.06999969482422,-11.180999755859375
1482900583246,10.762999534606934,-36.06999969482422,-11.180999755859375
1482900583262,10.762999534606934,-36.06999969482422,-11.180999755859375
1482900583282,10.762999534606934,-36.06999969482422,-11.180999755859375
1482900583302,10.762999534606934,-36.06999969482422,-11.180999755859375
1482900583322,10.762999534606934,-36.06999969482422,-11.180999755859375
1482900583342,10.762999534606934,-36.06999969482422,-11.180999755859375
1482900583362,10.762999534606934,-36.06999969482422,-11.180999755859375
1482900583382,10.762999534606934,-36.06999969482422,-11.180999755859375
1482900583402,10.762999534606934,-36.06999969482422,-11.180999755859375
1482900583426,10.762999534606934,-36.06999969482422,-11.180999755859375
1482900583465,10.762999534606934,-36.06999969482422,-11.180999755859375
1482900583466,10.762999534606934,-36.06999969482422,-11.180999755859375
1482900583480,10.762999534606934,-36.06999969482422,-11.180999755859375
1482900583499,10.762999534606934,-36.06999969482422,-11.180999755859375
1482900583519,10.762999534606934,-36.06999969482422,-11.180999755859375
1482900583540,10.762999534606934,-36.06999969482422,-11.180999755859375
1482900583559,10.762999534606934,-36.06999969482422,-11.180999755859375
1482900583582,10.762999534606934,-36.06999969482422,-11.180999755859375
1482900583610,10.762999534606934,-36.06999969482422,-11.180999755859375
1482900583622,10.762999534606934,-36.06999969482422,-11.180999755859375
1482900583645,10.762999534606934,-36.06999969482422,-11.180999755859375
1482900583663,10.762999534606934,-36.06999969482422,-11.180999755859375
1482900583680,10.762999534606934,-36.06999969482422,-11.180999755859375
1482900583700,10.762999534606934,-36.06999969482422,-11.180999755859375
1482900583720,10.762999534606934,-36.06999969482422,-11.180999755859375
1482900583740,10.762999534606934,-36.06999969482422,-11.180999755859375
1482900583762,10.762999534606934,-36.06999969482422,-11.180999755859375
1482900583783,10.762999534606934,-36.06999969482422,-11.180999755859375
1482900583801,10.762999534606934,-36.06999969482422,-11.180999755859375
1482900583822,10.762999534606934,-36.06999969482422,-11.180999755859375
1482900583843,10.762999534606934,-36.06999969482422,-11.180999755859375
1482900583862,10.762999534606934,-36.06999969482422,-11.180999755859375
1482900583882,10.762999534606934,-36.06999969482422,-11.180999755859375
1482900583903,10.762999534606934,-36.06999969482422,-11.180999755859375
1482900583921,10.762999534606934,-36.06999969482422,-11.180999755859375
1482900583943,10.762999534606934,-36.06999969482422,-11.180999755859375
1482900583967,10.762999534606934,-36.06999969482422,-11.180999755859375
1482900583982,10.762999534606934,-36.06999969482422,-11.180999755859375
1482900584001,10.762999534606934,-36.06999969482422,-11.180999755859375
1482900584023,10.762999534606934,-36.06999969482422,-11.180999755859375
1482900584042,10.762999534606934,-36.06999969482422,-11.180999755859375
1482900584063,10.762999534606934,-36.06999969482422,-11.180999755859375
1482900584083,10.762999534606934,-36.06999969482422,-11.180999755859375
1482900584103,10.762999534606934,-36.06999969482422,-11.180999755859375
1482900584123,10.762999534606934,-36.06999969482422,-11.180999755859375
1482900584148,10.762999534606934,-36.06999969482422,-11.180999755859375
1482900584163,10.762999534606934,-36.06999969482422,-11.180999755859375
1482900584180,10.762999534606934,-36.06999969482422,-11.180999755859375
1482900584203,10.762999534606934,-36.06999969482422,-11.180999755859375
1482900584226,10.762999534606934,-36.06999969482422,-11.180999755859375
1482900584243,10.762999534606934,-36.06999969482422,-11.180999755859375
1482900584263,10.762999534606934,-36.06999969482422,-11.180999755859375
1482900584283,10.762999534606934,-36.06999969482422,-11.180999755859375
1482900584303,10.762999534606934,-36.06999969482422,-11.180999755859375
1482900584329,10.762999534606934,-36.06999969482422,-11.180999755859375
1482900584343,10.762999534606934,-36.06999969482422,-11.180999755859375
1482900584363,10.762999534606934,-36.06999969482422,-11.180999755859375
1482900584383,10.762999534606934,-36.06999969482422,-11.180999755859375
1482900584403,10.762999534606934,-36.06999969482422,-11.180999755859375
1482900584426,10.762999534606934,-36.06999969482422,-11.180999755859375
1482900584443,10.762999534606934,-36.06999969482422,-11.180999755859375
1482900584485,10.762999534606934,-36.06999969482422,-11.180999755859375
1482900584485,10.762999534606934,-36.06999969482422,-11.180999755859375
1482900584505,10.762999534606934,-36.06999969482422,-11.180999755859375
1482900584520,10.762999534606934,-36.06999969482422,-10.873000144958496
1482900584540,10.762999534606934,-36.06999969482422,-10.873000144958496
1482900584561,10.762999534606934,-36.06999969482422,-10.873000144958496
1482900584580,10.762999534606934,-36.06999969482422,-10.873000144958496
1482900584603,10.762999534606934,-36.06999969482422,-10.873000144958496
1482900584623,10.762999534606934,-36.06999969482422,-10.873000144958496
1482900584643,10.762999534606934,-36.06999969482422,-10.873000144958496
1482900584663,10.762999534606934,-36.06999969482422,-10.873000144958496
1482900584688,10.762999534606934,-36.06999969482422,-10.873000144958496
1482900584703,10.762999534606934,-36.06999969482422,-10.873000144958496
1482900584723,10.762999534606934,-36.06999969482422,-10.873000144958496
1482900584746,10.762999534606934,-36.06999969482422,-10.873000144958496
1482900584763,10.762999534606934,-36.06999969482422,-10.873000144958496
1482900584783,10.762999534606934,-36.06999969482422,-10.873000144958496
1482900584805,10.762999534606934,-36.06999969482422,-10.873000144958496
1482900584823,10.762999534606934,-36.06999969482422,-10.873000144958496
1482900584841,10.762999534606934,-36.06999969482422,-10.562999725341797
1482900584869,10.762999534606934,-36.06999969482422,-10.562999725341797
1482900584883,10.762999534606934,-36.06999969482422,-10.562999725341797
1482900584903,10.762999534606934,-36.06999969482422,-10.562999725341797
1482900584924,10.762999534606934,-36.06999969482422,-10.562999725341797
1482900584943,10.762999534606934,-36.06999969482422,-10.562999725341797
1482900584963,10.762999534606934,-36.06999969482422,-10.562999725341797
1482900584984,10.762999534606934,-36.06999969482422,-10.562999725341797
1482900585005,10.762999534606934,-36.06999969482422,-10.562999725341797
1482900585023,10.762999534606934,-36.06999969482422,-10.562999725341797
1482900585049,10.762999534606934,-36.06999969482422,-10.562999725341797
1482900585063,10.762999534606934,-36.06999969482422,-10.562999725341797
1482900585083,10.762999534606934,-36.06999969482422,-10.562999725341797
1482900585104,10.762999534606934,-36.06999969482422,-10.562999725341797
1482900585124,10.762999534606934,-36.06999969482422,-10.562999725341797
1482900585144,10.762999534606934,-36.06999969482422,-10.562999725341797
1482900585164,10.762999534606934,-36.06999969482422,-10.562999725341797
1482900585185,10.762999534606934,-36.06999969482422,-10.562999725341797
1482900585204,10.762999534606934,-36.06999969482422,-10.562999725341797
1482900585230,10.762999534606934,-36.06999969482422,-10.562999725341797
1482900585245,10.762999534606934,-36.06999969482422,-10.562999725341797
1482900585264,10.762999534606934,-36.06999969482422,-10.562999725341797
1482900585284,10.762999534606934,-36.06999969482422,-10.562999725341797
1482900585304,10.762999534606934,-36.06999969482422,-10.562999725341797
1482900585324,10.762999534606934,-36.06999969482422,-10.887999534606934
1482900585344,10.762999534606934,-36.06999969482422,-10.887999534606934
1482900585365,10.762999534606934,-36.06999969482422,-10.887999534606934
1482900585384,10.762999534606934,-36.06999969482422,-10.887999534606934
1482900585410,10.762999534606934,-36.06999969482422,-10.887999534606934
1482900585425,10.762999534606934,-36.06999969482422,-10.887999534606934
1482900585444,10.762999534606934,-36.06999969482422,-10.887999534606934
1482900585464,10.762999534606934,-36.06999969482422,-10.887999534606934
1482900585514,10.762999534606934,-36.06999969482422,-10.887999534606934
1482900585514,10.762999534606934,-36.06999969482422,-10.887999534606934
1482900585522,10.762999534606934,-36.06999969482422,-10.887999534606934
1482900585541,10.762999534606934,-36.06999969482422,-10.887999534606934
1482900585561,10.762999534606934,-36.06999969482422,-10.887999534606934
1482900585586,10.762999534606934,-36.06999969482422,-10.887999534606934
1482900585601,10.458999633789063,-36.06999969482422,-10.887999534606934
1482900585624,10.458999633789063,-36.06999969482422,-10.887999534606934
1482900585645,10.458999633789063,-36.06999969482422,-10.887999534606934
1482900585665,10.458999633789063,-36.06999969482422,-10.887999534606934
1482900585684,10.458999633789063,-36.06999969482422,-10.887999534606934
1482900585703,10.458999633789063,-36.06999969482422,-10.887999534606934
1482900585725,10.458999633789063,-36.06999969482422,-10.887999534606934
1482900585744,10.458999633789063,-36.06999969482422,-10.887999534606934
1482900585769,10.458999633789063,-36.06999969482422,-10.887999534606934
1482900585784,10.458999633789063,-36.06999969482422,-10.887999534606934
1482900585805,10.458999633789063,-36.06999969482422,-10.887999534606934
1482900585825,10.458999633789063,-36.06999969482422,-10.887999534606934
1482900585845,10.458999633789063,-36.06999969482422,-10.887999534606934
1482900585864,10.458999633789063,-36.06999969482422,-10.887999534606934
1482900585885,10.458999633789063,-36.06999969482422,-10.887999534606934
1482900585904,10.458999633789063,-36.06999969482422,-10.887999534606934
1482900585924,10.458999633789063,-36.06999969482422,-10.887999534606934
1482900585950,10.458999633789063,-36.06999969482422,-10.887999534606934
1482900585964,10.458999633789063,-36.06999969482422,-10.887999534606934
1482900585985,10.458999633789063,-36.06999969482422,-10.887999534606934
1482900586005,10.458999633789063,-36.06999969482422,-10.887999534606934
1482900586025,10.458999633789063,-36.06999969482422,-10.887999534606934
1482900586045,10.458999633789063,-36.06999969482422,-10.887999534606934
1482900586065,10.458999633789063,-36.06999969482422,-10.887999534606934
1482900586085,10.458999633789063,-36.06999969482422,-10.887999534606934
1482900586105,10.458999633789063,-36.06999969482422,-10.581000328063965
1482900586131,10.458999633789063,-36.06999969482422,-10.581000328063965
1482900586145,10.458999633789063,-36.06999969482422,-10.581000328063965
1482900586165,10.458999633789063,-36.06999969482422,-10.581000328063965
1482900586185,10.458999633789063,-36.06999969482422,-10.581000328063965
1482900586205,10.458999633789063,-36.06999969482422,-10.581000328063965
1482900586225,10.458999633789063,-36.06999969482422,-10.581000328063965
1482900586245,10.458999633789063,-36.06999969482422,-10.581000328063965
1482900586265,10.458999633789063,-36.06999969482422,-10.581000328063965
1482900586309,10.458999633789063,-36.06999969482422,-10.581000328063965
1482900586309,10.458999633789063,-36.06999969482422,-10.581000328063965
1482900586325,10.458999633789063,-36.06999969482422,-10.581000328063965
1482900586345,10.458999633789063,-36.06999969482422,-10.581000328063965
1482900586366,10.458999633789063,-36.06999969482422,-10.581000328063965
1482900586384,10.765000343322754,-36.06999969482422,-10.581000328063965
1482900586405,10.765000343322754,-36.06999969482422,-10.581000328063965
1482900586425,10.765000343322754,-36.06999969482422,-10.581000328063965
1482900586445,10.765000343322754,-36.06999969482422,-10.581000328063965
1482900586465,10.765000343322754,-36.06999969482422,-10.581000328063965
1482900586491,10.765000343322754,-36.06999969482422,-10.581000328063965
1482900586505,10.765000343322754,-36.06999969482422,-10.581000328063965
1482900586525,10.765000343322754,-36.06999969482422,-10.581000328063965
1482900586545,10.765000343322754,-36.06999969482422,-10.581000328063965
1482900586565,10.765000343322754,-36.06999969482422,-10.581000328063965
1482900586585,10.765000343322754,-36.06999969482422,-10.581000328063965
1482900586606,10.765000343322754,-36.06999969482422,-10.581000328063965
1482900586625,10.765000343322754,-36.06999969482422,-10.581000328063965
1482900586645,10.765000343322754,-36.06999969482422,-10.581000328063965
1482900586671,10.765000343322754,-36.06999969482422,-10.581000328063965
1482900586685,10.765000343322754,-36.06999969482422,-10.581000328063965
1482900586705,10.765000343322754,-36.06999969482422,-10.88700008392334
1482900586726,10.765000343322754,-36.06999969482422,-10.88700008392334
1482900586743,10.765000343322754,-36.06999969482422,-10.88700008392334
1482900586762,10.765000343322754,-36.06999969482422,-10.88700008392334
1482900586789,10.765000343322754,-36.06999969482422,-10.88700008392334
1482900586808,10.765000343322754,-36.06999969482422,-10.88700008392334
1482900586822,10.765000343322754,-36.06999969482422,-10.88700008392334
1482900586847,10.765000343322754,-36.06999969482422,-10.88700008392334
1482900586865,10.765000343322754,-36.06999969482422,-10.88700008392334
1482900586885,10.765000343322754,-36.06999969482422,-10.88700008392334
1482900586906,10.765000343322754,-36.06999969482422,-10.88700008392334
1482900586925,10.765000343322754,-36.06999969482422,-10.88700008392334
1482900586945,10.765000343322754,-36.06999969482422,-10.88700008392334
1482900586965,10.765000343322754,-36.06999969482422,-11.192999839782715
1482900586985,10.765000343322754,-36.06999969482422,-11.192999839782715
1482900587005,10.765000343322754,-36.06999969482422,-11.192999839782715
1482900587031,10.765000343322754,-36.06999969482422,-11.192999839782715
1482900587045,10.765000343322754,-36.06999969482422,-11.192999839782715
1482900587065,10.765000343322754,-36.06999969482422,-11.192999839782715
1482900587083,10.765000343322754,-36.06999969482422,-11.192999839782715
1482900587104,10.765000343322754,-36.06999969482422,-11.192999839782715
1482900587125,10.765000343322754,-36.06999969482422,-11.192999839782715
1482900587145,10.765000343322754,-36.06999969482422,-11.192999839782715
1482900587165,10.765000343322754,-36.06999969482422,-11.192999839782715
1482900587185,10.765000343322754,-36.06999969482422,-11.192999839782715
1482900587211,10.765000343322754,-36.06999969482422,-11.192999839782715
1482900587225,10.765000343322754,-36.06999969482422,-11.192999839782715
1482900587245,10.765000343322754,-36.06999969482422,-11.192999839782715
1482900587265,10.765000343322754,-36.06999969482422,-11.192999839782715
1482900587285,10.765000343322754,-36.06999969482422,-11.192999839782715
1482900587306,10.765000343322754,-36.06999969482422,-11.192999839782715
1482900587326,10.765000343322754,-36.06999969482422,-11.192999839782715
1482900587346,10.765000343322754,-36.06999969482422,-11.192999839782715
1482900587365,10.765000343322754,-36.06999969482422,-11.192999839782715
1482900587392,10.765000343322754,-36.06999969482422,-11.192999839782715
1482900587405,10.765000343322754,-36.06999969482422,-10.873000144958496
1482900587425,10.765000343322754,-36.06999969482422,-10.873000144958496
1482900587446,10.765000343322754,-36.06999969482422,-10.873000144958496
1482900587465,10.765000343322754,-36.06999969482422,-10.873000144958496
1482900587484,10.765000343322754,-36.06999969482422,-10.873000144958496
1482900587503,10.765000343322754,-36.06999969482422,-10.873000144958496
1482900587523,10.765000343322754,-36.06999969482422,-10.873000144958496
1482900587543,10.765000343322754,-36.06999969482422,-10.873000144958496
1482900587567,10.765000343322754,-36.06999969482422,-10.873000144958496
1482900587583,10.765000343322754,-36.06999969482422,-10.873000144958496
1482900587606,10.765000343322754,-36.06999969482422,-10.873000144958496
1482900587626,10.765000343322754,-36.06999969482422,-10.873000144958496
1482900587646,10.765000343322754,-36.06999969482422,-10.873000144958496
1482900587665,10.765000343322754,-36.06999969482422,-10.873000144958496
1482900587686,10.765000343322754,-36.06999969482422,-10.873000144958496
1482900587706,10.765000343322754,-36.06999969482422,-10.873000144958496
1482900587726,10.765000343322754,-36.06999969482422,-10.873000144958496
1482900587751,10.765000343322754,-36.06999969482422,-10.873000144958496
1482900587766,10.765000343322754,-36.06999969482422,-10.873000144958496
1482900587786,10.765000343322754,-36.06999969482422,-10.873000144958496
1482900587807,10.765000343322754,-36.06999969482422,-10.873000144958496
1482900587826,10.765000343322754,-36.06999969482422,-10.873000144958496
1482900587847,10.765000343322754,-36.06999969482422,-10.873000144958496
1482900587867,10.765000343322754,-36.06999969482422,-10.873000144958496
1482900587886,10.765000343322754,-36.06999969482422,-10.873000144958496
1482900587906,10.765000343322754,-36.06999969482422,-10.873000144958496
1482900587932,10.765000343322754,-36.06999969482422,-11.175000190734863
1482900587946,10.765000343322754,-36.06999969482422,-11.175000190734863
1482900587967,10.765000343322754,-36.06999969482422,-11.175000190734863
1482900587987,10.765000343322754,-36.06999969482422,-11.175000190734863
1482900588006,10.765000343322754,-36.06999969482422,-11.175000190734863
1482900588025,10.765000343322754,-36.06999969482422,-11.175000190734863
1482900588047,10.765000343322754,-36.06999969482422,-11.175000190734863
1482900588066,10.765000343322754,-36.06999969482422,-11.175000190734863
1482900588086,10.765000343322754,-36.06999969482422,-11.175000190734863
1482900588118,10.765000343322754,-36.06999969482422,-11.175000190734863
1482900588124,10.765000343322754,-36.06999969482422,-11.175000190734863
1482900588147,10.765000343322754,-36.06999969482422,-11.175000190734863
1482900588166,10.765000343322754,-36.06999969482422,-11.175000190734863
1482900588187,10.765000343322754,-36.06999969482422,-11.175000190734863
1482900588213,10.765000343322754,-36.06999969482422,-11.175000190734863
1482900588225,10.765000343322754,-36.06999969482422,-11.175000190734863
1482900588247,10.765000343322754,-36.06999969482422,-11.175000190734863
1482900588267,10.765000343322754,-36.06999969482422,-11.175000190734863
1482900588291,10.765000343322754,-36.06999969482422,-11.175000190734863
1482900588307,10.765000343322754,-36.06999969482422,-11.175000190734863
1482900588324,10.765000343322754,-36.06999969482422,-11.175000190734863
1482900588347,10.765000343322754,-36.06999969482422,-11.175000190734863
1482900588369,10.765000343322754,-35.768001556396484,-11.175000190734863
1482900588386,10.765000343322754,-35.768001556396484,-11.175000190734863
1482900588407,10.765000343322754,-35.768001556396484,-11.175000190734863
1482900588426,10.765000343322754,-35.768001556396484,-11.175000190734863
1482900588446,10.765000343322754,-35.768001556396484,-11.175000190734863
1482900588471,10.765000343322754,-35.768001556396484,-11.175000190734863
1482900588487,10.765000343322754,-35.768001556396484,-11.175000190734863
1482900588506,10.765000343322754,-35.768001556396484,-11.175000190734863
1482900588527,10.765000343322754,-35.768001556396484,-11.175000190734863
1482900588547,10.765000343322754,-35.768001556396484,-11.175000190734863
1482900588567,10.765000343322754,-35.768001556396484,-11.175000190734863
1482900588587,10.765000343322754,-35.768001556396484,-11.175000190734863
1482900588607,10.765000343322754,-35.768001556396484,-11.175000190734863
1482900588627,10.765000343322754,-35.768001556396484,-11.175000190734863
1482900588653,10.765000343322754,-35.768001556396484,-11.175000190734863
1482900588667,10.765000343322754,-35.768001556396484,-11.175000190734863
1482900588688,10.765000343322754,-35.768001556396484,-11.175000190734863
1482900588707,10.765000343322754,-35.768001556396484,-11.175000190734863
1482900588727,10.765000343322754,-35.768001556396484,-11.175000190734863
1482900588745,10.765000343322754,-35.768001556396484,-11.175000190734863
1482900588796,10.765000343322754,-35.768001556396484,-11.175000190734863
1482900588796,10.765000343322754,-35.768001556396484,-11.175000190734863
1482900588805,10.765000343322754,-35.768001556396484,-11.175000190734863
1482900588830,10.765000343322754,-35.768001556396484,-11.175000190734863
1482900588847,10.765000343322754,-35.768001556396484,-11.175000190734863
1482900588867,10.765000343322754,-35.768001556396484,-11.175000190734863
1482900588888,10.765000343322754,-35.768001556396484,-11.175000190734863
1482900588907,10.765000343322754,-35.768001556396484,-11.175000190734863
1482900588926,10.765000343322754,-35.768001556396484,-11.175000190734863
1482900588945,10.765000343322754,-35.768001556396484,-11.175000190734863
1482900588967,10.765000343322754,-35.768001556396484,-11.175000190734863
1482900588986,10.765000343322754,-35.768001556396484,-11.175000190734863
1482900589011,10.765000343322754,-35.768001556396484,-11.175000190734863
1482900589027,10.765000343322754,-35.768001556396484,-11.175000190734863
1482900589047,10.765000343322754,-35.768001556396484,-11.175000190734863
1482900589067,10.765000343322754,-35.768001556396484,-11.175000190734863
1482900589087,10.765000343322754,-35.768001556396484,-11.175000190734863
1482900589107,10.765000343322754,-35.768001556396484,-11.175000190734863
1482900589128,10.765000343322754,-35.768001556396484,-11.175000190734863
1482900589147,10.765000343322754,-35.768001556396484,-11.175000190734863
1482900589167,10.765000343322754,-35.768001556396484,-11.175000190734863
1482900589193,10.765000343322754,-35.768001556396484,-11.175000190734863
1482900589207,10.765000343322754,-35.768001556396484,-11.175000190734863
1482900589225,10.765000343322754,-35.768001556396484,-11.175000190734863
1482900589246,10.765000343322754,-35.768001556396484,-11.175000190734863
1482900589267,10.765000343322754,-35.768001556396484,-11.175000190734863
1482900589287,10.765000343322754,-35.768001556396484,-11.175000190734863
1482900589307,10.765000343322754,-35.768001556396484,-11.175000190734863
1482900589327,10.765000343322754,-35.768001556396484,-11.175000190734863
1482900589345,10.765000343322754,-35.768001556396484,-11.175000190734863
1482900589371,10.765000343322754,-35.768001556396484,-11.175000190734863
1482900589387,10.765000343322754,-35.768001556396484,-11.175000190734863
1482900589407,10.765000343322754,-35.768001556396484,-11.175000190734863
1482900589426,10.765000343322754,-35.768001556396484,-11.175000190734863
1482900589447,10.765000343322754,-35.768001556396484,-11.175000190734863
1482900589467,10.765000343322754,-35.768001556396484,-11.175000190734863
1482900589488,10.765000343322754,-35.768001556396484,-11.175000190734863
1482900589507,10.765000343322754,-35.768001556396484,-11.175000190734863
1482900589544,10.765000343322754,-35.768001556396484,-11.175000190734863
1482900589549,10.765000343322754,-35.768001556396484,-11.175000190734863
1482900589565,10.765000343322754,-35.768001556396484,-11.175000190734863
1482900589585,10.765000343322754,-35.768001556396484,-11.175000190734863
1482900589605,10.765000343322754,-35.768001556396484,-11.175000190734863
1482900589624,10.765000343322754,-35.768001556396484,-11.175000190734863
1482900589648,10.765000343322754,-35.768001556396484,-11.175000190734863
1482900589665,10.765000343322754,-35.768001556396484,-11.175000190734863
1482900589687,10.765000343322754,-35.768001556396484,-11.175000190734863
1482900589707,10.765000343322754,-35.768001556396484,-11.175000190734863
1482900589734,10.765000343322754,-35.768001556396484,-11.175000190734863
1482900589747,10.765000343322754,-35.768001556396484,-11.175000190734863
1482900589768,10.765000343322754,-35.768001556396484,-11.175000190734863
1482900589788,10.765000343322754,-35.768001556396484,-11.175000190734863
1482900589807,10.765000343322754,-35.768001556396484,-11.175000190734863
1482900589826,10.765000343322754,-35.768001556396484,-11.175000190734863
1482900589854,10.765000343322754,-35.768001556396484,-11.175000190734863
1482900589867,10.765000343322754,-35.768001556396484,-11.175000190734863
1482900589887,10.765000343322754,-35.768001556396484,-11.175000190734863
1482900589912,10.765000343322754,-35.768001556396484,-11.175000190734863
1482900589928,10.765000343322754,-35.768001556396484,-11.175000190734863
1482900589955,10.765000343322754,-35.768001556396484,-11.175000190734863
1482900589966,10.765000343322754,-35.768001556396484,-11.175000190734863
1482900589987,10.765000343322754,-35.768001556396484,-11.175000190734863
1482900590007,10.765000343322754,-35.768001556396484,-11.175000190734863
1482900590028,10.765000343322754,-35.768001556396484,-11.175000190734863
1482900590047,10.765000343322754,-35.768001556396484,-11.175000190734863
1482900590068,10.765000343322754,-35.768001556396484,-11.175000190734863
1482900590095,10.765000343322754,-35.768001556396484,-11.175000190734863
1482900590107,10.765000343322754,-35.768001556396484,-11.175000190734863
1482900590128,10.765000343322754,-35.768001556396484,-11.175000190734863
1482900590148,10.765000343322754,-35.768001556396484,-11.175000190734863
1482900590168,10.765000343322754,-35.768001556396484,-11.175000190734863
1482900590188,10.765000343322754,-35.768001556396484,-11.175000190734863
1482900590208,10.765000343322754,-35.768001556396484,-11.175000190734863
1482900590228,10.765000343322754,-35.768001556396484,-11.175000190734863
1482900590248,10.765000343322754,-35.768001556396484,-11.175000190734863
1482900590275,10.765000343322754,-35.768001556396484,-11.175000190734863
1482900590288,10.765000343322754,-35.768001556396484,-11.175000190734863
1482900590309,10.765000343322754,-35.768001556396484,-11.175000190734863
1482900590329,10.765000343322754,-35.768001556396484,-11.175000190734863
1482900590349,10.765000343322754,-35.768001556396484,-11.175000190734863
1482900590369,10.765000343322754,-35.768001556396484,-11.175000190734863
1482900590387,10.765000343322754,-35.768001556396484,-11.175000190734863
1482900590409,10.765000343322754,-35.768001556396484,-11.175000190734863
1482900590429,10.765000343322754,-35.768001556396484,-11.175000190734863
1482900590455,10.765000343322754,-35.768001556396484,-11.175000190734863
1482900590467,10.765000343322754,-35.768001556396484,-11.175000190734863
1482900590489,10.765000343322754,-35.768001556396484,-11.175000190734863
1482900590509,10.765000343322754,-35.768001556396484,-11.175000190734863
1482900590528,10.765000343322754,-35.768001556396484,-11.175000190734863
1482900590562,10.765000343322754,-35.768001556396484,-11.175000190734863
1482900590567,10.765000343322754,-35.768001556396484,-11.175000190734863
1482900590586,10.765000343322754,-35.768001556396484,-11.175000190734863
1482900590605,10.765000343322754,-35.768001556396484,-11.175000190734863
1482900590629,10.765000343322754,-35.768001556396484,-11.175000190734863
1482900590646,10.765000343322754,-35.768001556396484,-11.175000190734863
1482900590671,10.765000343322754,-35.768001556396484,-11.175000190734863
1482900590686,10.765000343322754,-35.768001556396484,-11.175000190734863
1482900590707,10.765000343322754,-35.768001556396484,-11.175000190734863
1482900590726,10.765000343322754,-35.768001556396484,-11.175000190734863
1482900590747,10.765000343322754,-35.768001556396484,-11.175000190734863
1482900590774,10.765000343322754,-35.768001556396484,-11.175000190734863
1482900590787,10.765000343322754,-35.768001556396484,-11.175000190734863
1482900590812,10.765000343322754,-35.768001556396484,-11.175000190734863
1482900590827,10.765000343322754,-35.768001556396484,-11.175000190734863
1482900590849,10.765000343322754,-35.768001556396484,-11.175000190734863
1482900590869,10.765000343322754,-35.768001556396484,-11.175000190734863
1482900590889,10.765000343322754,-35.768001556396484,-11.175000190734863
1482900590909,10.765000343322754,-35.768001556396484,-10.847000122070313
1482900590929,10.765000343322754,-35.768001556396484,-10.847000122070313
1482900590949,10.765000343322754,-35.768001556396484,-10.847000122070313
1482900590969,10.765000343322754,-35.768001556396484,-10.847000122070313
1482900590996,10.765000343322754,-35.768001556396484,-10.847000122070313
1482900591007,10.765000343322754,-35.768001556396484,-10.847000122070313
1482900591029,10.765000343322754,-35.768001556396484,-10.847000122070313
1482900591047,10.765000343322754,-35.768001556396484,-10.847000122070313
1482900591068,10.765000343322754,-35.768001556396484,-10.847000122070313
1482900591089,10.765000343322754,-35.768001556396484,-10.847000122070313
1482900591110,10.765000343322754,-35.768001556396484,-10.847000122070313
1482900591129,10.765000343322754,-35.768001556396484,-10.847000122070313
1482900591149,10.765000343322754,-35.768001556396484,-10.847000122070313
1482900591176,10.765000343322754,-35.768001556396484,-10.847000122070313
1482900591187,10.765000343322754,-35.768001556396484,-10.847000122070313
1482900591209,10.765000343322754,-35.768001556396484,-10.847000122070313
1482900591227,10.765000343322754,-35.768001556396484,-10.847000122070313
1482900591247,10.765000343322754,-36.07899856567383,-10.847000122070313
1482900591267,10.765000343322754,-36.07899856567383,-10.847000122070313
1482900591288,10.765000343322754,-36.07899856567383,-10.847000122070313
1482900591320,10.765000343322754,-36.07899856567383,-10.527999877929688
1482900591328,10.765000343322754,-36.07899856567383,-10.527999877929688
1482900591356,10.765000343322754,-36.07899856567383,-10.527999877929688
1482900591368,10.765000343322754,-36.07899856567383,-10.527999877929688
1482900591389,10.765000343322754,-36.07899856567383,-10.527999877929688
1482900591410,10.765000343322754,-36.07899856567383,-10.527999877929688
1482900591427,10.765000343322754,-36.07899856567383,-10.527999877929688
1482900591447,10.765000343322754,-36.07899856567383,-10.527999877929688
1482900591470,10.765000343322754,-36.07899856567383,-10.527999877929688
1482900591489,10.765000343322754,-36.07899856567383,-10.527999877929688
1482900591510,10.765000343322754,-36.07899856567383,-10.527999877929688
1482900591532,10.765000343322754,-36.07899856567383,-10.527999877929688
1482900591548,10.765000343322754,-36.07899856567383,-10.527999877929688
1482900591569,10.765000343322754,-36.07899856567383,-10.527999877929688
1482900591588,10.765000343322754,-36.07899856567383,-10.527999877929688
1482900591610,10.765000343322754,-36.07899856567383,-10.527999877929688
1482900591628,10.765000343322754,-36.07899856567383,-10.527999877929688
1482900591648,10.765000343322754,-36.07899856567383,-10.527999877929688
1482900591670,10.765000343322754,-36.07899856567383,-10.527999877929688
1482900591690,10.765000343322754,-36.07899856567383,-10.527999877929688
1482900591713,10.765000343322754,-36.07899856567383,-10.527999877929688
1482900591727,10.765000343322754,-36.07899856567383,-10.527999877929688
1482900591747,10.765000343322754,-36.07899856567383,-10.527999877929688
1482900591768,10.765000343322754,-36.07899856567383,-10.527999877929688
1482900591790,10.765000343322754,-36.07899856567383,-10.527999877929688
1482900591810,10.765000343322754,-36.07899856567383,-10.527999877929688
1482900591828,10.765000343322754,-36.07899856567383,-10.527999877929688
1482900591848,10.765000343322754,-36.07899856567383,-10.527999877929688
1482900591870,10.765000343322754,-36.07899856567383,-10.527999877929688
1482900591903,10.765000343322754,-36.07899856567383,-10.527999877929688
1482900591908,10.765000343322754,-36.07899856567383,-10.527999877929688
1482900591928,10.765000343322754,-36.07899856567383,-10.831999778747559
1482900591949,10.765000343322754,-36.07899856567383,-10.831999778747559
1482900591968,10.765000343322754,-36.07899856567383,-10.831999778747559
1482900591990,10.765000343322754,-36.07899856567383,-10.831999778747559
1482900592009,10.765000343322754,-36.07899856567383,-10.831999778747559
1482900592028,10.765000343322754,-35.77799987792969,-10.831999778747559
1482900592049,10.765000343322754,-35.77799987792969,-10.831999778747559
1482900592074,10.765000343322754,-35.77799987792969,-10.831999778747559
1482900592090,10.765000343322754,-35.77799987792969,-10.831999778747559
1482900592110,10.765000343322754,-35.77799987792969,-10.831999778747559
1482900592128,10.765000343322754,-35.77799987792969,-10.831999778747559
1482900592148,10.765000343322754,-35.77799987792969,-10.831999778747559
1482900592170,10.765000343322754,-35.77799987792969,-10.831999778747559
1482900592190,10.765000343322754,-35.77799987792969,-10.831999778747559
1482900592209,10.765000343322754,-35.77799987792969,-10.831999778747559
1482900592228,10.765000343322754,-35.77799987792969,-10.831999778747559
1482900592255,10.765000343322754,-35.77799987792969,-10.831999778747559
1482900592268,10.765000343322754,-35.77799987792969,-10.831999778747559
1482900592288,10.765000343322754,-35.77799987792969,-10.831999778747559
1482900592311,10.765000343322754,-35.77799987792969,-10.831999778747559
1482900592328,10.765000343322754,-35.77799987792969,-10.831999778747559
1482900592350,10.765000343322754,-35.77799987792969,-10.831999778747559
1482900592371,10.765000343322754,-35.77799987792969,-10.831999778747559
1482900592390,10.765000343322754,-35.77799987792969,-10.831999778747559
1482900592410,10.765000343322754,-35.77799987792969,-10.831999778747559
1482900592435,10.765000343322754,-35.77799987792969,-10.831999778747559
1482900592450,10.765000343322754,-35.77799987792969,-10.831999778747559
1482900592468,10.765000343322754,-35.77799987792969,-10.831999778747559
1482900592490,10.765000343322754,-35.77799987792969,-10.831999778747559
1482900592510,10.765000343322754,-35.77799987792969,-10.831999778747559
1482900592529,10.765000343322754,-35.77799987792969,-10.831999778747559
1482900592550,10.765000343322754,-35.77799987792969,-10.831999778747559
1482900592597,10.765000343322754,-35.77799987792969,-10.831999778747559
1482900592597,10.765000343322754,-35.77799987792969,-10.831999778747559
1482900592612,10.765000343322754,-35.77799987792969,-10.831999778747559
1482900592628,10.765000343322754,-35.77799987792969,-10.831999778747559
1482900592647,10.765000343322754,-35.77799987792969,-10.831999778747559
1482900592668,10.765000343322754,-35.77799987792969,-10.831999778747559
1482900592688,10.765000343322754,-35.77799987792969,-10.831999778747559
1482900592708,10.765000343322754,-35.77799987792969,-10.831999778747559
1482900592730,10.765000343322754,-35.77799987792969,-10.831999778747559
1482900592749,10.765000343322754,-35.77799987792969,-10.831999778747559
1482900592770,10.765000343322754,-35.77799987792969,-10.831999778747559
1482900592794,10.765000343322754,-35.77799987792969,-10.831999778747559
1482900592810,10.765000343322754,-35.77799987792969,-10.831999778747559
1482900592831,10.765000343322754,-35.77799987792969,-10.831999778747559
1482900592850,10.765000343322754,-35.77799987792969,-10.831999778747559
1482900592872,10.765000343322754,-35.77799987792969,-10.831999778747559
1482900592888,10.765000343322754,-35.77799987792969,-10.831999778747559
1482900592911,10.765000343322754,-35.77799987792969,-10.831999778747559
1482900592930,10.765000343322754,-35.77799987792969,-10.831999778747559
1482900592949,10.765000343322754,-35.77799987792969,-10.831999778747559
1482900592977,10.765000343322754,-35.77799987792969,-10.831999778747559
1482900592991,10.765000343322754,-35.77799987792969,-10.831999778747559
1482900593011,10.765000343322754,-35.77799987792969,-10.831999778747559
1482900593030,10.765000343322754,-35.77799987792969,-10.831999778747559
1482900593049,10.765000343322754,-35.77799987792969,-10.831999778747559
1482900593070,10.765000343322754,-35.77799987792969,-10.831999778747559
1482900593091,10.765000343322754,-35.77799987792969,-10.831999778747559
1482900593111,10.765000343322754,-35.77799987792969,-10.831999778747559
1482900593131,10.765000343322754,-35.77799987792969,-10.831999778747559
1482900593157,10.765000343322754,-35.77799987792969,-10.831999778747559
1482900593171,10.765000343322754,-35.77799987792969,-10.831999778747559
1482900593191,10.765000343322754,-35.77799987792969,-10.831999778747559
1482900593211,10.765000343322754,-35.77799987792969,-10.831999778747559
1482900593231,10.765000343322754,-35.77799987792969,-10.831999778747559
1482900593251,10.765000343322754,-35.77799987792969,-10.831999778747559
1482900593271,10.765000343322754,-35.77799987792969,-10.831999778747559
1482900593290,10.765000343322754,-35.77799987792969,-10.831999778747559
1482900593311,10.765000343322754,-35.77799987792969,-10.831999778747559
1482900593337,10.765000343322754,-35.77799987792969,-10.831999778747559
1482900593351,10.765000343322754,-35.77799987792969,-10.831999778747559
1482900593371,10.765000343322754,-35.77799987792969,-10.831999778747559
1482900593391,10.765000343322754,-35.77799987792969,-10.831999778747559
1482900593411,10.765000343322754,-35.77799987792969,-10.831999778747559
1482900593431,10.765000343322754,-35.77799987792969,-10.831999778747559
1482900593451,10.765000343322754,-35.77799987792969,-10.831999778747559
1482900593471,10.765000343322754,-35.77799987792969,-10.831999778747559
1482900593489,10.765000343322754,-35.77799987792969,-10.831999778747559
1482900593517,10.765000343322754,-35.77799987792969,-10.831999778747559
1482900593532,10.765000343322754,-35.77799987792969,-10.831999778747559
1482900593550,10.765000343322754,-35.77799987792969,-10.831999778747559
1482900593571,10.765000343322754,-35.77799987792969,-10.831999778747559
1482900593591,10.765000343322754,-35.77799987792969,-10.831999778747559
1482900593611,10.765000343322754,-35.77799987792969,-10.831999778747559
1482900593638,10.765000343322754,-35.77799987792969,-10.831999778747559
1482900593651,10.765000343322754,-35.77799987792969,-10.831999778747559
1482900593671,10.765000343322754,-35.77799987792969,-10.831999778747559
1482900593696,10.765000343322754,-35.77799987792969,-10.831999778747559
1482900593711,10.765000343322754,-35.77799987792969,-10.831999778747559
1482900593730,10.765000343322754,-35.77799987792969,-10.831999778747559
1482900593751,10.765000343322754,-35.77799987792969,-10.831999778747559
1482900593772,10.765000343322754,-35.77799987792969,-10.831999778747559
1482900593789,10.765000343322754,-35.77799987792969,-10.831999778747559
1482900593811,10.765000343322754,-35.77799987792969,-10.831999778747559
1482900593832,10.765000343322754,-35.77799987792969,-10.831999778747559
1482900593851,10.765000343322754,-35.77799987792969,-10.831999778747559
1482900593876,10.765000343322754,-35.77799987792969,-10.831999778747559
1482900593892,10.765000343322754,-35.77799987792969,-10.831999778747559
1482900593909,10.765000343322754,-35.77799987792969,-10.831999778747559
1482900593932,10.765000343322754,-35.77799987792969,-10.831999778747559
1482900593952,10.765000343322754,-35.77799987792969,-10.831999778747559
1482900593972,10.765000343322754,-35.77799987792969,-10.831999778747559
1482900593992,10.765000343322754,-35.77799987792969,-10.831999778747559
1482900594012,10.765000343322754,-35.77799987792969,-10.831999778747559
1482900594032,10.765000343322754,-35.77799987792969,-10.831999778747559
1482900594061,10.765000343322754,-35.77799987792969,-10.831999778747559
1482900594072,10.765000343322754,-35.77799987792969,-10.831999778747559
1482900594092,10.765000343322754,-35.77799987792969,-10.831999778747559
1482900594112,10.765000343322754,-35.77799987792969,-10.831999778747559
1482900594132,10.765000343322754,-35.77799987792969,-10.831999778747559
1482900594151,10.765000343322754,-35.77799987792969,-10.831999778747559
1482900594172,10.765000343322754,-35.77799987792969,-10.831999778747559
1482900594192,10.765000343322754,-35.77799987792969,-10.831999778747559
1482900594212,10.765000343322754,-35.77799987792969,-10.831999778747559
1482900594238,10.765000343322754,-35.77799987792969,-10.831999778747559
1482900594252,10.765000343322754,-35.77799987792969,-10.831999778747559
1482900594269,10.765000343322754,-35.77799987792969,-10.831999778747559
1482900594290,10.765000343322754,-35.77799987792969,-10.831999778747559
1482900594309,10.765000343322754,-35.77799987792969,-10.831999778747559
1482900594333,10.765000343322754,-35.77799987792969,-10.831999778747559
1482900594355,10.765000343322754,-35.77799987792969,-10.831999778747559
1482900594369,10.765000343322754,-35.77799987792969,-10.831999778747559
1482900594392,10.765000343322754,-35.77799987792969,-10.831999778747559
1482900594417,10.765000343322754,-35.77799987792969,-10.831999778747559
1482900594432,10.765000343322754,-35.77799987792969,-10.831999778747559
1482900594452,10.765000343322754,-35.77799987792969,-10.831999778747559
1482900594473,10.765000343322754,-35.77799987792969,-10.831999778747559
1482900594492,10.765000343322754,-35.77799987792969,-10.831999778747559
1482900594512,10.765000343322754,-35.77799987792969,-10.831999778747559
1482900594532,10.765000343322754,-35.77799987792969,-10.831999778747559
1482900594552,10.765000343322754,-35.77799987792969,-10.831999778747559
1482900594572,10.765000343322754,-35.77799987792969,-10.831999778747559
1482900594598,10.765000343322754,-35.77799987792969,-10.831999778747559
1482900594612,10.765000343322754,-35.77799987792969,-10.831999778747559
1482900594632,10.765000343322754,-35.77799987792969,-10.831999778747559
1482900594651,10.765000343322754,-35.77799987792969,-10.831999778747559
1482900594670,10.765000343322754,-35.77799987792969,-10.831999778747559
1482900594690,10.765000343322754,-35.77799987792969,-10.831999778747559
1482900594710,10.765000343322754,-35.77799987792969,-10.831999778747559
1482900594730,10.765000343322754,-35.77799987792969,-10.831999778747559
1482900594752,10.765000343322754,-35.77799987792969,-10.831999778747559
1482900594776,10.765000343322754,-35.77799987792969,-10.831999778747559
1482900594793,10.765000343322754,-35.77799987792969,-10.831999778747559
1482900594813,10.765000343322754,-35.77799987792969,-10.831999778747559
1482900594833,10.765000343322754,-35.77799987792969,-10.831999778747559
1482900594853,10.765000343322754,-35.77799987792969,-10.831999778747559
1482900594873,10.765000343322754,-35.77799987792969,-10.831999778747559
1482900594893,10.765000343322754,-35.77799987792969,-10.831999778747559
1482900594913,10.765000343322754,-35.77799987792969,-10.831999778747559
1482900594933,11.067999839782715,-35.77799987792969,-10.831999778747559
1482900594959,11.067999839782715,-35.77799987792969,-10.831999778747559
1482900594973,11.067999839782715,-35.77799987792969,-10.831999778747559
1482900594993,11.067999839782715,-35.77799987792969,-10.831999778747559
1482900595013,11.067999839782715,-35.77799987792969,-10.831999778747559
1482900595033,11.067999839782715,-35.77799987792969,-10.831999778747559
1482900595053,11.067999839782715,-35.77799987792969,-10.831999778747559
1482900595076,11.067999839782715,-35.77799987792969,-10.831999778747559
1482900595092,11.067999839782715,-35.77799987792969,-10.831999778747559
1482900595113,11.067999839782715,-35.77799987792969,-10.831999778747559
1482900595137,11.067999839782715,-35.77799987792969,-10.831999778747559
1482900595153,11.067999839782715,-35.77799987792969,-10.831999778747559
1482900595173,11.067999839782715,-35.77799987792969,-10.831999778747559
1482900595193,11.067999839782715,-35.77799987792969,-10.831999778747559
1482900595213,11.067999839782715,-35.77799987792969,-10.831999778747559
1482900595233,11.067999839782715,-35.77799987792969,-10.831999778747559
1482900595253,11.067999839782715,-35.77799987792969,-10.831999778747559
1482900595273,11.067999839782715,-35.77799987792969,-10.831999778747559
1482900595293,11.067999839782715,-35.77799987792969,-10.831999778747559
1482900595317,11.067999839782715,-35.77799987792969,-11.142999649047852
1482900595333,11.067999839782715,-35.77799987792969,-11.142999649047852
1482900595353,11.067999839782715,-35.77799987792969,-11.142999649047852
1482900595373,11.067999839782715,-35.77799987792969,-11.142999649047852
1482900595393,11.067999839782715,-35.77799987792969,-11.142999649047852
1482900595413,11.067999839782715,-35.77799987792969,-11.142999649047852
1482900595434,11.067999839782715,-35.77799987792969,-11.142999649047852
1482900595453,11.067999839782715,-35.77799987792969,-11.142999649047852
1482900595473,11.067999839782715,-35.77799987792969,-11.142999649047852
1482900595499,11.067999839782715,-35.77799987792969,-11.142999649047852
1482900595513,11.067999839782715,-35.77799987792969,-11.142999649047852
1482900595533,11.067999839782715,-35.77799987792969,-11.142999649047852
1482900595554,11.067999839782715,-35.77799987792969,-11.142999649047852
1482900595573,11.067999839782715,-35.77799987792969,-11.142999649047852
1482900595593,11.067999839782715,-35.77799987792969,-11.142999649047852
1482900595614,11.067999839782715,-35.77799987792969,-11.142999649047852
1482900595633,11.067999839782715,-35.77799987792969,-11.142999649047852
1482900595653,11.067999839782715,-35.77799987792969,-11.142999649047852
1482900595678,11.067999839782715,-35.77799987792969,-11.142999649047852
1482900595693,11.067999839782715,-35.77799987792969,-11.142999649047852
1482900595714,11.067999839782715,-35.77799987792969,-11.142999649047852
1482900595732,11.067999839782715,-35.77799987792969,-11.142999649047852
1482900595753,11.067999839782715,-35.77799987792969,-11.142999649047852
1482900595774,11.067999839782715,-35.77799987792969,-11.142999649047852
1482900595795,11.067999839782715,-35.77799987792969,-11.142999649047852
1482900595814,10.762999534606934,-35.77799987792969,-11.142999649047852
1482900595834,10.762999534606934,-35.77799987792969,-11.142999649047852
1482900595860,10.762999534606934,-35.77799987792969,-11.142999649047852
1482900595874,10.762999534606934,-35.77799987792969,-11.142999649047852
1482900595897,10.762999534606934,-35.77799987792969,-11.142999649047852
1482900595916,10.762999534606934,-35.77799987792969,-11.142999649047852
1482900595931,10.762999534606934,-35.77799987792969,-11.142999649047852
1482900595954,10.762999534606934,-35.77799987792969,-11.142999649047852
1482900595975,10.762999534606934,-35.77799987792969,-11.142999649047852
1482900595994,10.762999534606934,-35.77799987792969,-11.142999649047852
1482900596014,10.762999534606934,-35.77799987792969,-11.142999649047852
1482900596039,10.762999534606934,-35.77799987792969,-11.142999649047852
1482900596054,10.762999534606934,-35.77799987792969,-11.142999649047852
1482900596072,10.762999534606934,-35.77799987792969,-11.142999649047852
1482900596094,10.762999534606934,-35.77799987792969,-11.142999649047852
1482900596114,10.762999534606934,-35.77799987792969,-11.142999649047852
1482900596134,10.762999534606934,-35.77799987792969,-11.142999649047852
1482900596154,10.762999534606934,-35.77799987792969,-11.142999649047852
1482900596174,10.762999534606934,-35.77799987792969,-11.142999649047852
1482900596192,10.762999534606934,-35.77799987792969,-11.142999649047852
1482900596220,10.762999534606934,-35.77799987792969,-11.142999649047852
1482900596235,10.762999534606934,-35.77799987792969,-11.142999649047852
1482900596253,10.762999534606934,-35.77799987792969,-11.142999649047852
1482900596274,10.762999534606934,-35.77799987792969,-11.142999649047852
1482900596323,10.762999534606934,-35.77799987792969,-11.142999649047852
1482900596323,10.762999534606934,-35.77799987792969,-11.142999649047852
1482900596334,10.762999534606934,-35.77799987792969,-11.142999649047852
1482900596355,10.762999534606934,-35.77799987792969,-11.142999649047852
1482900596374,10.762999534606934,-35.77799987792969,-11.142999649047852
1482900596400,10.762999534606934,-35.77799987792969,-11.142999649047852
1482900596415,10.762999534606934,-35.77799987792969,-11.142999649047852
1482900596434,10.762999534606934,-35.77799987792969,-11.142999649047852
1482900596454,10.762999534606934,-35.77799987792969,-11.142999649047852
1482900596475,10.762999534606934,-35.77799987792969,-11.142999649047852
1482900596494,10.762999534606934,-35.77799987792969,-11.142999649047852
1482900596514,10.762999534606934,-35.77799987792969,-11.142999649047852
1482900596534,10.762999534606934,-35.77799987792969,-11.142999649047852
1482900596554,10.762999534606934,-35.77799987792969,-11.142999649047852
1482900596579,10.762999534606934,-35.77799987792969,-11.142999649047852
1482900596594,10.762999534606934,-35.77799987792969,-11.142999649047852
1482900596625,10.762999534606934,-35.77799987792969,-11.142999649047852
1482900596632,10.762999534606934,-35.77799987792969,-11.142999649047852
1482900596652,10.762999534606934,-35.77799987792969,-11.142999649047852
1482900596672,10.762999534606934,-35.77799987792969,-11.142999649047852
1482900596692,10.762999534606934,-35.77799987792969,-11.142999649047852
1482900596711,10.762999534606934,-35.77799987792969,-11.142999649047852
1482900596732,10.762999534606934,-35.77799987792969,-11.142999649047852
1482900596756,10.762999534606934,-35.77799987792969,-11.142999649047852
1482900596773,10.762999534606934,-35.77799987792969,-11.142999649047852
1482900596795,10.762999534606934,-35.77799987792969,-11.142999649047852
1482900596815,10.762999534606934,-35.77799987792969,-11.142999649047852
1482900596835,10.762999534606934,-35.77799987792969,-11.142999649047852
1482900596854,10.762999534606934,-35.77799987792969,-11.142999649047852
1482900596873,10.762999534606934,-35.77799987792969,-11.142999649047852
1482900596895,10.762999534606934,-35.77799987792969,-11.142999649047852
1482900596915,10.762999534606934,-35.77799987792969,-11.142999649047852
1482900596936,10.762999534606934,-35.77799987792969,-11.142999649047852
1482900596955,10.762999534606934,-35.77799987792969,-11.142999649047852
1482900596975,10.762999534606934,-35.77799987792969,-11.142999649047852
1482900596995,10.762999534606934,-35.77799987792969,-11.142999649047852
1482900597014,10.762999534606934,-35.77799987792969,-11.142999649047852
1482900597034,10.762999534606934,-35.77799987792969,-11.142999649047852
1482900597055,10.762999534606934,-35.77799987792969,-11.142999649047852
1482900597077,10.762999534606934,-35.77799987792969,-11.142999649047852
1482900597095,10.762999534606934,-35.77799987792969,-11.142999649047852
1482900597120,10.762999534606934,-35.77799987792969,-11.142999649047852
1482900597135,10.762999534606934,-35.77799987792969,-11.142999649047852
1482900597155,10.762999534606934,-35.77799987792969,-11.142999649047852
1482900597175,10.762999534606934,-35.77799987792969,-11.142999649047852
1482900597194,10.762999534606934,-35.77799987792969,-11.142999649047852
1482900597215,10.762999534606934,-35.77799987792969,-11.142999649047852
1482900597235,10.762999534606934,-35.77799987792969,-11.142999649047852
1482900597255,10.762999534606934,-35.77799987792969,-11.142999649047852
1482900597275,10.762999534606934,-35.77799987792969,-11.142999649047852
1482900597301,10.762999534606934,-35.77799987792969,-11.142999649047852
1482900597315,10.762999534606934,-35.77799987792969,-11.142999649047852
1482900597333,10.762999534606934,-35.77799987792969,-11.142999649047852
1482900597355,10.762999534606934,-35.77799987792969,-11.142999649047852
1482900597374,10.762999534606934,-35.77799987792969,-11.142999649047852
1482900597395,10.762999534606934,-35.77799987792969,-11.142999649047852
1482900597415,10.762999534606934,-35.77799987792969,-11.142999649047852
1482900597435,10.762999534606934,-35.77799987792969,-11.142999649047852
1482900597455,10.762999534606934,-35.77799987792969,-11.142999649047852
1482900597481,10.762999534606934,-35.77799987792969,-11.142999649047852
1482900597495,10.762999534606934,-35.77799987792969,-11.142999649047852
1482900597515,10.762999534606934,-35.77799987792969,-11.142999649047852
1482900597535,10.762999534606934,-35.77799987792969,-11.142999649047852
1482900597555,10.762999534606934,-35.77799987792969,-11.142999649047852
1482900597575,10.762999534606934,-35.77799987792969,-11.142999649047852
1482900597595,10.762999534606934,-35.77799987792969,-11.142999649047852
1482900597615,10.762999534606934,-35.77799987792969,-11.142999649047852
1482900597635,10.762999534606934,-35.77799987792969,-11.142999649047852
1482900597661,10.762999534606934,-35.77799987792969,-11.142999649047852
1482900597675,10.762999534606934,-35.77799987792969,-11.142999649047852
1482900597695,10.762999534606934,-35.77799987792969,-11.142999649047852
1482900597716,10.762999534606934,-35.77799987792969,-11.142999649047852
1482900597735,10.762999534606934,-35.77799987792969,-11.142999649047852
1482900597754,10.762999534606934,-35.77799987792969,-11.142999649047852
1482900597776,10.762999534606934,-35.77799987792969,-11.142999649047852
1482900597795,10.762999534606934,-35.77799987792969,-11.142999649047852
1482900597815,10.762999534606934,-35.77799987792969,-11.142999649047852
1482900597840,10.762999534606934,-35.77799987792969,-11.142999649047852
1482900597854,10.762999534606934,-35.77799987792969,-11.142999649047852
1482900597875,10.762999534606934,-35.77799987792969,-11.142999649047852
1482900597897,10.762999534606934,-35.77799987792969,-11.142999649047852
1482900597916,10.762999534606934,-35.77799987792969,-11.142999649047852
1482900597935,10.762999534606934,-35.77799987792969,-11.142999649047852
1482900597956,10.762999534606934,-35.77799987792969,-11.142999649047852
1482900597975,10.762999534606934,-35.77799987792969,-11.142999649047852
1482900597995,10.762999534606934,-35.77799987792969,-11.142999649047852
1482900598021,10.762999534606934,-35.77799987792969,-11.142999649047852
1482900598035,10.762999534606934,-35.77799987792969,-11.142999649047852
1482900598055,10.762999534606934,-35.77799987792969,-11.142999649047852
1482900598076,10.762999534606934,-35.77799987792969,-11.142999649047852
1482900598095,10.762999534606934,-35.77799987792969,-11.142999649047852
1482900598115,10.762999534606934,-35.77799987792969,-11.142999649047852
1482900598136,10.762999534606934,-35.77799987792969,-11.142999649047852
1482900598156,10.762999534606934,-35.77799987792969,-11.142999649047852
1482900598176,10.762999534606934,-35.77799987792969,-11.142999649047852
1482900598202,10.762999534606934,-35.77799987792969,-11.142999649047852
1482900598216,10.762999534606934,-35.77799987792969,-11.142999649047852
1482900598236,10.762999534606934,-35.77799987792969,-11.142999649047852
1482900598257,10.762999534606934,-35.77799987792969,-11.142999649047852
1482900598275,10.762999534606934,-35.77799987792969,-11.142999649047852
1482900598295,10.762999534606934,-35.77799987792969,-11.142999649047852
1482900598317,10.762999534606934,-35.77799987792969,-11.142999649047852
1482900598336,10.762999534606934,-35.77799987792969,-11.142999649047852
1482900598356,10.762999534606934,-35.77799987792969,-11.142999649047852
1482900598382,10.762999534606934,-35.77799987792969,-11.142999649047852
1482900598395,10.762999534606934,-35.77799987792969,-11.142999649047852
1482900598416,10.762999534606934,-35.77799987792969,-11.142999649047852
1482900598436,10.762999534606934,-35.77799987792969,-11.142999649047852
1482900598455,10.762999534606934,-35.77799987792969,-11.142999649047852
1482900598476,10.762999534606934,-35.77799987792969,-11.142999649047852
1482900598496,10.762999534606934,-35.77799987792969,-11.142999649047852
1482900598516,10.762999534606934,-35.77799987792969,-11.142999649047852
1482900598535,10.762999534606934,-35.77799987792969,-11.142999649047852
1482900598562,10.762999534606934,-35.77799987792969,-11.142999649047852
1482900598575,10.762999534606934,-35.77799987792969,-11.142999649047852
1482900598597,10.762999534606934,-35.77799987792969,-11.142999649047852
1482900598617,10.762999534606934,-35.77799987792969,-11.142999649047852
1482900598637,10.762999534606934,-35.77799987792969,-11.142999649047852
1482900598657,10.762999534606934,-35.77799987792969,-11.142999649047852
1482900598676,10.762999534606934,-35.77799987792969,-11.142999649047852
1482900598693,10.762999534606934,-35.77799987792969,-11.444999694824219
1482900598713,10.762999534606934,-35.77799987792969,-11.444999694824219
1482900598738,10.762999534606934,-35.77799987792969,-11.444999694824219
1482900598753,10.762999534606934,-35.77799987792969,-11.444999694824219
1482900598773,10.762999534606934,-35.77799987792969,-11.444999694824219
1482900598797,10.762999534606934,-35.77799987792969,-11.444999694824219
1482900598816,10.762999534606934,-35.77799987792969,-11.444999694824219
1482900598836,10.762999534606934,-35.77799987792969,-11.444999694824219
1482900598858,10.762999534606934,-35.77799987792969,-11.444999694824219
1482900598875,10.762999534606934,-35.77799987792969,-11.444999694824219
1482900598895,10.762999534606934,-35.77799987792969,-11.444999694824219
1482900598921,11.067000389099121,-35.77799987792969,-11.444999694824219
1482900598940,11.067000389099121,-35.77799987792969,-11.444999694824219
1482900598955,11.067000389099121,-35.77799987792969,-11.444999694824219
1482900598977,11.067000389099121,-35.77799987792969,-11.444999694824219
1482900598997,11.067000389099121,-35.77799987792969,-11.444999694824219
1482900599016,11.067000389099121,-35.77799987792969,-11.444999694824219
1482900599037,11.067000389099121,-35.77799987792969,-11.444999694824219
1482900599056,11.067000389099121,-35.77799987792969,-11.444999694824219
1482900599075,11.067000389099121,-35.77799987792969,-11.444999694824219
1482900599102,11.067000389099121,-35.77799987792969,-11.75
1482900599117,11.067000389099121,-35.77799987792969,-11.75
1482900599137,11.067000389099121,-35.77799987792969,-11.75
1482900599157,11.067000389099121,-35.77799987792969,-11.75
1482900599176,11.067000389099121,-35.77799987792969,-11.75
1482900599197,11.067000389099121,-35.77799987792969,-11.75
1482900599217,11.067000389099121,-35.77799987792969,-11.75
1482900599236,11.067000389099121,-35.77799987792969,-11.75
1482900599256,11.067000389099121,-35.77799987792969,-11.75
1482900599279,11.067000389099121,-35.77799987792969,-11.75
1482900599295,11.067000389099121,-35.77799987792969,-11.75
1482900599335,11.067000389099121,-35.77799987792969,-11.75
1482900599335,11.067000389099121,-35.77799987792969,-11.75
1482900599354,11.067000389099121,-35.77799987792969,-11.75
1482900599376,11.067000389099121,-35.77799987792969,-11.75
1482900599395,11.067000389099121,-35.77799987792969,-11.75
1482900599417,11.067000389099121,-35.77799987792969,-11.75
1482900599436,11.067000389099121,-35.77799987792969,-11.75
1482900599462,11.067000389099121,-35.77799987792969,-11.75
1482900599475,11.067000389099121,-35.77799987792969,-11.75
1482900599497,11.067000389099121,-35.77799987792969,-11.75
1482900599517,11.067000389099121,-35.77799987792969,-11.75
1482900599537,11.067000389099121,-35.77799987792969,-11.75
1482900599557,11.067000389099121,-35.77799987792969,-11.75
1482900599577,11.067000389099121,-35.77799987792969,-11.75
1482900599597,11.067000389099121,-35.77799987792969,-11.75
1482900599617,11.067000389099121,-35.47200012207031,-12.050999641418457
1482900599655,11.067000389099121,-35.47200012207031,-12.050999641418457
1482900599655,11.067000389099121,-35.47200012207031,-12.050999641418457
1482900599674,11.067000389099121,-35.47200012207031,-12.050999641418457
1482900599694,11.067000389099121,-35.47200012207031,-12.050999641418457
1482900599714,11.067000389099121,-35.47200012207031,-12.050999641418457
1482900599734,11.067000389099121,-35.47200012207031,-12.050999641418457
1482900599755,11.067000389099121,-35.47200012207031,-12.050999641418457
1482900599775,11.067000389099121,-35.47200012207031,-12.050999641418457
1482900599797,11.067000389099121,-35.47200012207031,-12.050999641418457
1482900599822,11.067000389099121,-35.47200012207031,-12.050999641418457
1482900599836,11.067000389099121,-35.47200012207031,-12.050999641418457
1482900599857,11.067000389099121,-35.47200012207031,-12.050999641418457
1482900599878,11.067000389099121,-35.47200012207031,-12.050999641418457
1482900599897,11.067000389099121,-35.47200012207031,-12.050999641418457
1482900599915,11.067000389099121,-35.47200012207031,-12.050999641418457
1482900599937,11.067000389099121,-35.47200012207031,-12.050999641418457
1482900599957,11.369999885559082,-35.47200012207031,-12.050999641418457
1482900599977,11.369999885559082,-35.47200012207031,-12.050999641418457
1482900600007,11.369999885559082,-35.47200012207031,-12.050999641418457
1482900600031,11.369999885559082,-35.47200012207031,-12.050999641418457
1482900600038,11.369999885559082,-35.47200012207031,-12.050999641418457
1482900600055,11.369999885559082,-35.47200012207031,-12.050999641418457
1482900600074,11.369999885559082,-35.47200012207031,-12.050999641418457
1482900600094,11.369999885559082,-35.47200012207031,-12.050999641418457
1482900600114,11.369999885559082,-35.47200012207031,-12.050999641418457
1482900600134,11.369999885559082,-35.47200012207031,-12.050999641418457
1482900600154,11.369999885559082,-35.47200012207031,-12.050999641418457
1482900600180,11.369999885559082,-35.47200012207031,-12.050999641418457
1482900600199,11.369999885559082,-35.47200012207031,-12.050999641418457
1482900600219,11.369999885559082,-35.47200012207031,-12.050999641418457
1482900600239,11.369999885559082,-35.47200012207031,-12.050999641418457
1482900600257,11.369999885559082,-35.47200012207031,-12.050999641418457
1482900600278,11.369999885559082,-35.47200012207031,-12.050999641418457
1482900600295,11.369999885559082,-35.47200012207031,-12.050999641418457
1482900600315,11.369999885559082,-35.47200012207031,-12.050999641418457
1482900600337,11.369999885559082,-35.47200012207031,-12.050999641418457
1482900600361,11.369999885559082,-35.47200012207031,-12.050999641418457
1482900600377,11.369999885559082,-35.47200012207031,-12.050999641418457
1482900600397,11.369999885559082,-35.47200012207031,-12.050999641418457
1482900600417,11.369999885559082,-35.47200012207031,-12.050999641418457
1482900600438,11.369999885559082,-35.47200012207031,-12.050999641418457
1482900600457,11.369999885559082,-35.47200012207031,-12.050999641418457
1482900600478,11.369999885559082,-35.47200012207031,-12.050999641418457
1482900600498,11.369999885559082,-35.47200012207031,-12.050999641418457
1482900600518,11.369999885559082,-35.47200012207031,-12.050999641418457
1482900600544,11.369999885559082,-35.47200012207031,-12.050999641418457
1482900600557,11.369999885559082,-35.47200012207031,-12.050999641418457
1482900600578,11.369999885559082,-35.47200012207031,-12.050999641418457
1482900600598,11.369999885559082,-35.47200012207031,-12.050999641418457
1482900600618,11.369999885559082,-35.47200012207031,-12.050999641418457
1482900600638,11.369999885559082,-35.47200012207031,-12.050999641418457
1482900600674,11.369999885559082,-35.47200012207031,-12.050999641418457
1482900600675,11.369999885559082,-35.47200012207031,-12.050999641418457
1482900600695,11.369999885559082,-35.47200012207031,-12.050999641418457
1482900600718,11.369999885559082,-35.47200012207031,-12.050999641418457
1482900600735,11.369999885559082,-35.47200012207031,-12.050999641418457
1482900600755,11.369999885559082,-35.47200012207031,-12.050999641418457
1482900600775,11.369999885559082,-35.47200012207031,-12.050999641418457
1482900600797,11.369999885559082,-35.47200012207031,-12.050999641418457
1482900600818,11.369999885559082,-35.47200012207031,-12.050999641418457
1482900600837,11.369999885559082,-35.47200012207031,-12.050999641418457
1482900600858,11.369999885559082,-35.47200012207031,-12.050999641418457
1482900600878,11.369999885559082,-35.47200012207031,-12.050999641418457
1482900600905,11.369999885559082,-35.47200012207031,-12.050999641418457
1482900600917,11.369999885559082,-35.47200012207031,-12.050999641418457
1482900600938,11.369999885559082,-35.47200012207031,-12.050999641418457
1482900600959,11.369999885559082,-35.47200012207031,-12.050999641418457
1482900600978,11.369999885559082,-35.47200012207031,-12.050999641418457
1482900600998,11.369999885559082,-35.47200012207031,-12.050999641418457
1482900601019,11.369999885559082,-35.47200012207031,-12.050999641418457
1482900601038,11.369999885559082,-35.47200012207031,-12.050999641418457
1482900601058,11.369999885559082,-35.47200012207031,-12.050999641418457
1482900601085,11.369999885559082,-35.47200012207031,-12.050999641418457
1482900601096,11.369999885559082,-35.47200012207031,-12.050999641418457
1482900601116,11.369999885559082,-35.47200012207031,-12.050999641418457
1482900601136,11.369999885559082,-35.47200012207031,-12.050999641418457
1482900601157,11.369999885559082,-35.47200012207031,-12.050999641418457
1482900601177,11.369999885559082,-35.47200012207031,-12.050999641418457
1482900601197,11.369999885559082,-35.47200012207031,-12.050999641418457
1482900601218,11.369999885559082,-35.47200012207031,-12.050999641418457
1482900601238,11.369999885559082,-35.47200012207031,-12.050999641418457
1482900601265,11.369999885559082,-35.47200012207031,-12.050999641418457
1482900601277,11.369999885559082,-35.47200012207031,-12.050999641418457
1482900601298,11.369999885559082,-35.47200012207031,-12.050999641418457
1482900601319,11.369999885559082,-35.47200012207031,-12.050999641418457
1482900601339,11.369999885559082,-35.47200012207031,-12.050999641418457
1482900601358,11.369999885559082,-35.47200012207031,-12.050999641418457
1482900601379,11.369999885559082,-35.47200012207031,-12.050999641418457
1482900601397,11.369999885559082,-35.47200012207031,-12.050999641418457
1482900601416,11.369999885559082,-35.47200012207031,-11.73799991607666
1482900601443,11.369999885559082,-35.47200012207031,-11.73799991607666
1482900601493,11.369999885559082,-35.47200012207031,-11.73799991607666
1482900601493,11.369999885559082,-35.47200012207031,-11.73799991607666
1482900601498,11.369999885559082,-35.47200012207031,-11.73799991607666
1482900601517,11.369999885559082,-35.47200012207031,-11.73799991607666
1482900601541,11.369999885559082,-35.47200012207031,-11.73799991607666
1482900601557,11.369999885559082,-35.47200012207031,-11.73799991607666
1482900601578,11.369999885559082,-35.47200012207031,-11.73799991607666
1482900601599,11.369999885559082,-35.47200012207031,-11.73799991607666
1482900601626,11.689000129699707,-35.47200012207031,-11.73799991607666
1482900601638,11.689000129699707,-35.47200012207031,-11.73799991607666
1482900601659,11.689000129699707,-35.47200012207031,-11.73799991607666
1482900601678,11.689000129699707,-35.47200012207031,-11.73799991607666
1482900601698,11.689000129699707,-35.47200012207031,-11.73799991607666
1482900601719,11.689000129699707,-35.47200012207031,-11.73799991607666
1482900601738,11.689000129699707,-35.47200012207031,-11.73799991607666
1482900601758,11.689000129699707,-35.47200012207031,-11.73799991607666
1482900601779,11.689000129699707,-35.47200012207031,-11.73799991607666
1482900601806,11.689000129699707,-35.47200012207031,-11.73799991607666
1482900601817,11.689000129699707,-35.47200012207031,-11.73799991607666
1482900601837,11.689000129699707,-35.47200012207031,-11.73799991607666
1482900601859,11.390000343322754,-35.47200012207031,-12.053999900817871
1482900601878,11.390000343322754,-35.47200012207031,-12.053999900817871
1482900601899,11.390000343322754,-35.47200012207031,-12.053999900817871
1482900601919,11.390000343322754,-35.47200012207031,-12.053999900817871
1482900601941,11.390000343322754,-35.47200012207031,-12.053999900817871
1482900601962,11.390000343322754,-35.47200012207031,-12.053999900817871
1482900601984,11.390000343322754,-35.47200012207031,-12.053999900817871
1482900601997,11.390000343322754,-35.47200012207031,-12.053999900817871
1482900602017,11.390000343322754,-35.47200012207031,-12.053999900817871
1482900602039,11.390000343322754,-35.47200012207031,-12.053999900817871
1482900602057,11.390000343322754,-35.47200012207031,-12.053999900817871
1482900602077,11.390000343322754,-35.47200012207031,-12.053999900817871
1482900602099,11.390000343322754,-35.47200012207031,-12.053999900817871
1482900602117,11.390000343322754,-35.47200012207031,-12.053999900817871
1482900602139,11.390000343322754,-35.47200012207031,-12.053999900817871
1482900602166,11.390000343322754,-35.47200012207031,-12.053999900817871
1482900602177,11.390000343322754,-35.47200012207031,-12.053999900817871
1482900602199,11.390000343322754,-35.47200012207031,-12.053999900817871
1482900602220,11.390000343322754,-35.47200012207031,-12.053999900817871
1482900602239,11.390000343322754,-35.47200012207031,-12.053999900817871
1482900602259,11.390000343322754,-35.47200012207031,-12.053999900817871
1482900602278,11.390000343322754,-35.47200012207031,-12.053999900817871
1482900602297,11.390000343322754,-35.47200012207031,-12.053999900817871
1482900602320,11.390000343322754,-35.47200012207031,-12.053999900817871
1482900602351,11.390000343322754,-35.47200012207031,-12.053999900817871
1482900602357,11.390000343322754,-35.47200012207031,-12.053999900817871
1482900602378,11.390000343322754,-35.47200012207031,-12.053999900817871
1482900602397,11.390000343322754,-35.47200012207031,-12.053999900817871
1482900602417,11.390000343322754,-35.47200012207031,-11.718000411987305
1482900602439,11.390000343322754,-35.47200012207031,-11.718000411987305
1482900602458,11.390000343322754,-35.47200012207031,-11.718000411987305
1482900602478,11.390000343322754,-35.47200012207031,-11.718000411987305
1482900602499,11.390000343322754,-35.47200012207031,-11.718000411987305
1482900602526,11.390000343322754,-35.47200012207031,-11.718000411987305
1482900602538,11.390000343322754,-35.47200012207031,-11.718000411987305
1482900602559,11.390000343322754,-35.47200012207031,-11.718000411987305
1482900602580,11.390000343322754,-35.47200012207031,-11.718000411987305
1482900602599,11.390000343322754,-35.47200012207031,-11.718000411987305
1482900602617,11.390000343322754,-35.47200012207031,-11.718000411987305
1482900602638,11.390000343322754,-35.47200012207031,-11.718000411987305
1482900602660,11.390000343322754,-35.47200012207031,-11.718000411987305
1482900602681,11.390000343322754,-35.47200012207031,-11.718000411987305
1482900602701,11.390000343322754,-35.47200012207031,-11.718000411987305
1482900602717,11.390000343322754,-35.47200012207031,-11.718000411987305
1482900602737,11.390000343322754,-35.47200012207031,-11.718000411987305
1482900602757,11.390000343322754,-35.47200012207031,-11.718000411987305
1482900602777,11.390000343322754,-35.47200012207031,-11.718000411987305
1482900602798,11.390000343322754,-35.47200012207031,-11.718000411987305
1482900602820,11.390000343322754,-35.47200012207031,-11.718000411987305
1482900602838,11.390000343322754,-35.47200012207031,-11.718000411987305
1482900602860,11.390000343322754,-35.47200012207031,-11.718000411987305
1482900602886,11.390000343322754,-35.47200012207031,-11.718000411987305
1482900602900,11.390000343322754,-35.47200012207031,-11.718000411987305
1482900602920,11.390000343322754,-35.47200012207031,-11.718000411987305
1482900602941,11.390000343322754,-35.47200012207031,-11.718000411987305
1482900602960,11.390000343322754,-35.47200012207031,-11.718000411987305
1482900602980,11.390000343322754,-35.47200012207031,-11.718000411987305
1482900603001,11.390000343322754,-35.47200012207031,-11.718000411987305
1482900603020,11.390000343322754,-35.47200012207031,-11.718000411987305
1482900603040,11.390000343322754,-35.47200012207031,-11.718000411987305
1482900603066,11.390000343322754,-35.47200012207031,-11.718000411987305
1482900603080,11.390000343322754,-35.47200012207031,-11.718000411987305
1482900603104,11.390000343322754,-35.47200012207031,-11.718000411987305
1482900603120,11.390000343322754,-35.47200012207031,-12.020000457763672
1482900603140,11.390000343322754,-35.47200012207031,-12.020000457763672
1482900603160,11.390000343322754,-35.47200012207031,-12.020000457763672
1482900603181,11.390000343322754,-35.47200012207031,-12.020000457763672
1482900603200,11.390000343322754,-35.47200012207031,-12.020000457763672
1482900603220,11.390000343322754,-35.47200012207031,-12.020000457763672
1482900603246,11.390000343322754,-35.47200012207031,-12.020000457763672
1482900603260,11.390000343322754,-35.47200012207031,-12.020000457763672
1482900603280,11.390000343322754,-35.47200012207031,-12.020000457763672
1482900603301,11.390000343322754,-35.47200012207031,-12.020000457763672
1482900603321,11.390000343322754,-35.47200012207031,-12.020000457763672
1482900603341,11.390000343322754,-35.47200012207031,-12.020000457763672
1482900603361,11.390000343322754,-35.47200012207031,-12.020000457763672
1482900603381,11.390000343322754,-35.47200012207031,-12.020000457763672
1482900603401,11.390000343322754,-35.47200012207031,-12.020000457763672
1482900603427,11.390000343322754,-35.47200012207031,-12.020000457763672
1482900603441,11.390000343322754,-35.47200012207031,-12.020000457763672
1482900603460,11.390000343322754,-35.47200012207031,-12.020000457763672
1482900603479,11.390000343322754,-35.47200012207031,-12.020000457763672
1482900603500,11.390000343322754,-35.47200012207031,-12.020000457763672
1482900603520,11.390000343322754,-35.47200012207031,-12.020000457763672
1482900603540,11.390000343322754,-35.47200012207031,-12.020000457763672
1482900603560,11.390000343322754,-35.47200012207031,-12.020000457763672
1482900603580,11.390000343322754,-35.47200012207031,-12.020000457763672
1482900603605,11.390000343322754,-35.47200012207031,-12.020000457763672
1482900603620,11.390000343322754,-35.47200012207031,-12.020000457763672
1482900603640,11.390000343322754,-35.47200012207031,-12.020000457763672
1482900603661,11.390000343322754,-35.47200012207031,-12.020000457763672
1482900603681,11.390000343322754,-35.47200012207031,-12.020000457763672
1482900603700,11.390000343322754,-35.47200012207031,-12.020000457763672
1482900603721,11.390000343322754,-35.47200012207031,-12.020000457763672
1482900603740,11.390000343322754,-35.47200012207031,-12.020000457763672
1482900603759,11.390000343322754,-35.47200012207031,-12.020000457763672
1482900603787,11.390000343322754,-35.47200012207031,-12.020000457763672
1482900603801,11.390000343322754,-35.47200012207031,-12.020000457763672
1482900603821,11.390000343322754,-35.47200012207031,-12.020000457763672
1482900603840,11.390000343322754,-35.47200012207031,-11.682999610900879
1482900603861,11.390000343322754,-35.47200012207031,-11.682999610900879
1482900603881,11.390000343322754,-35.47200012207031,-11.682999610900879
1482900603901,11.390000343322754,-35.47200012207031,-11.682999610900879
1482900603921,11.390000343322754,-35.47200012207031,-11.682999610900879
1482900603941,11.390000343322754,-35.47200012207031,-11.682999610900879
1482900603967,11.390000343322754,-35.47200012207031,-11.682999610900879
1482900603981,11.390000343322754,-35.47200012207031,-11.682999610900879
1482900604001,11.390000343322754,-35.47200012207031,-11.682999610900879
1482900604021,11.390000343322754,-35.47200012207031,-11.682999610900879
1482900604041,11.390000343322754,-35.47200012207031,-11.682999610900879
1482900604061,11.390000343322754,-35.47200012207031,-11.682999610900879
1482900604081,11.390000343322754,-35.47200012207031,-11.682999610900879
1482900604101,11.390000343322754,-35.47200012207031,-11.682999610900879
1482900604121,11.390000343322754,-35.47200012207031,-11.682999610900879
1482900604146,11.390000343322754,-35.47200012207031,-11.682999610900879
1482900604161,11.390000343322754,-35.47200012207031,-11.682999610900879
1482900604181,11.390000343322754,-35.47200012207031,-11.682999610900879
1482900604202,11.390000343322754,-35.777000427246094,-11.682999610900879
1482900604221,11.390000343322754,-35.777000427246094,-11.682999610900879
1482900604241,11.390000343322754,-35.777000427246094,-11.682999610900879
1482900604262,11.390000343322754,-35.777000427246094,-11.682999610900879
1482900604281,11.390000343322754,-35.777000427246094,-11.682999610900879
1482900604301,11.390000343322754,-35.777000427246094,-11.682999610900879
1482900604327,11.390000343322754,-35.777000427246094,-11.359999656677246
1482900604342,11.390000343322754,-35.777000427246094,-11.359999656677246
1482900604361,11.390000343322754,-35.777000427246094,-11.359999656677246
1482900604382,11.390000343322754,-35.777000427246094,-11.359999656677246
1482900604400,11.390000343322754,-35.777000427246094,-11.359999656677246
1482900604419,11.390000343322754,-35.777000427246094,-11.359999656677246
1482900604439,11.390000343322754,-35.777000427246094,-11.359999656677246
1482900604463,11.390000343322754,-35.777000427246094,-11.359999656677246
1482900604482,11.390000343322754,-35.777000427246094,-11.359999656677246
1482900604505,11.390000343322754,-35.777000427246094,-11.359999656677246
1482900604521,11.390000343322754,-35.777000427246094,-11.359999656677246
1482900604541,11.390000343322754,-35.777000427246094,-11.359999656677246
1482900604562,11.390000343322754,-35.777000427246094,-11.359999656677246
1482900604581,11.390000343322754,-35.777000427246094,-11.359999656677246
1482900604601,11.390000343322754,-35.777000427246094,-11.670999526977539
1482900604622,11.390000343322754,-35.777000427246094,-11.670999526977539
1482900604641,11.390000343322754,-35.777000427246094,-11.670999526977539
1482900604661,11.390000343322754,-35.777000427246094,-11.670999526977539
1482900604685,11.390000343322754,-35.777000427246094,-11.670999526977539
1482900604715,11.390000343322754,-35.777000427246094,-11.670999526977539
1482900604719,11.390000343322754,-35.777000427246094,-11.670999526977539
1482900604740,11.390000343322754,-35.777000427246094,-11.670999526977539
1482900604759,11.390000343322754,-35.777000427246094,-11.670999526977539
1482900604779,11.390000343322754,-35.777000427246094,-11.670999526977539
1482900604799,11.390000343322754,-35.777000427246094,-11.670999526977539
1482900604819,11.390000343322754,-35.777000427246094,-11.670999526977539
1482900604842,11.390000343322754,-35.777000427246094,-11.670999526977539
1482900604868,11.390000343322754,-35.777000427246094,-11.670999526977539
1482900604882,11.390000343322754,-35.777000427246094,-11.670999526977539
1482900604901,11.390000343322754,-35.777000427246094,-11.670999526977539
1482900604922,11.390000343322754,-35.777000427246094,-11.670999526977539
1482900604942,11.390000343322754,-35.777000427246094,-11.670999526977539
1482900604962,11.390000343322754,-35.777000427246094,-11.670999526977539
1482900604994,11.390000343322754,-35.777000427246094,-11.670999526977539
1482900605000,11.390000343322754,-35.777000427246094,-11.670999526977539
1482900605019,11.390000343322754,-35.777000427246094,-11.670999526977539
1482900605042,11.390000343322754,-35.777000427246094,-11.670999526977539
1482900605059,11.390000343322754,-35.777000427246094,-11.347000122070313
1482900605079,11.390000343322754,-35.777000427246094,-11.347000122070313
1482900605102,11.390000343322754,-35.777000427246094,-11.347000122070313
1482900605122,11.390000343322754,-35.777000427246094,-11.347000122070313
1482900605142,11.390000343322754,-35.777000427246094,-11.347000122070313
1482900605163,11.390000343322754,-35.777000427246094,-11.347000122070313
1482900605182,11.390000343322754,-35.777000427246094,-11.347000122070313
1482900605202,11.390000343322754,-35.777000427246094,-11.347000122070313
1482900605227,11.390000343322754,-35.777000427246094,-11.347000122070313
1482900605242,11.390000343322754,-35.777000427246094,-11.347000122070313
1482900605259,11.390000343322754,-35.777000427246094,-11.347000122070313
1482900605283,11.390000343322754,-35.777000427246094,-11.347000122070313
1482900605302,11.390000343322754,-35.777000427246094,-11.347000122070313
1482900605322,11.390000343322754,-35.777000427246094,-11.347000122070313
1482900605343,11.390000343322754,-35.777000427246094,-11.347000122070313
1482900605362,11.390000343322754,-35.777000427246094,-11.347000122070313
1482900605382,11.390000343322754,-35.777000427246094,-11.347000122070313
1482900605408,11.390000343322754,-35.777000427246094,-11.347000122070313
1482900605422,11.390000343322754,-35.777000427246094,-11.347000122070313
1482900605442,11.390000343322754,-35.777000427246094,-11.347000122070313
1482900605463,11.390000343322754,-35.777000427246094,-11.347000122070313
1482900605482,11.390000343322754,-35.777000427246094,-11.347000122070313
1482900605503,11.390000343322754,-35.777000427246094,-11.347000122070313
1482900605520,11.390000343322754,-35.777000427246094,-11.347000122070313
1482900605542,11.390000343322754,-35.777000427246094,-11.347000122070313
1482900605562,11.390000343322754,-35.777000427246094,-11.347000122070313
1482900605586,11.390000343322754,-35.777000427246094,-11.347000122070313
1482900605602,11.390000343322754,-35.777000427246094,-11.347000122070313
1482900605622,11.390000343322754,-35.777000427246094,-11.347000122070313
1482900605643,11.390000343322754,-35.777000427246094,-11.347000122070313
1482900605662,11.390000343322754,-35.777000427246094,-11.347000122070313
1482900605682,11.390000343322754,-35.777000427246094,-11.347000122070313
1482900605703,11.390000343322754,-35.777000427246094,-11.347000122070313
1482900605739,11.390000343322754,-35.777000427246094,-11.347000122070313
1482900605740,11.390000343322754,-35.777000427246094,-11.347000122070313
1482900605765,11.390000343322754,-35.777000427246094,-11.347000122070313
1482900605779,11.390000343322754,-35.777000427246094,-11.347000122070313
1482900605800,11.390000343322754,-35.777000427246094,-11.347000122070313
1482900605820,11.390000343322754,-35.777000427246094,-11.347000122070313
1482900605840,11.390000343322754,-35.777000427246094,-11.347000122070313
1482900605863,11.390000343322754,-35.777000427246094,-11.347000122070313
1482900605883,11.390000343322754,-35.777000427246094,-11.347000122070313
1482900605903,11.390000343322754,-35.777000427246094,-11.347000122070313
1482900605923,11.390000343322754,-35.777000427246094,-11.347000122070313
1482900605949,11.390000343322754,-35.777000427246094,-11.347000122070313
1482900605963,11.390000343322754,-35.777000427246094,-11.347000122070313
1482900605983,11.390000343322754,-35.777000427246094,-11.347000122070313
1482900606003,11.390000343322754,-35.777000427246094,-11.347000122070313
1482900606023,11.390000343322754,-35.777000427246094,-11.347000122070313
1482900606043,11.390000343322754,-35.777000427246094,-11.347000122070313
1482900606063,11.390000343322754,-35.777000427246094,-11.347000122070313
1482900606083,11.390000343322754,-35.777000427246094,-11.347000122070313
1482900606103,11.390000343322754,-35.777000427246094,-11.347000122070313
1482900606126,11.390000343322754,-35.777000427246094,-11.347000122070313
1482900606143,11.390000343322754,-35.777000427246094,-11.347000122070313
1482900606163,11.390000343322754,-35.777000427246094,-11.347000122070313
1482900606183,11.390000343322754,-35.777000427246094,-11.347000122070313
1482900606203,11.390000343322754,-35.777000427246094,-11.347000122070313
1482900606223,11.390000343322754,-35.777000427246094,-11.347000122070313
1482900606244,11.390000343322754,-35.777000427246094,-11.347000122070313
1482900606263,11.390000343322754,-35.777000427246094,-11.347000122070313
1482900606283,11.390000343322754,-35.777000427246094,-11.347000122070313
1482900606333,11.390000343322754,-35.777000427246094,-11.347000122070313
1482900606334,11.390000343322754,-35.777000427246094,-11.347000122070313
1482900606343,11.390000343322754,-35.777000427246094,-11.347000122070313
1482900606361,11.390000343322754,-35.777000427246094,-11.347000122070313
1482900606383,11.390000343322754,-35.777000427246094,-11.347000122070313
1482900606403,11.390000343322754,-35.777000427246094,-11.347000122070313
1482900606423,11.390000343322754,-35.777000427246094,-11.347000122070313
1482900606443,11.390000343322754,-35.777000427246094,-11.347000122070313
1482900606463,11.390000343322754,-35.777000427246094,-11.347000122070313
1482900606489,11.390000343322754,-35.777000427246094,-11.347000122070313
1482900606503,11.390000343322754,-35.777000427246094,-11.347000122070313
1482900606523,11.390000343322754,-35.777000427246094,-11.347000122070313
1482900606544,11.390000343322754,-35.777000427246094,-11.347000122070313
1482900606563,11.390000343322754,-35.777000427246094,-11.347000122070313
1482900606583,11.390000343322754,-35.777000427246094,-11.347000122070313
1482900606604,11.390000343322754,-35.777000427246094,-11.347000122070313
1482900606622,11.390000343322754,-35.777000427246094,-11.347000122070313
1482900606644,11.390000343322754,-35.777000427246094,-11.347000122070313
1482900606670,11.390000343322754,-35.777000427246094,-11.347000122070313
1482900606684,11.390000343322754,-35.777000427246094,-11.347000122070313
1482900606704,11.390000343322754,-35.777000427246094,-11.347000122070313
1482900606724,11.390000343322754,-35.777000427246094,-11.347000122070313
1482900606743,11.390000343322754,-35.777000427246094,-11.347000122070313
1482900606763,11.390000343322754,-35.777000427246094,-11.347000122070313
1482900606785,11.390000343322754,-35.777000427246094,-11.347000122070313
1482900606804,11.390000343322754,-35.777000427246094,-11.347000122070313
1482900606824,11.390000343322754,-35.777000427246094,-11.347000122070313
1482900606849,11.390000343322754,-35.777000427246094,-11.347000122070313
1482900606864,11.390000343322754,-35.777000427246094,-11.347000122070313
1482900606885,11.390000343322754,-35.777000427246094,-11.347000122070313
1482900606904,11.390000343322754,-35.777000427246094,-11.347000122070313
1482900606924,11.390000343322754,-35.777000427246094,-11.347000122070313
1482900606945,11.390000343322754,-35.777000427246094,-11.347000122070313
1482900606964,11.390000343322754,-35.777000427246094,-11.347000122070313
1482900606984,11.390000343322754,-35.777000427246094,-11.347000122070313
1482900607005,11.390000343322754,-35.777000427246094,-11.347000122070313
1482900607030,11.390000343322754,-35.777000427246094,-11.347000122070313
1482900607044,11.390000343322754,-35.777000427246094,-11.347000122070313
1482900607065,11.390000343322754,-35.777000427246094,-11.347000122070313
1482900607084,11.390000343322754,-35.777000427246094,-11.347000122070313
1482900607104,11.390000343322754,-35.777000427246094,-11.347000122070313
1482900607125,11.390000343322754,-35.777000427246094,-11.347000122070313
1482900607144,11.390000343322754,-35.777000427246094,-11.347000122070313
1482900607164,11.390000343322754,-35.777000427246094,-11.347000122070313
1482900607185,11.390000343322754,-35.777000427246094,-11.347000122070313
1482900607210,11.390000343322754,-35.777000427246094,-11.347000122070313
1482900607224,11.390000343322754,-35.777000427246094,-11.347000122070313
1482900607241,11.390000343322754,-35.777000427246094,-11.347000122070313
1482900607265,11.390000343322754,-35.777000427246094,-11.347000122070313
1482900607284,11.390000343322754,-35.777000427246094,-11.347000122070313
1482900607303,11.390000343322754,-35.777000427246094,-11.347000122070313
1482900607338,11.390000343322754,-35.777000427246094,-11.347000122070313
1482900607344,11.390000343322754,-35.777000427246094,-11.347000122070313
1482900607365,11.390000343322754,-35.777000427246094,-11.347000122070313
1482900607390,11.390000343322754,-35.777000427246094,-11.347000122070313
1482900607404,11.390000343322754,-35.777000427246094,-11.347000122070313
1482900607425,11.390000343322754,-35.777000427246094,-11.347000122070313
1482900607445,11.390000343322754,-35.777000427246094,-11.347000122070313
1482900607461,11.390000343322754,-35.777000427246094,-11.347000122070313
1482900607482,11.390000343322754,-35.777000427246094,-11.347000122070313
1482900607505,11.390000343322754,-35.777000427246094,-11.347000122070313
1482900607524,11.390000343322754,-35.777000427246094,-11.347000122070313
1482900607544,11.390000343322754,-35.777000427246094,-11.347000122070313
1482900607570,11.390000343322754,-35.777000427246094,-11.347000122070313
1482900607585,11.390000343322754,-35.777000427246094,-11.347000122070313
1482900607604,11.390000343322754,-35.777000427246094,-11.347000122070313
1482900607625,11.390000343322754,-35.777000427246094,-11.347000122070313
1482900607644,11.390000343322754,-35.777000427246094,-11.347000122070313
1482900607664,11.390000343322754,-35.777000427246094,-11.347000122070313
1482900607685,11.390000343322754,-35.777000427246094,-11.347000122070313
1482900607704,11.390000343322754,-35.777000427246094,-11.347000122070313
1482900607724,11.390000343322754,-35.777000427246094,-11.347000122070313
1482900607748,11.390000343322754,-35.777000427246094,-11.347000122070313
1482900607765,11.390000343322754,-35.777000427246094,-11.347000122070313
1482900607782,11.390000343322754,-35.777000427246094,-11.347000122070313
1482900607802,11.390000343322754,-35.777000427246094,-11.347000122070313
1482900607822,11.390000343322754,-35.777000427246094,-11.347000122070313
1482900607842,11.390000343322754,-35.777000427246094,-11.347000122070313
1482900607862,11.390000343322754,-35.777000427246094,-11.347000122070313
1482900607885,11.390000343322754,-35.777000427246094,-11.347000122070313
1482900607905,11.390000343322754,-35.777000427246094,-11.347000122070313
1482900607930,11.390000343322754,-35.777000427246094,-11.347000122070313
1482900607943,11.390000343322754,-35.777000427246094,-11.347000122070313
1482900607965,11.390000343322754,-35.777000427246094,-11.347000122070313
1482900607985,11.390000343322754,-35.777000427246094,-11.347000122070313
1482900608005,11.390000343322754,-35.777000427246094,-11.347000122070313
1482900608025,11.390000343322754,-35.777000427246094,-11.347000122070313
1482900608044,11.390000343322754,-35.777000427246094,-11.347000122070313
1482900608066,11.390000343322754,-35.777000427246094,-11.347000122070313
1482900608085,11.390000343322754,-35.777000427246094,-11.347000122070313
1482900608110,11.390000343322754,-35.777000427246094,-11.347000122070313
1482900608125,11.390000343322754,-35.777000427246094,-11.347000122070313
1482900608144,11.390000343322754,-35.777000427246094,-11.347000122070313
1482900608165,11.390000343322754,-35.777000427246094,-11.347000122070313
1482900608185,11.390000343322754,-35.777000427246094,-11.347000122070313
1482900608205,11.390000343322754,-35.777000427246094,-11.347000122070313
1482900608225,11.390000343322754,-35.777000427246094,-11.347000122070313
1482900608245,11.390000343322754,-35.777000427246094,-11.347000122070313
1482900608265,11.390000343322754,-35.777000427246094,-11.347000122070313
1482900608290,11.390000343322754,-35.777000427246094,-11.347000122070313
1482900608304,11.390000343322754,-35.777000427246094,-11.347000122070313
1482900608325,11.390000343322754,-35.777000427246094,-11.347000122070313
1482900608346,11.390000343322754,-35.777000427246094,-11.347000122070313
1482900608365,11.390000343322754,-35.777000427246094,-11.347000122070313
1482900608383,11.390000343322754,-35.777000427246094,-11.347000122070313
1482900608405,11.390000343322754,-35.777000427246094,-11.347000122070313
1482900608425,11.390000343322754,-35.777000427246094,-11.347000122070313
1482900608445,11.390000343322754,-35.777000427246094,-11.347000122070313
1482900608469,11.390000343322754,-35.777000427246094,-11.347000122070313
1482900608485,11.390000343322754,-35.777000427246094,-11.347000122070313
1482900608505,11.390000343322754,-35.777000427246094,-11.347000122070313
1482900608525,11.390000343322754,-35.777000427246094,-11.347000122070313
1482900608545,11.390000343322754,-35.777000427246094,-11.347000122070313
1482900608565,11.390000343322754,-35.777000427246094,-11.347000122070313
1482900608585,11.390000343322754,-35.777000427246094,-11.347000122070313
1482900608605,11.390000343322754,-35.777000427246094,-11.347000122070313
1482900608625,11.390000343322754,-35.777000427246094,-11.347000122070313
1482900608650,11.390000343322754,-35.777000427246094,-11.347000122070313
1482900608664,11.390000343322754,-35.777000427246094,-11.347000122070313
1482900608685,11.390000343322754,-35.777000427246094,-11.347000122070313
1482900608705,11.390000343322754,-35.777000427246094,-11.347000122070313
1482900608724,11.390000343322754,-35.777000427246094,-11.347000122070313
1482900608747,11.390000343322754,-35.777000427246094,-11.347000122070313
1482900608766,11.390000343322754,-35.777000427246094,-11.347000122070313
1482900608785,11.390000343322754,-35.777000427246094,-11.347000122070313
1482900608805,11.390000343322754,-35.777000427246094,-11.347000122070313
1482900608831,11.390000343322754,-35.777000427246094,-11.347000122070313
1482900608846,11.390000343322754,-35.777000427246094,-11.347000122070313
1482900608866,11.390000343322754,-35.777000427246094,-11.347000122070313
1482900608886,11.390000343322754,-35.777000427246094,-11.347000122070313
1482900608905,11.390000343322754,-35.777000427246094,-11.347000122070313
1482900608925,11.390000343322754,-35.777000427246094,-11.347000122070313
1482900608945,11.390000343322754,-35.777000427246094,-11.347000122070313
1482900608965,11.390000343322754,-35.777000427246094,-11.347000122070313
1482900608985,11.390000343322754,-35.777000427246094,-11.347000122070313
1482900609009,11.390000343322754,-35.777000427246094,-11.347000122070313
1482900609025,11.390000343322754,-35.777000427246094,-11.347000122070313
1482900609045,11.390000343322754,-35.777000427246094,-11.347000122070313
1482900609066,11.390000343322754,-35.777000427246094,-11.347000122070313
1482900609086,11.390000343322754,-35.777000427246094,-11.347000122070313
1482900609106,11.390000343322754,-35.777000427246094,-11.347000122070313
1482900609126,11.390000343322754,-35.777000427246094,-11.347000122070313
1482900609145,11.390000343322754,-35.777000427246094,-11.347000122070313
1482900609165,11.390000343322754,-35.777000427246094,-11.347000122070313
1482900609191,11.390000343322754,-35.777000427246094,-11.347000122070313
1482900609205,11.390000343322754,-35.777000427246094,-11.347000122070313
1482900609225,11.390000343322754,-35.777000427246094,-11.347000122070313
1482900609246,11.390000343322754,-35.777000427246094,-11.347000122070313
1482900609266,11.390000343322754,-35.777000427246094,-11.347000122070313
1482900609286,11.390000343322754,-35.777000427246094,-11.347000122070313
1482900609306,11.390000343322754,-35.777000427246094,-11.347000122070313
1482900609326,11.390000343322754,-35.777000427246094,-11.347000122070313
1482900609344,11.390000343322754,-35.777000427246094,-11.347000122070313
1482900609395,11.390000343322754,-35.777000427246094,-11.347000122070313
1482900609395,11.390000343322754,-35.777000427246094,-11.347000122070313
1482900609414,11.390000343322754,-35.777000427246094,-11.347000122070313
1482900609424,11.390000343322754,-35.777000427246094,-11.347000122070313
1482900609445,11.390000343322754,-35.777000427246094,-11.347000122070313
1482900609467,11.390000343322754,-35.777000427246094,-11.347000122070313
1482900609487,11.390000343322754,-35.777000427246094,-11.347000122070313
1482900609505,11.390000343322754,-35.777000427246094,-11.347000122070313
1482900609525,11.390000343322754,-35.777000427246094,-11.347000122070313
1482900609551,11.390000343322754,-35.777000427246094,-11.347000122070313
1482900609566,11.390000343322754,-35.777000427246094,-11.347000122070313
1482900609586,11.390000343322754,-35.777000427246094,-11.347000122070313
1482900609607,11.390000343322754,-35.777000427246094,-11.347000122070313
1482900609626,11.390000343322754,-35.777000427246094,-11.347000122070313
1482900609646,11.390000343322754,-35.777000427246094,-11.347000122070313
1482900609666,11.390000343322754,-35.777000427246094,-11.347000122070313
1482900609686,11.390000343322754,-35.777000427246094,-11.347000122070313
1482900609706,11.390000343322754,-35.777000427246094,-11.347000122070313
1482900609731,11.390000343322754,-35.777000427246094,-11.347000122070313
1482900609746,11.390000343322754,-35.777000427246094,-11.347000122070313
1482900609775,11.390000343322754,-35.777000427246094,-11.347000122070313
1482900609784,11.390000343322754,-35.777000427246094,-11.347000122070313
1482900609804,11.390000343322754,-35.777000427246094,-11.347000122070313
1482900609824,11.390000343322754,-35.777000427246094,-11.347000122070313
1482900609844,11.390000343322754,-35.777000427246094,-11.347000122070313
1482900609864,11.390000343322754,-35.777000427246094,-11.347000122070313
1482900609884,11.390000343322754,-35.777000427246094,-11.347000122070313
1482900609912,11.390000343322754,-35.777000427246094,-11.347000122070313
1482900609924,11.390000343322754,-35.777000427246094,-11.347000122070313
1482900609947,11.390000343322754,-35.777000427246094,-11.347000122070313
1482900609967,11.390000343322754,-35.777000427246094,-11.347000122070313
1482900609986,11.390000343322754,-35.777000427246094,-11.347000122070313
1482900610007,11.390000343322754,-35.777000427246094,-11.347000122070313
1482900610027,11.390000343322754,-35.777000427246094,-11.347000122070313
1482900610047,11.390000343322754,-35.777000427246094,-11.347000122070313
1482900610067,11.390000343322754,-35.777000427246094,-11.347000122070313
1482900610091,11.390000343322754,-35.777000427246094,-11.347000122070313
1482900610107,11.390000343322754,-35.777000427246094,-11.347000122070313
1482900610126,11.390000343322754,-35.777000427246094,-11.347000122070313
1482900610146,11.390000343322754,-35.777000427246094,-11.347000122070313
1482900610167,11.390000343322754,-35.777000427246094,-11.347000122070313
1482900610187,11.390000343322754,-35.777000427246094,-11.347000122070313
1482900610207,11.390000343322754,-35.777000427246094,-11.347000122070313
1482900610227,11.390000343322754,-35.777000427246094,-11.347000122070313
1482900610247,11.390000343322754,-35.777000427246094,-11.347000122070313
1482900610273,11.390000343322754,-35.777000427246094,-11.347000122070313
1482900610287,11.390000343322754,-35.777000427246094,-11.347000122070313
1482900610306,11.390000343322754,-35.777000427246094,-11.347000122070313
1482900610327,11.390000343322754,-35.777000427246094,-11.347000122070313
1482900610345,11.390000343322754,-35.777000427246094,-11.347000122070313
1482900610367,11.390000343322754,-35.777000427246094,-11.347000122070313
1482900610387,11.390000343322754,-35.777000427246094,-11.347000122070313
1482900610406,11.079000473022461,-35.777000427246094,-11.347000122070313
1482900610427,11.079000473022461,-35.777000427246094,-11.347000122070313
1482900610452,11.079000473022461,-35.777000427246094,-11.347000122070313
1482900610467,11.079000473022461,-35.777000427246094,-11.347000122070313
1482900610487,11.079000473022461,-35.777000427246094,-11.347000122070313
1482900610507,11.079000473022461,-35.777000427246094,-11.347000122070313
1482900610527,11.079000473022461,-35.777000427246094,-11.347000122070313
1482900610547,11.079000473022461,-35.777000427246094,-11.347000122070313
1482900610567,11.079000473022461,-35.777000427246094,-11.347000122070313
1482900610587,11.079000473022461,-35.777000427246094,-11.347000122070313
1482900610607,11.079000473022461,-35.777000427246094,-11.347000122070313
1482900610632,11.079000473022461,-35.777000427246094,-11.347000122070313
1482900610647,11.079000473022461,-35.777000427246094,-11.347000122070313
1482900610667,11.079000473022461,-35.777000427246094,-11.347000122070313
1482900610688,11.079000473022461,-35.777000427246094,-11.347000122070313
1482900610707,11.079000473022461,-35.777000427246094,-11.347000122070313
1482900610727,11.079000473022461,-35.777000427246094,-11.347000122070313
1482900610748,11.079000473022461,-35.777000427246094,-11.347000122070313
1482900610794,11.079000473022461,-35.777000427246094,-11.347000122070313
1482900610794,11.079000473022461,-35.777000427246094,-11.347000122070313
1482900610808,11.079000473022461,-35.777000427246094,-11.347000122070313
1482900610824,11.079000473022461,-35.777000427246094,-11.347000122070313
1482900610850,11.079000473022461,-35.777000427246094,-11.347000122070313
1482900610865,11.079000473022461,-35.777000427246094,-11.347000122070313
1482900610884,11.079000473022461,-35.777000427246094,-11.347000122070313
1482900610905,11.079000473022461,-35.777000427246094,-11.347000122070313
1482900610927,11.079000473022461,-35.777000427246094,-11.347000122070313
1482900610947,11.079000473022461,-35.777000427246094,-11.347000122070313
1482900610967,11.079000473022461,-35.777000427246094,-11.347000122070313
1482900610993,11.079000473022461,-35.777000427246094,-11.347000122070313
1482900611007,11.079000473022461,-35.777000427246094,-11.347000122070313
1482900611027,11.079000473022461,-35.777000427246094,-11.347000122070313
1482900611057,11.079000473022461,-35.777000427246094,-11.347000122070313
1482900611065,11.079000473022461,-35.777000427246094,-11.347000122070313
1482900611087,11.079000473022461,-35.777000427246094,-11.347000122070313
1482900611107,11.079000473022461,-35.777000427246094,-11.038000106811523
1482900611127,11.079000473022461,-35.777000427246094,-11.038000106811523
1482900611147,11.079000473022461,-35.777000427246094,-11.038000106811523
1482900611171,11.079000473022461,-35.777000427246094,-11.038000106811523
1482900611187,11.079000473022461,-35.777000427246094,-11.038000106811523
1482900611207,11.079000473022461,-35.777000427246094,-11.038000106811523
1482900611228,11.079000473022461,-35.777000427246094,-11.038000106811523
1482900611253,11.079000473022461,-35.777000427246094,-11.038000106811523
1482900611266,11.079000473022461,-35.777000427246094,-11.038000106811523
1482900611287,11.079000473022461,-36.10200119018555,-11.038000106811523
1482900611307,11.079000473022461,-36.10200119018555,-11.038000106811523
1482900611327,11.079000473022461,-36.10200119018555,-11.038000106811523
1482900611352,11.079000473022461,-36.10200119018555,-11.038000106811523
1482900611368,11.079000473022461,-36.10200119018555,-11.038000106811523
1482900611388,11.079000473022461,-36.10200119018555,-11.038000106811523
1482900611408,11.079000473022461,-36.10200119018555,-11.038000106811523
1482900611428,11.079000473022461,-36.10200119018555,-11.038000106811523
1482900611448,11.079000473022461,-36.10200119018555,-11.038000106811523
1482900611468,11.079000473022461,-36.10200119018555,-11.038000106811523
1482900611488,11.079000473022461,-36.10200119018555,-11.038000106811523
1482900611508,11.079000473022461,-36.10200119018555,-11.038000106811523
1482900611532,11.079000473022461,-36.10200119018555,-11.038000106811523
1482900611548,11.079000473022461,-36.10200119018555,-11.038000106811523
1482900611568,11.079000473022461,-36.10200119018555,-11.038000106811523
1482900611588,11.079000473022461,-36.10200119018555,-11.038000106811523
1482900611608,11.079000473022461,-36.10200119018555,-11.038000106811523
1482900611628,11.079000473022461,-36.10200119018555,-11.038000106811523
1482900611649,11.079000473022461,-36.10200119018555,-11.038000106811523
1482900611668,11.079000473022461,-36.10200119018555,-11.038000106811523
1482900611688,11.079000473022461,-36.10200119018555,-11.038000106811523
1482900611715,11.079000473022461,-36.10200119018555,-11.038000106811523
1482900611727,11.079000473022461,-36.10200119018555,-11.038000106811523
1482900611748,11.079000473022461,-36.10200119018555,-11.038000106811523
1482900611767,11.079000473022461,-36.10200119018555,-11.038000106811523
1482900611791,11.079000473022461,-36.10200119018555,-11.038000106811523
1482900611807,11.079000473022461,-36.10200119018555,-11.038000106811523
1482900611829,11.079000473022461,-36.10200119018555,-11.038000106811523
1482900611848,11.079000473022461,-36.10200119018555,-11.038000106811523
1482900611868,11.079000473022461,-36.10200119018555,-11.038000106811523
1482900611895,11.079000473022461,-36.10200119018555,-11.038000106811523
1482900611907,11.079000473022461,-36.10200119018555,-11.038000106811523
1482900611928,11.079000473022461,-36.10200119018555,-11.038000106811523
1482900611949,11.079000473022461,-36.10200119018555,-11.038000106811523
1482900611968,11.079000473022461,-36.10200119018555,-11.038000106811523
1482900611988,11.079000473022461,-36.10200119018555,-11.038000106811523
1482900612009,11.079000473022461,-36.10200119018555,-11.038000106811523
1482900612028,11.079000473022461,-36.10200119018555,-11.038000106811523
1482900612049,11.079000473022461,-36.10200119018555,-11.038000106811523
1482900612075,11.079000473022461,-36.10200119018555,-11.038000106811523
1482900612087,11.079000473022461,-36.10200119018555,-11.038000106811523
1482900612109,11.079000473022461,-36.10200119018555,-11.038000106811523
1482900612129,11.079000473022461,-36.10200119018555,-11.038000106811523
1482900612151,11.079000473022461,-36.10200119018555,-11.038000106811523
1482900612168,11.079000473022461,-36.10200119018555,-11.038000106811523
1482900612189,11.079000473022461,-36.10200119018555,-11.038000106811523
1482900612209,11.079000473022461,-36.10200119018555,-11.038000106811523
1482900612229,11.079000473022461,-36.10200119018555,-11.038000106811523
1482900612256,11.079000473022461,-36.10200119018555,-11.038000106811523
1482900612267,11.079000473022461,-36.10200119018555,-11.038000106811523
1482900612289,11.079000473022461,-36.10200119018555,-11.354000091552734
1482900612309,11.079000473022461,-36.10200119018555,-11.354000091552734
1482900612327,11.079000473022461,-36.10200119018555,-11.354000091552734
1482900612348,11.079000473022461,-36.10200119018555,-11.354000091552734
1482900612369,11.079000473022461,-36.10200119018555,-11.354000091552734
1482900612389,11.079000473022461,-36.10200119018555,-11.354000091552734
1482900612407,11.079000473022461,-36.10200119018555,-11.354000091552734
1482900612433,11.079000473022461,-36.10200119018555,-11.354000091552734
1482900612449,11.079000473022461,-36.10200119018555,-11.354000091552734
1482900612469,11.079000473022461,-36.10200119018555,-11.354000091552734
1482900612489,11.079000473022461,-36.10200119018555,-11.354000091552734
1482900612507,11.079000473022461,-36.10200119018555,-11.354000091552734
1482900612529,11.079000473022461,-36.10200119018555,-11.354000091552734
1482900612549,11.079000473022461,-36.10200119018555,-11.354000091552734
1482900612569,11.079000473022461,-36.10200119018555,-11.354000091552734
1482900612593,11.079000473022461,-36.10200119018555,-11.354000091552734
1482900612613,11.079000473022461,-36.10200119018555,-11.354000091552734
1482900612627,11.079000473022461,-36.10200119018555,-11.354000091552734
1482900612647,11.079000473022461,-36.10200119018555,-11.354000091552734
1482900612667,11.079000473022461,-36.10200119018555,-11.354000091552734
1482900612689,11.079000473022461,-36.10200119018555,-11.354000091552734
1482900612709,11.079000473022461,-36.10200119018555,-11.354000091552734
1482900612729,11.079000473022461,-36.10200119018555,-11.354000091552734
1482900612749,11.079000473022461,-36.10200119018555,-11.354000091552734
1482900612767,11.079000473022461,-36.10200119018555,-11.354000091552734
1482900612796,11.079000473022461,-36.10200119018555,-11.354000091552734
1482900612807,11.079000473022461,-36.10200119018555,-11.354000091552734
1482900612828,11.079000473022461,-36.10200119018555,-11.354000091552734
1482900612847,11.079000473022461,-36.10200119018555,-11.354000091552734
1482900612866,11.079000473022461,-36.10200119018555,-11.354000091552734
1482900612886,11.079000473022461,-36.10200119018555,-11.354000091552734
1482900612907,11.079000473022461,-36.10200119018555,-11.354000091552734
1482900612926,11.079000473022461,-36.10200119018555,-11.354000091552734
1482900612947,11.079000473022461,-36.10200119018555,-11.354000091552734
1482900612976,11.079000473022461,-36.10200119018555,-11.354000091552734
1482900612989,11.079000473022461,-36.10200119018555,-11.354000091552734
1482900613009,11.079000473022461,-36.10200119018555,-11.354000091552734
1482900613030,11.079000473022461,-36.10200119018555,-11.354000091552734
1482900613049,11.079000473022461,-36.10200119018555,-11.354000091552734
1482900613069,11.079000473022461,-36.10200119018555,-11.354000091552734
1482900613090,11.079000473022461,-36.10200119018555,-11.354000091552734
1482900613108,11.079000473022461,-36.10200119018555,-11.354000091552734
1482900613127,11.079000473022461,-36.10200119018555,-11.354000091552734
1482900613156,11.079000473022461,-36.10200119018555,-11.354000091552734
1482900613167,11.079000473022461,-36.10200119018555,-11.354000091552734
1482900613188,11.079000473022461,-36.10200119018555,-11.354000091552734
1482900613210,11.079000473022461,-36.10200119018555,-11.354000091552734
1482900613229,11.079000473022461,-36.10200119018555,-11.354000091552734
1482900613249,11.079000473022461,-36.10200119018555,-11.354000091552734
1482900613270,11.079000473022461,-36.10200119018555,-11.354000091552734
1482900613289,11.079000473022461,-36.10200119018555,-11.354000091552734
1482900613309,11.079000473022461,-36.10200119018555,-11.354000091552734
1482900613336,11.079000473022461,-36.10200119018555,-11.354000091552734
1482900613348,11.079000473022461,-36.10200119018555,-11.354000091552734
1482900613367,11.079000473022461,-36.10200119018555,-11.354000091552734
1482900613390,11.079000473022461,-36.10200119018555,-11.354000091552734
1482900613410,11.079000473022461,-36.10200119018555,-11.354000091552734
1482900613430,11.079000473022461,-36.10200119018555,-11.354000091552734
1482900613450,11.079000473022461,-36.10200119018555,-11.354000091552734
1482900613470,11.079000473022461,-36.10200119018555,-11.354000091552734
1482900613490,11.079000473022461,-36.10200119018555,-11.354000091552734
1482900613516,11.079000473022461,-36.10200119018555,-11.354000091552734
1482900613530,11.079000473022461,-36.10200119018555,-11.354000091552734
1482900613550,11.079000473022461,-36.10200119018555,-11.354000091552734
1482900613570,11.079000473022461,-36.10200119018555,-11.354000091552734
1482900613590,11.079000473022461,-36.10200119018555,-11.354000091552734
1482900613610,11.079000473022461,-36.10200119018555,-11.354000091552734
1482900613630,11.079000473022461,-36.10200119018555,-11.354000091552734
1482900613650,11.079000473022461,-36.10200119018555,-11.354000091552734
1482900613670,11.079000473022461,-36.10200119018555,-11.354000091552734
1482900613696,11.079000473022461,-36.10200119018555,-11.354000091552734
1482900613710,11.079000473022461,-36.10200119018555,-11.02400016784668
1482900613730,11.079000473022461,-36.10200119018555,-11.02400016784668
1482900613751,11.079000473022461,-36.10200119018555,-11.02400016784668
1482900613768,11.079000473022461,-36.10200119018555,-11.02400016784668
1482900613790,11.079000473022461,-36.10200119018555,-11.02400016784668
1482900613808,11.079000473022461,-36.10200119018555,-11.02400016784668
1482900613829,11.079000473022461,-36.10200119018555,-11.02400016784668
1482900613850,11.079000473022461,-36.10200119018555,-11.02400016784668
1482900613876,11.079000473022461,-36.10200119018555,-11.02400016784668
1482900613890,11.079000473022461,-36.10200119018555,-11.02400016784668
1482900613910,11.079000473022461,-36.10200119018555,-11.02400016784668
1482900613931,11.079000473022461,-36.10200119018555,-11.02400016784668
1482900613950,11.079000473022461,-36.10200119018555,-11.02400016784668
1482900613970,11.079000473022461,-36.10200119018555,-11.02400016784668
1482900613991,11.079000473022461,-36.10200119018555,-11.02400016784668
1482900614010,11.079000473022461,-36.10200119018555,-11.02400016784668
1482900614030,11.079000473022461,-36.10200119018555,-11.02400016784668
1482900614056,11.079000473022461,-36.10200119018555,-11.02400016784668
1482900614070,11.079000473022461,-36.10200119018555,-11.02400016784668
1482900614088,11.079000473022461,-36.10200119018555,-11.02400016784668
1482900614109,11.079000473022461,-36.10200119018555,-11.02400016784668
1482900614130,11.079000473022461,-36.10200119018555,-11.02400016784668
1482900614149,11.079000473022461,-36.10200119018555,-11.02400016784668
1482900614170,11.079000473022461,-36.10200119018555,-11.02400016784668
1482900614190,11.079000473022461,-36.10200119018555,-11.02400016784668
1482900614210,11.079000473022461,-36.10200119018555,-11.02400016784668
1482900614236,11.079000473022461,-36.10200119018555,-11.02400016784668
1482900614250,11.079000473022461,-36.10200119018555,-11.02400016784668
1482900614270,11.079000473022461,-36.10200119018555,-11.02400016784668
1482900614291,11.079000473022461,-36.10200119018555,-11.02400016784668
1482900614310,11.079000473022461,-36.10200119018555,-11.02400016784668
1482900614328,11.079000473022461,-36.10200119018555,-11.02400016784668
1482900614350,11.079000473022461,-36.10200119018555,-11.02400016784668
1482900614370,11.079000473022461,-36.10200119018555,-11.02400016784668
1482900614390,11.079000473022461,-36.10200119018555,-11.02400016784668
1482900614415,11.079000473022461,-36.10200119018555,-11.02400016784668
1482900614430,11.079000473022461,-36.10200119018555,-11.02400016784668
1482900614448,11.079000473022461,-36.10200119018555,-11.02400016784668
1482900614468,11.079000473022461,-36.10200119018555,-11.02400016784668
1482900614488,11.079000473022461,-36.10200119018555,-11.02400016784668
1482900614511,11.079000473022461,-36.10200119018555,-11.02400016784668
1482900614531,11.079000473022461,-36.10200119018555,-11.02400016784668
1482900614550,11.079000473022461,-36.10200119018555,-11.02400016784668
1482900614571,11.079000473022461,-36.10200119018555,-11.02400016784668
1482900614597,11.079000473022461,-36.10200119018555,-11.02400016784668
1482900614610,11.079000473022461,-36.10200119018555,-11.02400016784668
1482900614631,11.079000473022461,-36.10200119018555,-11.02400016784668
1482900614651,11.079000473022461,-36.10200119018555,-11.02400016784668
1482900614671,11.079000473022461,-36.10200119018555,-11.02400016784668
1482900614691,11.079000473022461,-36.10200119018555,-11.02400016784668
1482900614711,11.079000473022461,-36.10200119018555,-11.02400016784668
1482900614731,11.079000473022461,-36.10200119018555,-11.02400016784668
1482900614751,11.079000473022461,-36.10200119018555,-11.02400016784668
1482900614775,11.079000473022461,-36.10200119018555,-11.02400016784668
1482900614791,11.079000473022461,-36.10200119018555,-11.02400016784668
1482900614809,11.079000473022461,-36.10200119018555,-11.02400016784668
1482900614831,11.079000473022461,-36.10200119018555,-11.02400016784668
1482900614849,11.079000473022461,-36.10200119018555,-11.02400016784668
1482900614870,11.079000473022461,-36.10200119018555,-11.02400016784668
1482900614891,11.079000473022461,-36.10200119018555,-11.02400016784668
1482900614910,11.079000473022461,-36.10200119018555,-11.02400016784668
1482900614931,11.079000473022461,-36.10200119018555,-11.02400016784668
1482900614957,11.079000473022461,-36.10200119018555,-11.02400016784668
1482900614971,11.079000473022461,-36.10200119018555,-11.02400016784668
1482900614991,11.079000473022461,-36.10200119018555,-11.02400016784668
1482900615011,11.079000473022461,-36.10200119018555,-11.02400016784668
1482900615031,11.079000473022461,-36.10200119018555,-11.02400016784668
1482900615051,11.079000473022461,-36.10200119018555,-11.02400016784668
1482900615071,11.079000473022461,-36.10200119018555,-11.02400016784668
1482900615091,11.079000473022461,-36.10200119018555,-11.02400016784668
1482900615108,11.079000473022461,-36.10200119018555,-11.02400016784668
1482900615137,11.079000473022461,-36.10200119018555,-11.02400016784668
1482900615151,11.079000473022461,-36.10200119018555,-11.02400016784668
1482900615169,11.079000473022461,-36.10200119018555,-11.02400016784668
1482900615192,11.079000473022461,-36.10200119018555,-11.02400016784668
1482900615211,11.079000473022461,-36.10200119018555,-11.02400016784668
1482900615231,11.079000473022461,-36.10200119018555,-11.02400016784668
1482900615252,11.079000473022461,-36.10200119018555,-11.02400016784668
1482900615271,11.079000473022461,-36.10200119018555,-11.02400016784668
1482900615291,11.079000473022461,-36.10200119018555,-11.02400016784668
1482900615317,11.079000473022461,-36.10200119018555,-11.02400016784668
1482900615332,11.079000473022461,-36.10200119018555,-11.02400016784668
1482900615352,11.079000473022461,-36.10200119018555,-11.02400016784668
1482900615372,11.079000473022461,-36.10200119018555,-11.02400016784668
1482900615392,11.079000473022461,-36.10200119018555,-11.02400016784668
1482900615412,11.079000473022461,-36.10200119018555,-11.02400016784668
1482900615432,11.079000473022461,-36.10200119018555,-11.02400016784668
1482900615449,11.079000473022461,-36.10200119018555,-11.02400016784668
1482900615470,11.079000473022461,-36.10200119018555,-11.02400016784668
1482900615496,11.079000473022461,-36.10200119018555,-11.02400016784668
1482900615511,11.079000473022461,-36.10200119018555,-11.02400016784668
1482900615531,11.079000473022461,-36.10200119018555,-11.02400016784668
1482900615552,11.079000473022461,-36.10200119018555,-11.02400016784668
1482900615571,11.079000473022461,-36.10200119018555,-11.02400016784668
1482900615591,11.079000473022461,-36.10200119018555,-11.02400016784668
1482900615612,11.079000473022461,-36.10200119018555,-11.02400016784668
1482900615632,11.079000473022461,-36.10200119018555,-11.02400016784668
1482900615652,11.079000473022461,-36.10200119018555,-11.02400016784668
1482900615676,11.079000473022461,-36.10200119018555,-11.02400016784668
1482900615692,11.079000473022461,-36.10200119018555,-11.02400016784668
1482900615712,11.079000473022461,-36.10200119018555,-11.02400016784668
1482900615729,11.079000473022461,-36.10200119018555,-11.02400016784668
1482900615751,11.079000473022461,-36.10200119018555,-11.02400016784668
1482900615772,10.777000427246094,-36.10200119018555,-11.02400016784668
1482900615792,10.777000427246094,-36.10200119018555,-11.02400016784668
1482900615810,10.777000427246094,-36.10200119018555,-11.02400016784668
1482900615831,10.777000427246094,-36.10200119018555,-11.02400016784668
1482900615856,10.777000427246094,-36.10200119018555,-11.02400016784668
1482900615872,10.777000427246094,-36.10200119018555,-11.02400016784668
1482900615892,10.777000427246094,-36.10200119018555,-11.02400016784668
1482900615912,10.777000427246094,-36.10200119018555,-11.02400016784668
1482900615932,10.777000427246094,-36.10200119018555,-11.02400016784668
1482900615952,10.777000427246094,-36.10200119018555,-11.02400016784668
1482900615972,10.777000427246094,-36.10200119018555,-11.02400016784668
1482900615992,10.777000427246094,-36.10200119018555,-11.02400016784668
1482900616012,10.777000427246094,-36.10200119018555,-11.02400016784668
1482900616038,10.777000427246094,-36.10200119018555,-11.02400016784668
1482900616052,10.777000427246094,-36.10200119018555,-11.02400016784668
1482900616072,10.777000427246094,-36.10200119018555,-11.02400016784668
1482900616093,10.777000427246094,-36.10200119018555,-11.02400016784668
1482900616112,10.777000427246094,-36.10200119018555,-11.02400016784668
1482900616132,10.777000427246094,-36.10200119018555,-11.02400016784668
1482900616153,10.777000427246094,-36.10200119018555,-11.02400016784668
1482900616179,10.777000427246094,-36.10200119018555,-11.02400016784668
1482900616192,10.777000427246094,-36.10200119018555,-11.02400016784668
1482900616216,10.777000427246094,-36.10200119018555,-11.02400016784668
1482900616232,11.079000473022461,-36.10200119018555,-11.02400016784668
1482900616252,11.079000473022461,-36.10200119018555,-11.02400016784668
1482900616273,11.079000473022461,-36.10200119018555,-11.02400016784668
1482900616292,11.079000473022461,-36.10200119018555,-11.02400016784668
1482900616338,11.079000473022461,-36.10200119018555,-11.02400016784668
1482900616339,11.079000473022461,-36.10200119018555,-11.02400016784668
1482900616352,11.079000473022461,-36.10200119018555,-11.02400016784668
1482900616372,11.079000473022461,-36.10200119018555,-11.02400016784668
1482900616398,11.079000473022461,-36.10200119018555,-11.02400016784668
1482900616412,11.079000473022461,-36.10200119018555,-11.02400016784668
1482900616432,11.079000473022461,-36.10200119018555,-11.02400016784668
1482900616453,11.079000473022461,-36.10200119018555,-11.02400016784668
1482900616473,11.079000473022461,-36.10200119018555,-11.02400016784668
1482900616493,11.079000473022461,-36.10200119018555,-11.02400016784668
1482900616513,11.079000473022461,-36.10200119018555,-11.02400016784668
1482900616533,11.079000473022461,-36.10200119018555,-11.02400016784668
1482900616553,11.079000473022461,-36.10200119018555,-11.02400016784668
1482900616579,11.079000473022461,-36.10200119018555,-11.02400016784668
1482900616593,11.079000473022461,-36.10200119018555,-11.02400016784668
1482900616613,11.079000473022461,-36.10200119018555,-11.02400016784668
1482900616633,11.079000473022461,-36.10200119018555,-11.02400016784668
1482900616653,11.079000473022461,-36.10200119018555,-11.02400016784668
1482900616673,11.079000473022461,-36.10200119018555,-11.02400016784668
1482900616693,11.079000473022461,-36.10200119018555,-11.02400016784668
1482900616713,11.079000473022461,-36.10200119018555,-11.02400016784668
1482900616733,11.079000473022461,-36.10200119018555,-11.02400016784668
1482900616757,11.079000473022461,-36.10200119018555,-11.02400016784668
1482900616773,11.079000473022461,-36.10200119018555,-11.02400016784668
1482900616793,11.079000473022461,-36.10200119018555,-11.02400016784668
1482900616816,11.079000473022461,-36.10200119018555,-11.02400016784668
1482900616833,11.079000473022461,-36.10200119018555,-11.02400016784668
1482900616853,11.079000473022461,-36.10200119018555,-11.02400016784668
1482900616873,11.079000473022461,-36.10200119018555,-11.02400016784668
1482900616893,11.079000473022461,-36.10200119018555,-11.02400016784668
1482900616913,11.079000473022461,-36.10200119018555,-11.02400016784668
1482900616937,11.079000473022461,-36.10200119018555,-11.02400016784668
1482900616953,11.079000473022461,-36.10200119018555,-11.02400016784668
1482900616973,11.079000473022461,-36.10200119018555,-11.02400016784668
1482900616993,11.079000473022461,-36.10200119018555,-11.02400016784668
1482900617013,11.079000473022461,-36.10200119018555,-11.02400016784668
1482900617033,11.079000473022461,-36.10200119018555,-11.02400016784668
1482900617053,11.079000473022461,-36.10200119018555,-11.02400016784668
1482900617073,11.079000473022461,-36.10200119018555,-11.02400016784668
1482900617093,11.079000473022461,-36.10200119018555,-11.02400016784668
1482900617119,11.079000473022461,-36.10200119018555,-11.02400016784668
1482900617132,11.079000473022461,-36.10200119018555,-11.02400016784668
1482900617154,11.079000473022461,-36.10200119018555,-11.02400016784668
1482900617173,11.079000473022461,-36.10200119018555,-11.02400016784668
1482900617191,11.079000473022461,-36.10200119018555,-11.02400016784668
1482900617213,11.079000473022461,-36.10200119018555,-11.02400016784668
1482900617233,11.079000473022461,-36.10200119018555,-11.02400016784668
1482900617253,11.079000473022461,-36.10200119018555,-11.02400016784668
1482900617273,11.079000473022461,-36.10200119018555,-11.02400016784668
1482900617300,11.079000473022461,-36.10200119018555,-11.02400016784668
1482900617313,11.079000473022461,-36.10200119018555,-11.02400016784668
1482900617333,11.079000473022461,-36.10200119018555,-11.02400016784668
1482900617354,11.079000473022461,-36.10200119018555,-11.02400016784668
1482900617373,11.079000473022461,-36.10200119018555,-11.02400016784668
1482900617393,11.079000473022461,-36.10200119018555,-11.02400016784668
1482900617414,11.079000473022461,-36.10200119018555,-11.02400016784668
1482900617433,11.079000473022461,-36.10200119018555,-11.02400016784668
1482900617453,11.079000473022461,-36.10200119018555,-11.02400016784668
1482900617479,11.079000473022461,-36.10200119018555,-11.02400016784668
1482900617493,11.079000473022461,-36.10200119018555,-11.02400016784668
1482900617513,11.079000473022461,-36.10200119018555,-11.02400016784668
1482900617534,11.079000473022461,-36.10200119018555,-11.02400016784668
1482900617553,11.079000473022461,-36.10200119018555,-11.02400016784668
1482900617574,11.079000473022461,-36.10200119018555,-11.02400016784668
1482900617594,11.079000473022461,-36.10200119018555,-11.02400016784668
1482900617612,11.079000473022461,-36.10200119018555,-11.02400016784668
1482900617634,11.079000473022461,-36.10200119018555,-11.02400016784668
1482900617659,10.77400016784668,-36.10200119018555,-11.02400016784668
1482900617673,10.77400016784668,-36.10200119018555,-11.02400016784668
1482900617693,10.77400016784668,-36.10200119018555,-11.02400016784668
1482900617715,10.77400016784668,-36.10200119018555,-11.02400016784668
1482900617734,10.77400016784668,-36.10200119018555,-11.02400016784668
1482900617754,10.77400016784668,-36.10200119018555,-11.02400016784668
1482900617774,10.77400016784668,-36.10200119018555,-11.02400016784668
1482900617794,10.77400016784668,-36.10200119018555,-11.02400016784668
1482900617813,10.77400016784668,-36.10200119018555,-11.02400016784668
1482900617836,10.77400016784668,-36.10200119018555,-11.02400016784668
1482900617854,10.77400016784668,-36.10200119018555,-11.02400016784668
1482900617875,10.77400016784668,-36.10200119018555,-11.02400016784668
1482900617894,10.77400016784668,-36.10200119018555,-11.02400016784668
1482900617918,10.77400016784668,-36.10200119018555,-11.02400016784668
1482900617934,10.77400016784668,-36.10200119018555,-11.02400016784668
1482900617954,10.77400016784668,-36.10200119018555,-11.02400016784668
1482900617975,10.77400016784668,-36.10200119018555,-11.02400016784668
1482900617994,10.77400016784668,-36.10200119018555,-11.02400016784668
1482900618020,10.77400016784668,-36.10200119018555,-11.02400016784668
1482900618034,10.77400016784668,-36.10200119018555,-11.02400016784668
1482900618054,10.77400016784668,-36.10200119018555,-11.02400016784668
1482900618074,10.77400016784668,-36.10200119018555,-11.02400016784668
1482900618094,10.77400016784668,-36.402000427246094,-11.02400016784668
1482900618116,10.77400016784668,-36.402000427246094,-11.02400016784668
1482900618134,10.77400016784668,-36.402000427246094,-11.02400016784668
1482900618154,10.77400016784668,-36.402000427246094,-11.02400016784668
1482900618174,10.77400016784668,-36.402000427246094,-11.02400016784668
1482900618199,10.77400016784668,-36.402000427246094,-11.02400016784668
1482900618214,10.77400016784668,-36.402000427246094,-11.02400016784668
1482900618234,10.77400016784668,-36.402000427246094,-11.02400016784668
1482900618254,10.77400016784668,-36.402000427246094,-11.02400016784668
1482900618275,10.77400016784668,-36.402000427246094,-11.02400016784668
1482900618294,10.77400016784668,-36.402000427246094,-11.02400016784668
1482900618314,10.77400016784668,-36.402000427246094,-11.02400016784668
1482900618335,10.77400016784668,-36.402000427246094,-11.02400016784668
1482900618354,10.77400016784668,-36.402000427246094,-11.02400016784668
1482900618378,10.77400016784668,-36.402000427246094,-11.02400016784668
1482900618394,10.77400016784668,-36.402000427246094,-11.02400016784668
1482900618413,10.77400016784668,-36.402000427246094,-11.02400016784668
1482900618434,10.77400016784668,-36.402000427246094,-11.02400016784668
1482900618455,10.77400016784668,-36.402000427246094,-11.02400016784668
1482900618474,10.77400016784668,-36.402000427246094,-11.02400016784668
1482900618495,10.77400016784668,-36.402000427246094,-11.02400016784668
1482900618512,10.77400016784668,-36.402000427246094,-11.02400016784668
1482900618532,10.77400016784668,-36.402000427246094,-11.02400016784668
1482900618561,10.77400016784668,-36.402000427246094,-11.02400016784668
1482900618576,10.77400016784668,-36.402000427246094,-11.02400016784668
1482900618597,10.77400016784668,-36.402000427246094,-11.02400016784668
1482900618613,10.77400016784668,-36.402000427246094,-11.02400016784668
1482900618635,10.77400016784668,-36.402000427246094,-11.02400016784668
1482900618655,10.77400016784668,-36.402000427246094,-11.02400016784668
1482900618675,10.77400016784668,-36.402000427246094,-11.02400016784668
1482900618695,10.77400016784668,-36.402000427246094,-11.02400016784668
1482900618715,10.77400016784668,-36.402000427246094,-11.02400016784668
1482900618740,10.77400016784668,-36.402000427246094,-11.02400016784668
1482900618754,10.77400016784668,-36.402000427246094,-11.02400016784668
1482900618775,10.77400016784668,-36.402000427246094,-11.02400016784668
1482900618795,10.77400016784668,-36.402000427246094,-11.02400016784668
1482900618814,10.77400016784668,-36.402000427246094,-11.02400016784668
1482900618836,10.77400016784668,-36.402000427246094,-11.02400016784668
1482900618855,10.77400016784668,-36.402000427246094,-11.02400016784668
1482900618875,10.77400016784668,-36.402000427246094,-11.02400016784668
1482900618895,10.77400016784668,-36.402000427246094,-11.02400016784668
1482900618921,10.77400016784668,-36.402000427246094,-11.02400016784668
1482900618937,10.77400016784668,-36.402000427246094,-11.02400016784668
1482900618954,10.77400016784668,-36.402000427246094,-11.02400016784668
1482900618975,10.77400016784668,-36.402000427246094,-11.02400016784668
1482900618995,10.77400016784668,-36.402000427246094,-11.02400016784668
1482900619015,10.77400016784668,-36.402000427246094,-10.708000183105469
1482900619035,10.77400016784668,-36.402000427246094,-10.708000183105469
1482900619055,10.77400016784668,-36.402000427246094,-10.708000183105469
1482900619075,10.77400016784668,-36.402000427246094,-10.708000183105469
1482900619101,10.77400016784668,-36.402000427246094,-10.708000183105469
1482900619115,10.77400016784668,-36.402000427246094,-10.708000183105469
1482900619135,10.77400016784668,-36.402000427246094,-10.708000183105469
1482900619155,10.77400016784668,-36.402000427246094,-10.708000183105469
1482900619174,10.77400016784668,-36.402000427246094,-10.708000183105469
1482900619197,10.77400016784668,-36.402000427246094,-10.708000183105469
1482900619216,10.77400016784668,-36.402000427246094,-10.708000183105469
1482900619235,10.77400016784668,-36.402000427246094,-10.708000183105469
1482900619255,10.77400016784668,-36.402000427246094,-10.708000183105469
1482900619281,10.77400016784668,-36.402000427246094,-10.708000183105469
1482900619295,10.77400016784668,-36.402000427246094,-10.708000183105469
1482900619315,10.77400016784668,-36.402000427246094,-10.708000183105469
1482900619335,10.77400016784668,-36.402000427246094,-10.708000183105469
1482900619355,10.77400016784668,-36.402000427246094,-10.708000183105469
1482900619375,10.77400016784668,-36.402000427246094,-10.708000183105469
1482900619396,10.77400016784668,-36.402000427246094,-10.708000183105469
1482900619415,10.77400016784668,-36.402000427246094,-10.708000183105469
1482900619435,10.77400016784668,-36.402000427246094,-10.708000183105469
1482900619462,10.77400016784668,-36.402000427246094,-10.708000183105469
1482900619475,10.77400016784668,-36.402000427246094,-10.708000183105469
1482900619495,10.77400016784668,-36.402000427246094,-10.708000183105469
1482900619516,10.77400016784668,-36.402000427246094,-10.708000183105469
1482900619535,10.77400016784668,-36.402000427246094,-10.708000183105469
1482900619555,10.77400016784668,-36.402000427246094,-10.708000183105469
1482900619575,10.77400016784668,-36.402000427246094,-10.708000183105469
1482900619595,10.77400016784668,-36.402000427246094,-10.708000183105469
1482900619615,10.77400016784668,-36.402000427246094,-10.708000183105469
1482900619641,10.77400016784668,-36.402000427246094,-10.708000183105469
1482900619653,10.77400016784668,-36.402000427246094,-10.708000183105469
1482900619675,10.77400016784668,-36.402000427246094,-10.708000183105469
1482900619695,10.77400016784668,-36.402000427246094,-10.708000183105469
1482900619715,10.77400016784668,-36.402000427246094,-10.708000183105469
1482900619735,10.77400016784668,-36.402000427246094,-10.708000183105469
1482900619756,10.77400016784668,-36.402000427246094,-10.708000183105469
1482900619775,10.77400016784668,-36.402000427246094,-10.708000183105469
1482900619795,10.77400016784668,-36.402000427246094,-10.708000183105469
1482900619821,10.77400016784668,-36.402000427246094,-10.708000183105469
1482900619852,10.77400016784668,-36.402000427246094,-10.708000183105469
1482900619853,10.77400016784668,-36.402000427246094,-10.708000183105469
1482900619873,10.77400016784668,-36.402000427246094,-10.708000183105469
1482900619892,10.77400016784668,-36.402000427246094,-10.708000183105469
1482900619912,10.77400016784668,-36.402000427246094,-10.708000183105469
1482900619933,10.77400016784668,-36.402000427246094,-10.708000183105469
1482900619952,10.77400016784668,-36.402000427246094,-10.708000183105469
1482900619972,10.77400016784668,-36.402000427246094,-10.708000183105469
1482900620001,10.77400016784668,-36.402000427246094,-10.708000183105469
1482900620016,10.77400016784668,-36.402000427246094,-10.708000183105469
1482900620036,10.77400016784668,-36.402000427246094,-10.708000183105469
1482900620056,10.77400016784668,-36.402000427246094,-10.708000183105469
1482900620074,10.77400016784668,-36.402000427246094,-10.708000183105469
1482900620095,10.77400016784668,-36.402000427246094,-10.708000183105469
1482900620116,10.77400016784668,-36.402000427246094,-10.708000183105469
1482900620135,10.77400016784668,-36.402000427246094,-10.708000183105469
1482900620177,10.77400016784668,-36.402000427246094,-10.708000183105469
1482900620177,10.77400016784668,-36.402000427246094,-10.708000183105469
1482900620195,10.77400016784668,-36.402000427246094,-10.708000183105469
1482900620215,10.77400016784668,-36.402000427246094,-10.708000183105469
1482900620237,10.77400016784668,-36.402000427246094,-10.708000183105469
1482900620256,10.77400016784668,-36.402000427246094,-10.708000183105469
1482900620276,10.77400016784668,-36.402000427246094,-10.708000183105469
1482900620296,10.77400016784668,-36.402000427246094,-10.708000183105469
1482900620316,10.77400016784668,-36.402000427246094,-10.708000183105469
1482900620336,10.77400016784668,-36.402000427246094,-10.708000183105469
1482900620362,10.77400016784668,-36.402000427246094,-10.708000183105469
1482900620375,10.77400016784668,-36.402000427246094,-10.708000183105469
1482900620396,10.77400016784668,-36.402000427246094,-10.708000183105469
1482900620414,10.77400016784668,-36.402000427246094,-10.708000183105469
1482900620435,10.77400016784668,-36.402000427246094,-10.708000183105469
1482900620457,10.77400016784668,-36.402000427246094,-10.708000183105469
1482900620477,10.77400016784668,-36.402000427246094,-10.708000183105469
1482900620496,10.77400016784668,-36.402000427246094,-10.708000183105469
1482900620516,10.77400016784668,-36.402000427246094,-10.708000183105469
1482900620542,10.77400016784668,-36.402000427246094,-10.708000183105469
1482900620556,10.77400016784668,-36.402000427246094,-10.708000183105469
1482900620576,10.77400016784668,-36.402000427246094,-10.708000183105469
1482900620597,10.77400016784668,-36.402000427246094,-10.708000183105469
1482900620616,10.77400016784668,-36.402000427246094,-10.708000183105469
1482900620636,10.77400016784668,-36.402000427246094,-10.708000183105469
1482900620657,10.77400016784668,-36.402000427246094,-10.708000183105469
1482900620675,10.77400016784668,-36.402000427246094,-10.708000183105469
1482900620695,10.77400016784668,-36.402000427246094,-10.708000183105469
1482900620721,10.77400016784668,-36.402000427246094,-10.708000183105469
1482900620737,10.77400016784668,-36.402000427246094,-10.708000183105469
1482900620756,10.77400016784668,-36.402000427246094,-10.708000183105469
1482900620776,10.77400016784668,-36.402000427246094,-10.708000183105469
1482900620797,10.77400016784668,-36.402000427246094,-10.708000183105469
1482900620817,10.77400016784668,-36.402000427246094,-10.708000183105469
1482900620837,10.77400016784668,-36.402000427246094,-10.708000183105469
1482900620855,10.77400016784668,-36.402000427246094,-10.708000183105469
1482900620875,10.77400016784668,-36.402000427246094,-10.708000183105469
1482900620902,10.77400016784668,-36.402000427246094,-10.708000183105469
1482900620916,10.77400016784668,-36.402000427246094,-10.708000183105469
1482900620936,10.77400016784668,-36.402000427246094,-10.708000183105469
1482900620956,10.77400016784668,-36.402000427246094,-10.708000183105469
1482900620977,10.77400016784668,-36.402000427246094,-10.708000183105469
1482900620997,10.77400016784668,-36.402000427246094,-10.708000183105469
1482900621017,10.77400016784668,-36.402000427246094,-10.708000183105469
1482900621037,10.77400016784668,-36.402000427246094,-10.708000183105469
1482900621057,10.77400016784668,-36.402000427246094,-10.708000183105469
1482900621081,10.77400016784668,-36.402000427246094,-10.708000183105469
1482900621095,10.77400016784668,-36.402000427246094,-10.708000183105469
1482900621117,10.77400016784668,-36.402000427246094,-10.708000183105469
1482900621136,10.77400016784668,-36.402000427246094,-10.708000183105469
1482900621157,10.77400016784668,-36.402000427246094,-10.708000183105469
1482900621177,10.77400016784668,-36.402000427246094,-10.708000183105469
1482900621197,10.77400016784668,-36.402000427246094,-10.708000183105469
1482900621216,10.77400016784668,-36.07899856567383,-10.708000183105469
1482900621237,10.77400016784668,-36.07899856567383,-10.708000183105469
1482900621263,10.77400016784668,-36.07899856567383,-10.708000183105469
1482900621277,10.77400016784668,-36.07899856567383,-10.708000183105469
1482900621297,10.77400016784668,-36.07899856567383,-10.708000183105469
1482900621317,10.77400016784668,-36.07899856567383,-10.708000183105469
1482900621337,10.77400016784668,-36.07899856567383,-10.708000183105469
1482900621357,10.77400016784668,-36.07899856567383,-10.708000183105469
1482900621377,10.77400016784668,-36.07899856567383,-10.708000183105469
1482900621397,10.77400016784668,-36.07899856567383,-10.708000183105469
1482900621417,10.77400016784668,-36.07899856567383,-10.708000183105469
1482900621443,10.77400016784668,-36.07899856567383,-10.708000183105469
1482900621457,10.77400016784668,-36.07899856567383,-10.708000183105469
1482900621477,10.77400016784668,-36.07899856567383,-10.708000183105469
1482900621498,10.77400016784668,-36.07899856567383,-10.708000183105469
1482900621517,10.77400016784668,-36.07899856567383,-10.708000183105469
1482900621537,10.77400016784668,-36.07899856567383,-10.708000183105469
1482900621558,10.77400016784668,-36.07899856567383,-10.708000183105469
1482900621577,10.77400016784668,-36.07899856567383,-10.708000183105469
1482900621597,10.77400016784668,-36.07899856567383,-10.708000183105469
1482900621623,10.77400016784668,-36.07899856567383,-10.708000183105469
1482900621637,10.77400016784668,-36.07899856567383,-10.708000183105469
1482900621657,10.77400016784668,-36.07899856567383,-10.708000183105469
1482900621678,10.77400016784668,-36.07899856567383,-10.708000183105469
1482900621695,10.77400016784668,-36.07899856567383,-10.708000183105469
1482900621715,10.77400016784668,-36.07899856567383,-10.708000183105469
1482900621737,10.77400016784668,-36.07899856567383,-10.708000183105469
1482900621757,10.77400016784668,-36.07899856567383,-10.708000183105469
1482900621777,10.77400016784668,-36.07899856567383,-10.708000183105469
1482900621803,10.77400016784668,-36.07899856567383,-10.708000183105469
1482900621818,10.77400016784668,-36.07899856567383,-10.708000183105469
1482900621837,10.77400016784668,-36.07899856567383,-10.708000183105469
1482900621858,10.77400016784668,-36.07899856567383,-10.708000183105469
1482900621875,10.77400016784668,-36.07899856567383,-10.708000183105469
1482900621895,10.77400016784668,-36.07899856567383,-10.708000183105469
1482900621916,10.77400016784668,-36.07899856567383,-10.708000183105469
1482900621934,10.77400016784668,-36.07899856567383,-10.708000183105469
1482900621954,10.77400016784668,-36.07899856567383,-10.708000183105469
1482900621979,10.77400016784668,-36.07899856567383,-10.708000183105469
1482900621995,10.77400016784668,-36.07899856567383,-10.708000183105469
1482900622015,10.77400016784668,-36.07899856567383,-10.708000183105469
1482900622037,10.77400016784668,-36.07899856567383,-10.708000183105469
1482900622057,10.77400016784668,-36.07899856567383,-10.708000183105469
1482900622077,10.77400016784668,-36.07899856567383,-10.708000183105469
1482900622098,10.77400016784668,-36.07899856567383,-10.708000183105469
1482900622118,10.77400016784668,-36.07899856567383,-10.708000183105469
1482900622137,10.77400016784668,-36.07899856567383,-10.708000183105469
1482900622163,10.77400016784668,-36.07899856567383,-10.708000183105469
1482900622177,10.77400016784668,-36.07899856567383,-10.39799976348877
1482900622198,10.77400016784668,-36.07899856567383,-10.39799976348877
1482900622216,10.77400016784668,-36.07899856567383,-10.39799976348877
1482900622238,10.77400016784668,-36.07899856567383,-10.39799976348877
1482900622258,10.77400016784668,-36.07899856567383,-10.39799976348877
1482900622278,10.77400016784668,-36.07899856567383,-10.39799976348877
1482900622298,10.77400016784668,-36.07899856567383,-10.39799976348877
1482900622318,10.77400016784668,-36.382999420166016,-10.39799976348877
1482900622343,10.77400016784668,-36.382999420166016,-10.39799976348877
1482900622357,10.77400016784668,-36.382999420166016,-10.39799976348877
1482900622378,10.77400016784668,-36.382999420166016,-10.39799976348877
1482900622398,10.77400016784668,-36.382999420166016,-10.39799976348877
1482900622417,10.77400016784668,-36.382999420166016,-10.39799976348877
1482900622438,10.77400016784668,-36.382999420166016,-10.39799976348877
1482900622458,10.77400016784668,-36.382999420166016,-10.39799976348877
1482900622478,10.77400016784668,-36.382999420166016,-10.39799976348877
1482900622498,10.77400016784668,-36.382999420166016,-10.39799976348877
1482900622525,10.77400016784668,-36.382999420166016,-10.39799976348877
1482900622537,10.77400016784668,-36.382999420166016,-10.39799976348877
1482900622558,10.77400016784668,-36.382999420166016,-10.39799976348877
1482900622579,10.77400016784668,-36.382999420166016,-10.39799976348877
1482900622598,10.77400016784668,-36.382999420166016,-10.39799976348877
1482900622618,10.77400016784668,-36.382999420166016,-10.39799976348877
1482900622639,10.77400016784668,-36.382999420166016,-10.39799976348877
1482900622658,10.77400016784668,-36.382999420166016,-10.39799976348877
1482900622678,10.77400016784668,-36.382999420166016,-10.39799976348877
1482900622705,10.77400016784668,-36.382999420166016,-10.39799976348877
1482900622717,10.77400016784668,-36.382999420166016,-10.39799976348877
1482900622738,10.77400016784668,-36.382999420166016,-10.39799976348877
1482900622759,10.77400016784668,-36.382999420166016,-10.39799976348877
1482900622777,10.77400016784668,-36.382999420166016,-10.39799976348877
1482900622798,10.77400016784668,-36.382999420166016,-10.39799976348877
1482900622819,10.77400016784668,-36.382999420166016,-10.39799976348877
1482900622837,10.77400016784668,-36.382999420166016,-10.39799976348877
1482900622858,11.079000473022461,-36.382999420166016,-10.39799976348877
1482900622881,11.079000473022461,-36.382999420166016,-10.39799976348877
1482900622898,11.079000473022461,-36.382999420166016,-10.39799976348877
1482900622917,11.079000473022461,-36.382999420166016,-10.39799976348877
1482900622936,11.079000473022461,-36.382999420166016,-10.39799976348877
1482900622957,11.079000473022461,-36.382999420166016,-10.39799976348877
1482900622977,11.079000473022461,-36.382999420166016,-10.70199966430664
1482900622997,11.079000473022461,-36.382999420166016,-10.70199966430664
1482900623018,11.079000473022461,-36.382999420166016,-10.70199966430664
1482900623038,11.079000473022461,-36.382999420166016,-10.70199966430664
1482900623065,11.079000473022461,-36.382999420166016,-10.70199966430664
1482900623077,11.079000473022461,-36.382999420166016,-10.70199966430664
1482900623098,11.079000473022461,-36.382999420166016,-10.70199966430664
1482900623119,10.77400016784668,-36.382999420166016,-10.70199966430664
1482900623138,10.77400016784668,-36.382999420166016,-10.70199966430664
1482900623158,10.77400016784668,-36.382999420166016,-10.70199966430664
1482900623195,10.77400016784668,-36.382999420166016,-10.70199966430664
1482900623196,10.77400016784668,-36.382999420166016,-10.70199966430664
1482900623218,10.77400016784668,-36.382999420166016,-10.70199966430664
1482900623242,10.77400016784668,-36.382999420166016,-10.70199966430664
1482900623257,10.77400016784668,-36.382999420166016,-10.70199966430664
1482900623279,10.77400016784668,-36.382999420166016,-10.70199966430664
1482900623299,10.77400016784668,-36.382999420166016,-10.70199966430664
1482900623319,10.77400016784668,-36.382999420166016,-10.70199966430664
1482900623339,10.77400016784668,-36.382999420166016,-10.70199966430664
1482900623359,10.77400016784668,-36.382999420166016,-10.70199966430664
1482900623379,10.77400016784668,-36.382999420166016,-10.70199966430664
1482900623399,10.77400016784668,-36.382999420166016,-10.70199966430664
1482900623423,10.77400016784668,-36.382999420166016,-10.70199966430664
1482900623442,10.77400016784668,-36.382999420166016,-10.70199966430664
1482900623457,10.77400016784668,-36.382999420166016,-10.70199966430664
1482900623477,10.77400016784668,-36.382999420166016,-10.70199966430664
1482900623497,10.77400016784668,-36.382999420166016,-10.70199966430664
1482900623519,10.77400016784668,-36.382999420166016,-10.70199966430664
1482900623539,10.77400016784668,-36.382999420166016,-10.70199966430664
1482900623559,10.77400016784668,-36.382999420166016,-10.70199966430664
1482900623579,10.77400016784668,-36.382999420166016,-10.70199966430664
1482900623606,10.77400016784668,-36.382999420166016,-10.70199966430664
1482900623617,10.77400016784668,-36.382999420166016,-10.70199966430664
1482900623637,10.77400016784668,-36.382999420166016,-10.70199966430664
1482900623659,10.77400016784668,-36.382999420166016,-10.70199966430664
1482900623679,10.77400016784668,-36.382999420166016,-10.70199966430664
1482900623699,10.77400016784668,-36.382999420166016,-10.70199966430664
1482900623717,10.77400016784668,-36.382999420166016,-10.70199966430664
1482900623739,10.77400016784668,-36.382999420166016,-10.70199966430664
1482900623757,10.77400016784668,-36.382999420166016,-10.70199966430664
1482900623784,10.77400016784668,-36.382999420166016,-10.70199966430664
1482900623797,10.77400016784668,-36.382999420166016,-10.70199966430664
1482900623817,10.77400016784668,-36.382999420166016,-10.70199966430664
1482900623837,10.77400016784668,-36.382999420166016,-10.70199966430664
1482900623859,10.77400016784668,-36.382999420166016,-10.70199966430664
1482900623881,10.77400016784668,-36.382999420166016,-10.70199966430664
1482900623897,10.77400016784668,-36.382999420166016,-10.70199966430664
1482900623917,10.77400016784668,-36.382999420166016,-10.70199966430664
1482900623937,10.77400016784668,-36.382999420166016,-10.70199966430664
1482900623960,10.77400016784668,-36.382999420166016,-10.70199966430664
1482900623976,10.77400016784668,-36.382999420166016,-10.70199966430664
1482900623996,10.77400016784668,-36.382999420166016,-10.70199966430664
1482900624017,10.77400016784668,-36.382999420166016,-10.70199966430664
1482900624037,10.77400016784668,-36.382999420166016,-10.70199966430664
1482900624062,10.77400016784668,-36.382999420166016,-10.70199966430664
1482900624078,10.77400016784668,-36.382999420166016,-10.70199966430664
1482900624098,10.465999603271484,-36.382999420166016,-10.70199966430664
1482900624118,10.465999603271484,-36.382999420166016,-10.70199966430664
1482900624145,10.465999603271484,-36.382999420166016,-10.70199966430664
1482900624157,10.465999603271484,-36.382999420166016,-10.70199966430664
1482900624177,10.465999603271484,-36.382999420166016,-10.70199966430664
1482900624198,10.465999603271484,-36.382999420166016,-10.70199966430664
1482900624218,10.465999603271484,-36.382999420166016,-10.70199966430664
1482900624238,10.465999603271484,-36.382999420166016,-10.70199966430664
1482900624260,10.465999603271484,-36.382999420166016,-10.70199966430664
1482900624279,10.465999603271484,-36.382999420166016,-10.70199966430664
1482900624300,10.465999603271484,-36.382999420166016,-10.70199966430664
1482900624326,10.465999603271484,-36.382999420166016,-10.70199966430664
1482900624338,10.465999603271484,-36.382999420166016,-10.70199966430664
1482900624360,10.465999603271484,-36.382999420166016,-10.70199966430664
1482900624380,10.465999603271484,-36.382999420166016,-10.70199966430664
1482900624400,10.465999603271484,-36.382999420166016,-10.70199966430664
1482900624417,10.465999603271484,-36.382999420166016,-10.70199966430664
1482900624438,10.465999603271484,-36.382999420166016,-10.70199966430664
1482900624458,10.465999603271484,-36.382999420166016,-10.70199966430664
1482900624478,10.465999603271484,-36.382999420166016,-10.70199966430664
1482900624500,10.465999603271484,-36.382999420166016,-10.70199966430664
1482900624518,10.465999603271484,-36.382999420166016,-10.70199966430664
1482900624539,10.465999603271484,-36.382999420166016,-10.70199966430664
1482900624558,10.465999603271484,-36.382999420166016,-10.70199966430664
1482900624580,10.465999603271484,-36.382999420166016,-10.70199966430664
1482900624607,10.465999603271484,-36.382999420166016,-10.70199966430664
1482900624620,10.465999603271484,-36.382999420166016,-10.70199966430664
1482900624640,10.465999603271484,-36.382999420166016,-10.70199966430664
1482900624660,10.465999603271484,-36.382999420166016,-10.70199966430664
1482900624686,10.465999603271484,-36.382999420166016,-10.70199966430664
1482900624700,10.465999603271484,-36.382999420166016,-10.70199966430664
1482900624718,10.465999603271484,-36.382999420166016,-10.70199966430664
1482900624738,10.465999603271484,-36.382999420166016,-10.70199966430664
1482900624760,10.465999603271484,-36.382999420166016,-10.70199966430664
1482900624778,10.465999603271484,-36.382999420166016,-10.70199966430664
1482900624800,10.465999603271484,-36.382999420166016,-10.70199966430664
1482900624819,10.465999603271484,-36.382999420166016,-10.70199966430664
1482900624839,10.465999603271484,-36.382999420166016,-10.70199966430664
1482900624866,10.465999603271484,-36.382999420166016,-10.70199966430664
1482900624880,10.465999603271484,-36.382999420166016,-10.70199966430664
1482900624903,10.465999603271484,-36.382999420166016,-10.70199966430664
1482900624920,10.465999603271484,-36.382999420166016,-10.70199966430664
1482900624940,10.465999603271484,-36.382999420166016,-10.70199966430664
1482900624960,10.465999603271484,-36.382999420166016,-10.70199966430664
1482900624981,10.465999603271484,-36.382999420166016,-10.70199966430664
1482900625000,10.465999603271484,-36.382999420166016,-10.70199966430664
1482900625020,10.465999603271484,-36.382999420166016,-10.70199966430664
1482900625046,10.465999603271484,-36.382999420166016,-10.70199966430664
1482900625060,10.465999603271484,-36.382999420166016,-10.70199966430664
1482900625080,10.465999603271484,-36.382999420166016,-10.70199966430664
1482900625101,10.465999603271484,-36.382999420166016,-10.354000091552734
1482900625120,10.465999603271484,-36.382999420166016,-10.354000091552734
1482900625140,10.465999603271484,-36.382999420166016,-10.354000091552734
1482900625161,10.465999603271484,-36.382999420166016,-10.354000091552734
1482900625178,10.465999603271484,-36.382999420166016,-10.354000091552734
1482900625200,10.465999603271484,-36.382999420166016,-10.354000091552734
1482900625228,10.465999603271484,-36.382999420166016,-10.354000091552734
1482900625239,10.782999992370605,-36.382999420166016,-10.354000091552734
1482900625260,10.782999992370605,-36.382999420166016,-10.354000091552734
1482900625281,10.782999992370605,-36.382999420166016,-10.354000091552734
1482900625300,10.782999992370605,-36.382999420166016,-10.354000091552734
1482900625320,10.782999992370605,-36.382999420166016,-10.354000091552734
1482900625341,10.782999992370605,-36.382999420166016,-10.354000091552734
1482900625360,10.782999992370605,-36.382999420166016,-10.354000091552734
1482900625381,10.782999992370605,-36.382999420166016,-10.354000091552734
1482900625406,10.782999992370605,-36.382999420166016,-10.354000091552734
1482900625420,10.782999992370605,-36.382999420166016,-10.354000091552734
1482900625440,10.782999992370605,-36.382999420166016,-10.354000091552734
1482900625461,10.782999992370605,-36.382999420166016,-10.354000091552734
1482900625480,10.782999992370605,-36.382999420166016,-10.354000091552734
1482900625501,10.782999992370605,-36.382999420166016,-10.354000091552734
1482900625521,10.782999992370605,-36.382999420166016,-10.354000091552734
1482900625541,10.782999992370605,-36.382999420166016,-10.354000091552734
1482900625561,10.782999992370605,-36.382999420166016,-10.354000091552734
1482900625595,10.782999992370605,-36.382999420166016,-10.354000091552734
1482900625600,10.782999992370605,-36.382999420166016,-10.354000091552734
1482900625620,10.782999992370605,-36.382999420166016,-10.354000091552734
1482900625641,10.782999992370605,-36.382999420166016,-10.354000091552734
1482900625660,10.782999992370605,-36.382999420166016,-10.354000091552734
1482900625681,10.782999992370605,-36.382999420166016,-10.354000091552734
1482900625701,10.782999992370605,-36.382999420166016,-10.354000091552734
1482900625721,10.782999992370605,-36.382999420166016,-10.354000091552734
1482900625741,10.782999992370605,-36.382999420166016,-10.354000091552734
1482900625765,10.782999992370605,-36.382999420166016,-10.354000091552734
1482900625781,10.782999992370605,-36.382999420166016,-10.666999816894531
1482900625801,10.782999992370605,-36.382999420166016,-10.666999816894531
1482900625821,10.782999992370605,-36.382999420166016,-10.666999816894531
1482900625839,10.782999992370605,-36.382999420166016,-10.666999816894531
1482900625858,10.782999992370605,-36.382999420166016,-10.666999816894531
1482900625882,10.782999992370605,-36.382999420166016,-10.666999816894531
1482900625901,10.782999992370605,-36.382999420166016,-10.666999816894531
1482900625919,10.782999992370605,-36.382999420166016,-10.666999816894531
1482900625943,10.782999992370605,-36.382999420166016,-10.666999816894531
1482900625958,10.782999992370605,-36.382999420166016,-10.666999816894531
1482900625978,10.782999992370605,-36.382999420166016,-10.666999816894531
1482900626003,10.782999992370605,-36.382999420166016,-10.666999816894531
1482900626018,10.782999992370605,-36.382999420166016,-10.666999816894531
1482900626038,10.782999992370605,-36.382999420166016,-10.666999816894531
1482900626060,10.782999992370605,-36.382999420166016,-10.666999816894531
1482900626081,10.782999992370605,-36.382999420166016,-10.666999816894531
1482900626103,10.782999992370605,-36.382999420166016,-10.666999816894531
1482900626125,10.782999992370605,-36.382999420166016,-10.666999816894531
1482900626141,10.782999992370605,-36.382999420166016,-10.666999816894531
1482900626159,10.782999992370605,-36.382999420166016,-10.666999816894531
1482900626181,10.782999992370605,-36.382999420166016,-10.666999816894531
1482900626206,10.782999992370605,-36.382999420166016,-10.666999816894531
1482900626224,10.782999992370605,-36.382999420166016,-10.666999816894531
1482900626242,10.782999992370605,-36.382999420166016,-10.666999816894531
1482900626261,10.782999992370605,-36.382999420166016,-10.666999816894531
1482900626281,10.782999992370605,-36.382999420166016,-10.666999816894531
1482900626307,10.782999992370605,-36.382999420166016,-10.666999816894531
1482900626348,10.782999992370605,-36.382999420166016,-10.666999816894531
1482900626348,10.782999992370605,-36.382999420166016,-10.666999816894531
1482900626362,10.782999992370605,-36.382999420166016,-10.666999816894531
1482900626381,10.782999992370605,-36.382999420166016,-10.666999816894531
1482900626401,10.782999992370605,-36.382999420166016,-10.666999816894531
1482900626422,10.782999992370605,-36.382999420166016,-10.666999816894531
1482900626441,10.782999992370605,-36.382999420166016,-10.666999816894531
1482900626462,10.782999992370605,-36.382999420166016,-10.666999816894531
1482900626486,10.782999992370605,-36.382999420166016,-10.666999816894531
1482900626501,10.782999992370605,-36.382999420166016,-10.666999816894531
1482900626520,10.782999992370605,-36.382999420166016,-10.666999816894531
1482900626542,10.782999992370605,-36.382999420166016,-10.666999816894531
1482900626561,10.782999992370605,-36.382999420166016,-10.666999816894531
1482900626582,10.782999992370605,-36.382999420166016,-10.666999816894531
1482900626602,10.782999992370605,-36.382999420166016,-10.666999816894531
1482900626622,10.782999992370605,-36.382999420166016,-10.666999816894531
1482900626642,10.782999992370605,-36.382999420166016,-10.666999816894531
1482900626668,10.782999992370605,-36.382999420166016,-10.666999816894531
1482900626682,10.782999992370605,-36.382999420166016,-10.666999816894531
1482900626702,10.782999992370605,-36.382999420166016,-10.666999816894531
1482900626722,10.782999992370605,-36.382999420166016,-10.666999816894531
1482900626742,10.782999992370605,-36.382999420166016,-10.666999816894531
1482900626762,10.782999992370605,-36.382999420166016,-10.666999816894531
1482900626780,10.782999992370605,-36.382999420166016,-10.666999816894531
1482900626802,10.782999992370605,-36.382999420166016,-10.666999816894531
1482900626819,10.782999992370605,-36.382999420166016,-10.666999816894531
1482900626846,10.782999992370605,-36.382999420166016,-10.666999816894531
1482900626862,10.782999992370605,-36.382999420166016,-10.666999816894531
1482900626882,10.782999992370605,-36.382999420166016,-10.666999816894531
1482900626902,10.782999992370605,-36.382999420166016,-10.666999816894531
1482900626922,10.782999992370605,-36.382999420166016,-10.666999816894531
1482900626942,10.782999992370605,-36.382999420166016,-10.666999816894531
1482900626962,10.782999992370605,-36.382999420166016,-10.666999816894531
1482900626982,10.782999992370605,-36.382999420166016,-10.666999816894531
1482900627002,10.782999992370605,-36.382999420166016,-10.666999816894531
1482900627027,10.782999992370605,-36.382999420166016,-10.666999816894531
1482900627042,10.782999992370605,-36.382999420166016,-10.666999816894531
1482900627062,10.782999992370605,-36.382999420166016,-10.666999816894531
1482900627083,10.782999992370605,-36.382999420166016,-10.666999816894531
1482900627102,10.782999992370605,-36.382999420166016,-10.666999816894531
1482900627128,10.782999992370605,-36.382999420166016,-10.666999816894531
1482900627143,10.782999992370605,-36.382999420166016,-10.666999816894531
1482900627162,10.782999992370605,-36.382999420166016,-10.666999816894531
1482900627182,10.782999992370605,-36.382999420166016,-10.666999816894531
1482900627208,10.782999992370605,-36.382999420166016,-10.666999816894531
1482900627222,10.782999992370605,-36.382999420166016,-10.666999816894531
1482900627240,10.782999992370605,-36.382999420166016,-10.666999816894531
1482900627263,10.782999992370605,-36.382999420166016,-10.666999816894531
1482900627282,10.782999992370605,-36.382999420166016,-10.666999816894531
1482900627302,10.782999992370605,-36.382999420166016,-10.666999816894531
1482900627323,10.782999992370605,-36.382999420166016,-10.666999816894531
1482900627342,10.782999992370605,-36.382999420166016,-10.666999816894531
1482900627362,10.782999992370605,-36.382999420166016,-10.666999816894531
1482900627387,10.782999992370605,-36.382999420166016,-10.666999816894531
1482900627403,10.782999992370605,-36.382999420166016,-10.666999816894531
1482900627423,10.782999992370605,-36.382999420166016,-10.666999816894531
1482900627441,10.782999992370605,-36.382999420166016,-10.666999816894531
1482900627463,10.782999992370605,-36.382999420166016,-10.666999816894531
1482900627483,10.782999992370605,-36.382999420166016,-10.666999816894531
1482900627503,10.782999992370605,-36.382999420166016,-10.666999816894531
1482900627522,10.782999992370605,-36.382999420166016,-10.666999816894531
1482900627542,10.782999992370605,-36.382999420166016,-10.666999816894531
1482900627568,10.782999992370605,-36.382999420166016,-10.666999816894531
1482900627583,10.782999992370605,-36.382999420166016,-10.666999816894531
1482900627603,10.782999992370605,-36.382999420166016,-10.666999816894531
1482900627623,10.782999992370605,-36.382999420166016,-10.666999816894531
1482900627643,10.782999992370605,-36.382999420166016,-10.666999816894531
1482900627663,10.782999992370605,-36.382999420166016,-10.666999816894531
1482900627683,10.782999992370605,-36.382999420166016,-10.666999816894531
1482900627703,10.782999992370605,-36.382999420166016,-10.666999816894531
1482900627723,10.782999992370605,-36.382999420166016,-10.666999816894531
1482900627748,10.782999992370605,-36.382999420166016,-10.666999816894531
1482900627763,10.782999992370605,-36.382999420166016,-10.666999816894531
1482900627783,10.782999992370605,-36.382999420166016,-10.666999816894531
1482900627803,10.782999992370605,-36.382999420166016,-10.666999816894531
1482900627823,10.782999992370605,-36.382999420166016,-10.666999816894531
1482900627843,10.782999992370605,-36.382999420166016,-10.666999816894531
1482900627863,10.782999992370605,-36.382999420166016,-10.666999816894531
1482900627883,10.782999992370605,-36.382999420166016,-10.666999816894531
1482900627901,10.782999992370605,-36.382999420166016,-10.666999816894531
1482900627928,10.782999992370605,-36.382999420166016,-10.666999816894531
1482900627943,10.782999992370605,-36.382999420166016,-10.666999816894531
1482900627963,10.782999992370605,-36.382999420166016,-10.666999816894531
1482900627981,10.782999992370605,-36.382999420166016,-10.666999816894531
1482900628000,10.782999992370605,-36.382999420166016,-10.666999816894531
1482900628020,10.782999992370605,-36.382999420166016,-10.666999816894531
1482900628041,10.782999992370605,-36.382999420166016,-10.666999816894531
1482900628060,10.782999992370605,-36.382999420166016,-10.666999816894531
1482900628082,10.782999992370605,-36.382999420166016,-10.666999816894531
1482900628107,10.782999992370605,-36.382999420166016,-10.666999816894531
1482900628123,10.782999992370605,-36.382999420166016,-10.666999816894531
1482900628143,10.782999992370605,-36.382999420166016,-10.666999816894531
1482900628163,10.782999992370605,-36.382999420166016,-10.666999816894531
1482900628183,10.782999992370605,-36.382999420166016,-10.666999816894531
1482900628203,10.782999992370605,-36.382999420166016,-10.666999816894531
1482900628223,10.782999992370605,-36.382999420166016,-10.666999816894531
1482900628244,10.782999992370605,-36.382999420166016,-10.666999816894531
1482900628263,10.782999992370605,-36.382999420166016,-10.666999816894531
1482900628289,10.782999992370605,-36.382999420166016,-10.666999816894531
1482900628303,10.782999992370605,-36.382999420166016,-10.666999816894531
1482900628322,10.782999992370605,-36.382999420166016,-10.666999816894531
1482900628344,10.782999992370605,-36.382999420166016,-10.666999816894531
1482900628364,10.782999992370605,-36.382999420166016,-10.666999816894531
1482900628384,10.782999992370605,-36.382999420166016,-10.666999816894531
1482900628404,10.782999992370605,-36.382999420166016,-10.666999816894531
1482900628424,10.782999992370605,-36.382999420166016,-10.666999816894531
1482900628444,10.782999992370605,-36.382999420166016,-10.666999816894531
1482900628470,10.782999992370605,-36.382999420166016,-10.666999816894531
1482900628482,10.782999992370605,-36.382999420166016,-10.666999816894531
1482900628501,10.782999992370605,-36.382999420166016,-10.666999816894531
1482900628521,10.782999992370605,-36.382999420166016,-10.666999816894531
1482900628540,10.782999992370605,-36.382999420166016,-10.666999816894531
1482900628566,10.782999992370605,-36.382999420166016,-10.666999816894531
1482900628587,10.782999992370605,-36.382999420166016,-10.666999816894531
1482900628602,10.782999992370605,-36.382999420166016,-10.666999816894531
1482900628624,10.782999992370605,-36.382999420166016,-10.666999816894531
1482900628650,10.782999992370605,-36.382999420166016,-10.666999816894531
1482900628665,10.782999992370605,-36.382999420166016,-10.666999816894531
1482900628684,10.782999992370605,-36.382999420166016,-10.666999816894531
1482900628704,10.782999992370605,-36.382999420166016,-10.666999816894531
1482900628725,10.782999992370605,-36.382999420166016,-10.666999816894531
1482900628744,10.782999992370605,-36.382999420166016,-10.666999816894531
1482900628765,10.782999992370605,-36.382999420166016,-10.666999816894531
1482900628784,10.782999992370605,-36.382999420166016,-10.666999816894531
1482900628804,10.782999992370605,-36.382999420166016,-10.666999816894531
1482900628830,10.782999992370605,-36.382999420166016,-10.666999816894531
1482900628844,10.782999992370605,-36.382999420166016,-10.666999816894531
1482900628864,10.782999992370605,-36.382999420166016,-10.666999816894531
1482900628884,10.782999992370605,-36.382999420166016,-10.666999816894531
1482900628905,10.782999992370605,-36.382999420166016,-10.666999816894531
1482900628924,10.782999992370605,-36.382999420166016,-10.666999816894531
1482900628944,10.782999992370605,-36.382999420166016,-10.666999816894531
1482900628963,10.782999992370605,-36.382999420166016,-10.666999816894531
1482900628982,10.782999992370605,-36.382999420166016,-10.666999816894531
1482900629009,10.782999992370605,-36.382999420166016,-10.666999816894531
1482900629024,10.782999992370605,-36.382999420166016,-10.666999816894531
1482900629044,10.782999992370605,-36.382999420166016,-10.666999816894531
1482900629072,10.782999992370605,-36.382999420166016,-10.666999816894531
1482900629083,10.782999992370605,-36.382999420166016,-10.666999816894531
1482900629104,10.782999992370605,-36.382999420166016,-10.666999816894531
1482900629124,10.782999992370605,-36.382999420166016,-10.666999816894531
1482900629144,10.782999992370605,-36.382999420166016,-10.666999816894531
1482900629165,10.782999992370605,-36.382999420166016,-10.666999816894531
1482900629189,10.782999992370605,-36.382999420166016,-10.666999816894531
1482900629204,10.782999992370605,-36.382999420166016,-10.666999816894531
1482900629228,10.782999992370605,-36.382999420166016,-10.666999816894531
1482900629242,10.782999992370605,-36.382999420166016,-10.666999816894531
1482900629264,10.782999992370605,-36.382999420166016,-10.666999816894531
1482900629284,10.782999992370605,-36.382999420166016,-10.666999816894531
1482900629305,10.782999992370605,-36.382999420166016,-10.666999816894531
1482900629325,10.782999992370605,-36.382999420166016,-10.666999816894531
1482900629345,10.782999992370605,-36.382999420166016,-10.666999816894531
1482900629370,10.782999992370605,-36.382999420166016,-10.666999816894531
1482900629385,10.782999992370605,-36.382999420166016,-10.666999816894531
1482900629404,10.782999992370605,-36.382999420166016,-10.666999816894531
1482900629425,10.782999992370605,-36.382999420166016,-10.666999816894531
1482900629443,10.782999992370605,-36.382999420166016,-10.666999816894531
1482900629465,10.782999992370605,-36.382999420166016,-10.666999816894531
1482900629485,10.782999992370605,-36.382999420166016,-10.666999816894531
1482900629504,10.782999992370605,-36.382999420166016,-10.666999816894531
1482900629524,10.782999992370605,-36.382999420166016,-10.666999816894531
1482900629549,10.782999992370605,-36.382999420166016,-10.666999816894531
1482900629564,10.782999992370605,-36.382999420166016,-10.666999816894531
1482900629585,10.782999992370605,-36.382999420166016,-10.666999816894531
1482900629605,10.782999992370605,-36.382999420166016,-10.666999816894531
1482900629625,10.782999992370605,-36.382999420166016,-10.666999816894531
1482900629645,10.782999992370605,-36.382999420166016,-10.666999816894531
1482900629665,10.782999992370605,-36.382999420166016,-10.666999816894531
1482900629685,10.782999992370605,-36.382999420166016,-10.666999816894531
1482900629703,10.782999992370605,-36.382999420166016,-10.666999816894531
1482900629730,10.782999992370605,-36.382999420166016,-10.666999816894531
1482900629745,10.782999992370605,-36.382999420166016,-10.666999816894531
1482900629764,10.782999992370605,-36.382999420166016,-10.666999816894531
1482900629785,10.782999992370605,-36.382999420166016,-10.666999816894531
1482900629805,10.782999992370605,-36.382999420166016,-10.666999816894531
1482900629825,10.782999992370605,-36.382999420166016,-10.666999816894531
1482900629845,10.782999992370605,-36.382999420166016,-10.666999816894531
1482900629865,10.782999992370605,-36.382999420166016,-10.666999816894531
1482900629885,10.782999992370605,-36.382999420166016,-10.666999816894531
1482900629911,10.782999992370605,-36.382999420166016,-10.666999816894531
1482900629925,10.782999992370605,-36.382999420166016,-10.666999816894531
1482900629952,10.782999992370605,-36.382999420166016,-10.666999816894531
1482900629963,10.782999992370605,-36.382999420166016,-10.666999816894531
1482900629982,10.782999992370605,-36.382999420166016,-10.666999816894531
1482900630002,10.782999992370605,-36.382999420166016,-10.666999816894531
1482900630022,10.782999992370605,-36.382999420166016,-10.666999816894531
1482900630042,10.782999992370605,-36.382999420166016,-10.666999816894531
1482900630062,10.782999992370605,-36.382999420166016,-10.666999816894531
1482900630087,10.782999992370605,-36.382999420166016,-10.666999816894531
1482900630104,10.782999992370605,-36.382999420166016,-10.666999816894531
1482900630125,10.782999992370605,-36.382999420166016,-10.666999816894531
1482900630146,10.782999992370605,-36.382999420166016,-10.666999816894531
1482900630165,10.782999992370605,-36.382999420166016,-10.666999816894531
1482900630184,10.782999992370605,-36.382999420166016,-10.666999816894531
1482900630205,10.782999992370605,-36.382999420166016,-10.666999816894531
1482900630225,10.782999992370605,-36.382999420166016,-10.666999816894531
1482900630246,10.782999992370605,-36.382999420166016,-10.666999816894531
1482900630272,10.782999992370605,-36.382999420166016,-10.666999816894531
1482900630285,10.782999992370605,-36.382999420166016,-10.666999816894531
1482900630308,10.782999992370605,-36.382999420166016,-10.666999816894531
1482900630325,10.782999992370605,-36.382999420166016,-10.666999816894531
1482900630345,10.782999992370605,-36.382999420166016,-10.666999816894531
1482900630365,10.782999992370605,-36.382999420166016,-10.666999816894531
1482900630385,10.782999992370605,-36.382999420166016,-10.666999816894531
1482900630405,10.782999992370605,-36.382999420166016,-10.666999816894531
1482900630425,10.782999992370605,-36.382999420166016,-10.666999816894531
1482900630451,10.782999992370605,-36.382999420166016,-10.666999816894531
1482900630465,10.782999992370605,-36.382999420166016,-10.666999816894531
1482900630485,10.782999992370605,-36.382999420166016,-10.666999816894531
1482900630505,10.782999992370605,-36.382999420166016,-10.666999816894531
1482900630525,10.782999992370605,-36.382999420166016,-10.666999816894531
1482900630545,10.782999992370605,-36.382999420166016,-10.666999816894531
1482900630565,10.782999992370605,-36.382999420166016,-10.666999816894531
1482900630585,10.782999992370605,-36.382999420166016,-10.666999816894531
1482900630605,10.782999992370605,-36.382999420166016,-10.666999816894531
1482900630631,10.782999992370605,-36.382999420166016,-10.666999816894531
1482900630645,10.782999992370605,-36.382999420166016,-10.666999816894531
1482900630665,10.782999992370605,-36.382999420166016,-10.666999816894531
1482900630686,10.782999992370605,-36.382999420166016,-10.666999816894531
1482900630706,10.782999992370605,-36.382999420166016,-10.666999816894531
1482900630725,10.782999992370605,-36.382999420166016,-10.666999816894531
1482900630745,10.782999992370605,-36.382999420166016,-10.666999816894531
1482900630766,10.782999992370605,-36.382999420166016,-10.666999816894531
1482900630785,10.782999992370605,-36.382999420166016,-10.666999816894531
1482900630812,10.782999992370605,-36.382999420166016,-10.666999816894531
1482900630825,10.782999992370605,-36.382999420166016,-10.666999816894531
1482900630845,10.782999992370605,-36.382999420166016,-10.666999816894531
1482900630866,10.782999992370605,-36.382999420166016,-10.666999816894531
1482900630885,10.782999992370605,-36.382999420166016,-10.666999816894531
1482900630906,10.782999992370605,-36.382999420166016,-10.666999816894531
1482900630926,10.782999992370605,-36.382999420166016,-10.666999816894531
1482900630946,10.782999992370605,-36.382999420166016,-10.666999816894531
1482900630967,10.782999992370605,-36.382999420166016,-10.666999816894531
1482900630990,10.782999992370605,-36.382999420166016,-10.666999816894531
1482900631004,10.782999992370605,-36.382999420166016,-10.666999816894531
1482900631026,10.782999992370605,-36.382999420166016,-10.666999816894531
1482900631046,10.782999992370605,-36.382999420166016,-10.666999816894531
1482900631066,10.782999992370605,-36.382999420166016,-10.666999816894531
1482900631086,10.782999992370605,-36.382999420166016,-10.666999816894531
1482900631106,10.782999992370605,-36.382999420166016,-10.666999816894531
1482900631126,10.782999992370605,-36.382999420166016,-10.666999816894531
1482900631146,10.782999992370605,-36.382999420166016,-10.666999816894531
1482900631172,10.782999992370605,-36.382999420166016,-10.666999816894531
1482900631186,10.782999992370605,-36.382999420166016,-10.666999816894531
1482900631206,10.782999992370605,-36.382999420166016,-10.666999816894531
1482900631226,10.782999992370605,-36.382999420166016,-10.666999816894531
1482900631246,10.782999992370605,-36.382999420166016,-10.666999816894531
1482900631265,10.782999992370605,-36.382999420166016,-10.666999816894531
1482900631287,10.782999992370605,-36.382999420166016,-10.666999816894531
1482900631306,10.782999992370605,-36.382999420166016,-10.666999816894531
1482900631325,10.782999992370605,-36.382999420166016,-10.666999816894531
1482900631351,10.782999992370605,-36.382999420166016,-10.666999816894531
1482900631367,10.782999992370605,-36.382999420166016,-10.97700023651123
1482900631387,10.782999992370605,-36.382999420166016,-10.97700023651123
1482900631406,10.782999992370605,-36.382999420166016,-10.97700023651123
1482900631429,10.782999992370605,-36.382999420166016,-10.97700023651123
1482900631447,10.782999992370605,-36.382999420166016,-10.97700023651123
1482900631464,10.782999992370605,-36.382999420166016,-10.97700023651123
1482900631485,10.782999992370605,-36.382999420166016,-10.97700023651123
1482900631534,10.782999992370605,-36.382999420166016,-10.97700023651123
1482900631534,10.782999992370605,-36.382999420166016,-10.97700023651123
1482900631545,10.782999992370605,-36.382999420166016,-10.97700023651123
1482900631567,10.782999992370605,-36.382999420166016,-10.97700023651123
1482900631587,10.782999992370605,-36.382999420166016,-10.97700023651123
1482900631607,10.782999992370605,-36.382999420166016,-10.97700023651123
1482900631632,10.782999992370605,-36.382999420166016,-10.97700023651123
1482900631646,10.782999992370605,-36.382999420166016,-10.97700023651123
1482900631667,10.782999992370605,-36.382999420166016,-10.97700023651123
1482900631687,10.782999992370605,-36.382999420166016,-10.97700023651123
1482900631711,10.782999992370605,-36.382999420166016,-10.97700023651123
1482900631733,10.782999992370605,-36.382999420166016,-10.97700023651123
1482900631745,10.782999992370605,-36.382999420166016,-10.97700023651123
1482900631766,10.782999992370605,-36.382999420166016,-10.97700023651123
1482900631787,10.782999992370605,-36.382999420166016,-10.97700023651123
1482900631807,10.782999992370605,-36.382999420166016,-10.97700023651123
1482900631827,10.782999992370605,-36.382999420166016,-10.97700023651123
1482900631845,10.782999992370605,-36.382999420166016,-10.97700023651123
1482900631867,11.093000411987305,-36.382999420166016,-10.97700023651123
1482900631891,11.093000411987305,-36.382999420166016,-10.97700023651123
1482900631907,11.093000411987305,-36.382999420166016,-10.97700023651123
1482900631927,11.093000411987305,-36.382999420166016,-10.97700023651123
1482900631946,11.093000411987305,-36.382999420166016,-10.97700023651123
1482900631978,11.093000411987305,-36.382999420166016,-10.97700023651123
1482900631986,11.093000411987305,-36.382999420166016,-10.97700023651123
1482900632006,11.093000411987305,-36.382999420166016,-10.97700023651123
1482900632024,11.093000411987305,-36.382999420166016,-10.97700023651123
1482900632044,11.093000411987305,-36.382999420166016,-10.97700023651123
1482900632068,11.093000411987305,-36.382999420166016,-10.97700023651123
1482900632084,11.093000411987305,-36.382999420166016,-10.97700023651123
1482900632105,11.093000411987305,-36.382999420166016,-10.97700023651123
1482900632125,11.093000411987305,-36.382999420166016,-10.97700023651123
1482900632146,11.093000411987305,-36.382999420166016,-10.97700023651123
1482900632167,11.093000411987305,-36.382999420166016,-10.97700023651123
1482900632187,11.093000411987305,-36.382999420166016,-10.97700023651123
1482900632207,11.093000411987305,-36.382999420166016,-10.97700023651123
1482900632226,11.093000411987305,-36.382999420166016,-10.97700023651123
1482900632250,11.093000411987305,-36.382999420166016,-10.97700023651123
1482900632272,11.093000411987305,-36.382999420166016,-10.97700023651123
1482900632286,11.093000411987305,-36.382999420166016,-10.97700023651123
1482900632307,11.093000411987305,-36.382999420166016,-10.97700023651123
1482900632327,11.093000411987305,-36.382999420166016,-10.97700023651123
1482900632347,11.093000411987305,-36.382999420166016,-10.97700023651123
1482900632367,11.093000411987305,-36.382999420166016,-10.97700023651123
1482900632387,11.093000411987305,-36.382999420166016,-10.97700023651123
1482900632407,11.093000411987305,-36.382999420166016,-10.97700023651123
1482900632432,11.093000411987305,-36.382999420166016,-11.279000282287598
1482900632447,11.093000411987305,-36.382999420166016,-11.279000282287598
1482900632467,11.093000411987305,-36.382999420166016,-11.279000282287598
1482900632487,11.093000411987305,-36.382999420166016,-11.279000282287598
1482900632507,11.093000411987305,-36.382999420166016,-11.279000282287598
1482900632527,11.093000411987305,-36.382999420166016,-11.279000282287598
1482900632547,11.093000411987305,-36.382999420166016,-11.279000282287598
1482900632567,11.093000411987305,-36.382999420166016,-11.279000282287598
1482900632587,11.093000411987305,-36.382999420166016,-11.279000282287598
1482900632613,11.093000411987305,-36.382999420166016,-11.279000282287598
1482900632627,11.093000411987305,-36.382999420166016,-11.279000282287598
1482900632647,11.093000411987305,-36.382999420166016,-11.279000282287598
1482900632668,11.093000411987305,-36.382999420166016,-11.279000282287598
1482900632687,11.093000411987305,-36.382999420166016,-11.279000282287598
1482900632708,11.093000411987305,-36.382999420166016,-11.279000282287598
1482900632728,11.093000411987305,-36.382999420166016,-11.279000282287598
1482900632748,11.093000411987305,-36.382999420166016,-11.279000282287598
1482900632768,11.093000411987305,-36.382999420166016,-11.279000282287598
1482900632792,11.093000411987305,-36.382999420166016,-11.279000282287598
1482900632808,11.093000411987305,-36.382999420166016,-11.279000282287598
1482900632828,11.093000411987305,-36.382999420166016,-11.279000282287598
1482900632847,11.093000411987305,-36.382999420166016,-11.279000282287598
1482900632868,11.093000411987305,-36.382999420166016,-11.279000282287598
1482900632888,11.093000411987305,-36.382999420166016,-11.279000282287598
1482900632908,11.093000411987305,-36.382999420166016,-11.279000282287598
1482900632928,11.093000411987305,-36.382999420166016,-11.279000282287598
1482900632948,11.093000411987305,-36.382999420166016,-11.279000282287598
1482900632975,11.093000411987305,-36.382999420166016,-11.279000282287598
1482900632989,11.093000411987305,-36.382999420166016,-11.279000282287598
1482900633008,11.093000411987305,-36.382999420166016,-11.279000282287598
1482900633028,11.093000411987305,-36.382999420166016,-11.279000282287598
1482900633048,11.093000411987305,-36.382999420166016,-11.279000282287598
1482900633068,11.093000411987305,-36.382999420166016,-11.279000282287598
1482900633088,11.093000411987305,-36.382999420166016,-11.279000282287598
1482900633108,11.093000411987305,-36.382999420166016,-11.279000282287598
1482900633128,11.093000411987305,-36.382999420166016,-11.279000282287598
1482900633155,11.093000411987305,-36.382999420166016,-11.279000282287598
1482900633167,11.093000411987305,-36.382999420166016,-11.279000282287598
1482900633188,11.093000411987305,-36.382999420166016,-11.279000282287598
1482900633208,11.093000411987305,-36.382999420166016,-11.279000282287598
1482900633228,11.093000411987305,-36.382999420166016,-11.279000282287598
1482900633248,11.093000411987305,-36.382999420166016,-11.279000282287598
1482900633268,11.093000411987305,-36.382999420166016,-11.279000282287598
1482900633287,11.093000411987305,-36.382999420166016,-11.279000282287598
1482900633308,11.093000411987305,-36.382999420166016,-11.279000282287598
1482900633335,11.093000411987305,-36.382999420166016,-11.279000282287598
1482900633347,11.093000411987305,-36.382999420166016,-11.279000282287598
1482900633368,11.093000411987305,-36.382999420166016,-11.279000282287598
1482900633388,11.093000411987305,-36.382999420166016,-11.279000282287598
1482900633408,11.093000411987305,-36.382999420166016,-11.279000282287598
1482900633428,11.093000411987305,-36.382999420166016,-11.279000282287598
1482900633449,11.093000411987305,-36.382999420166016,-11.279000282287598
1482900633468,11.093000411987305,-36.382999420166016,-11.279000282287598
1482900633488,11.093000411987305,-36.382999420166016,-11.279000282287598
1482900633515,11.093000411987305,-36.382999420166016,-11.279000282287598
1482900633528,11.093000411987305,-36.382999420166016,-11.279000282287598
1482900633548,11.093000411987305,-36.382999420166016,-10.975000381469727
1482900633569,11.093000411987305,-36.382999420166016,-10.975000381469727
1482900633588,11.093000411987305,-36.382999420166016,-10.975000381469727
1482900633608,11.093000411987305,-36.382999420166016,-10.975000381469727
1482900633629,11.093000411987305,-36.382999420166016,-10.975000381469727
1482900633648,11.093000411987305,-36.382999420166016,-10.975000381469727
1482900633668,11.093000411987305,-36.382999420166016,-10.975000381469727
1482900633695,11.093000411987305,-36.382999420166016,-10.975000381469727
1482900633707,11.093000411987305,-36.382999420166016,-10.975000381469727
1482900633728,11.093000411987305,-36.382999420166016,-10.975000381469727
1482900633749,11.093000411987305,-36.382999420166016,-10.975000381469727
1482900633769,11.093000411987305,-36.382999420166016,-10.975000381469727
1482900633787,11.093000411987305,-36.382999420166016,-10.975000381469727
1482900633809,11.093000411987305,-36.382999420166016,-10.975000381469727
1482900633828,11.093000411987305,-36.382999420166016,-10.975000381469727
1482900633847,11.093000411987305,-36.382999420166016,-10.975000381469727
1482900633875,11.093000411987305,-36.382999420166016,-10.975000381469727
1482900633889,11.093000411987305,-36.382999420166016,-10.975000381469727
1482900633909,11.093000411987305,-36.382999420166016,-10.975000381469727
1482900633929,11.093000411987305,-36.382999420166016,-10.975000381469727
1482900633949,11.093000411987305,-36.382999420166016,-10.975000381469727
1482900633969,11.093000411987305,-36.382999420166016,-10.975000381469727
1482900633992,11.093000411987305,-36.382999420166016,-10.975000381469727
1482900634008,11.093000411987305,-36.382999420166016,-10.975000381469727
1482900634028,11.093000411987305,-36.382999420166016,-10.975000381469727
1482900634050,11.093000411987305,-36.382999420166016,-10.975000381469727
1482900634066,11.093000411987305,-36.382999420166016,-10.975000381469727
1482900634086,11.093000411987305,-36.382999420166016,-10.975000381469727
1482900634106,11.093000411987305,-36.382999420166016,-10.975000381469727
1482900634126,11.093000411987305,-36.382999420166016,-10.975000381469727
1482900634146,11.093000411987305,-36.382999420166016,-10.975000381469727
1482900634167,11.093000411987305,-36.382999420166016,-10.975000381469727
1482900634189,11.093000411987305,-36.382999420166016,-10.975000381469727
1482900634209,11.093000411987305,-36.382999420166016,-10.975000381469727
1482900634235,11.093000411987305,-36.382999420166016,-10.975000381469727
1482900634247,11.093000411987305,-36.382999420166016,-10.975000381469727
1482900634269,11.093000411987305,-36.382999420166016,-10.975000381469727
1482900634287,11.093000411987305,-36.382999420166016,-10.975000381469727
1482900634307,11.093000411987305,-36.382999420166016,-10.975000381469727
1482900634329,11.093000411987305,-36.382999420166016,-10.975000381469727
1482900634349,11.093000411987305,-36.382999420166016,-10.975000381469727
1482900634368,11.093000411987305,-36.382999420166016,-10.975000381469727
1482900634389,11.093000411987305,-36.382999420166016,-10.975000381469727
1482900634416,11.093000411987305,-36.382999420166016,-10.975000381469727
1482900634427,11.093000411987305,-36.382999420166016,-10.675000190734863
1482900634448,11.093000411987305,-36.382999420166016,-10.675000190734863
1482900634467,11.093000411987305,-36.382999420166016,-10.675000190734863
1482900634486,11.093000411987305,-36.382999420166016,-10.675000190734863
1482900634506,11.093000411987305,-36.382999420166016,-10.675000190734863
1482900634527,11.093000411987305,-36.382999420166016,-10.675000190734863
1482900634547,11.093000411987305,-36.382999420166016,-10.675000190734863
1482900634567,11.093000411987305,-36.382999420166016,-10.675000190734863
1482900634595,11.093000411987305,-36.382999420166016,-10.675000190734863
1482900634609,11.093000411987305,-36.382999420166016,-10.675000190734863
1482900634629,11.093000411987305,-36.382999420166016,-10.675000190734863
1482900634650,11.093000411987305,-36.382999420166016,-10.675000190734863
1482900634669,11.093000411987305,-36.382999420166016,-10.675000190734863
1482900634689,11.093000411987305,-36.382999420166016,-10.675000190734863
1482900634710,11.093000411987305,-36.382999420166016,-10.675000190734863
1482900634729,11.093000411987305,-36.382999420166016,-10.675000190734863
1482900634749,11.093000411987305,-36.382999420166016,-10.675000190734863
1482900634775,11.093000411987305,-36.382999420166016,-10.675000190734863
1482900634788,11.093000411987305,-36.382999420166016,-10.675000190734863
1482900634809,11.093000411987305,-36.382999420166016,-10.675000190734863
1482900634830,11.093000411987305,-36.382999420166016,-10.675000190734863
1482900634848,11.093000411987305,-36.382999420166016,-10.993000030517578
1482900634870,11.093000411987305,-36.382999420166016,-10.993000030517578
1482900634890,11.093000411987305,-36.382999420166016,-10.993000030517578
1482900634910,11.093000411987305,-36.382999420166016,-10.993000030517578
1482900634930,11.093000411987305,-36.382999420166016,-10.993000030517578
1482900634956,11.093000411987305,-36.382999420166016,-10.993000030517578
1482900634967,11.093000411987305,-36.382999420166016,-10.993000030517578
1482900634990,11.093000411987305,-36.382999420166016,-10.993000030517578
1482900635007,11.093000411987305,-36.382999420166016,-10.993000030517578
1482900635028,11.093000411987305,-36.382999420166016,-10.993000030517578
1482900635050,11.093000411987305,-36.382999420166016,-10.993000030517578
1482900635070,11.093000411987305,-36.382999420166016,-10.993000030517578
1482900635090,11.093000411987305,-36.382999420166016,-10.993000030517578
1482900635109,11.093000411987305,-36.382999420166016,-10.993000030517578
1482900635132,11.093000411987305,-36.382999420166016,-10.993000030517578
1482900635148,11.093000411987305,-36.382999420166016,-10.993000030517578
1482900635168,11.093000411987305,-36.382999420166016,-10.993000030517578
1482900635187,11.093000411987305,-36.382999420166016,-10.993000030517578
1482900635208,11.093000411987305,-36.382999420166016,-10.993000030517578
1482900635230,11.093000411987305,-36.382999420166016,-10.993000030517578
1482900635250,11.093000411987305,-36.382999420166016,-10.993000030517578
1482900635270,11.093000411987305,-36.382999420166016,-10.993000030517578
1482900635305,11.093000411987305,-36.382999420166016,-10.993000030517578
1482900635318,11.093000411987305,-36.382999420166016,-10.993000030517578
1482900635328,11.093000411987305,-36.382999420166016,-10.993000030517578
1482900635348,11.093000411987305,-36.382999420166016,-10.993000030517578
1482900635368,11.093000411987305,-36.382999420166016,-10.993000030517578
1482900635390,11.093000411987305,-36.382999420166016,-10.993000030517578
1482900635410,11.093000411987305,-36.382999420166016,-10.993000030517578
1482900635430,11.093000411987305,-36.382999420166016,-10.993000030517578
1482900635450,11.093000411987305,-36.382999420166016,-10.993000030517578
1482900635470,11.093000411987305,-36.382999420166016,-10.993000030517578
1482900635496,11.093000411987305,-36.382999420166016,-10.993000030517578
1482900635510,11.093000411987305,-36.382999420166016,-10.993000030517578
1482900635529,11.093000411987305,-36.382999420166016,-10.993000030517578
1482900635550,11.093000411987305,-36.382999420166016,-10.993000030517578
1482900635568,11.093000411987305,-36.382999420166016,-10.993000030517578
1482900635587,11.093000411987305,-36.382999420166016,-10.993000030517578
1482900635610,11.093000411987305,-36.382999420166016,-10.993000030517578
1482900635628,11.093000411987305,-36.382999420166016,-10.993000030517578
1482900635649,11.093000411987305,-36.382999420166016,-10.993000030517578
1482900635675,11.093000411987305,-36.382999420166016,-10.993000030517578
1482900635688,11.093000411987305,-36.382999420166016,-10.993000030517578
1482900635710,11.093000411987305,-36.382999420166016,-10.993000030517578
1482900635730,11.093000411987305,-36.382999420166016,-10.993000030517578
1482900635750,11.093000411987305,-36.382999420166016,-10.993000030517578
1482900635771,11.093000411987305,-36.382999420166016,-10.993000030517578
1482900635790,11.093000411987305,-36.382999420166016,-10.993000030517578
1482900635810,11.093000411987305,-36.382999420166016,-10.993000030517578
1482900635830,11.093000411987305,-36.382999420166016,-10.993000030517578
1482900635855,11.093000411987305,-36.382999420166016,-10.993000030517578
1482900635870,11.093000411987305,-36.382999420166016,-10.993000030517578
1482900635888,11.093000411987305,-36.382999420166016,-10.993000030517578
1482900635910,11.093000411987305,-36.382999420166016,-10.993000030517578
1482900635930,11.093000411987305,-36.382999420166016,-10.993000030517578
1482900635951,11.093000411987305,-36.382999420166016,-10.993000030517578
1482900635971,11.093000411987305,-36.382999420166016,-10.993000030517578
1482900635991,11.093000411987305,-36.382999420166016,-10.993000030517578
1482900636010,11.093000411987305,-36.382999420166016,-10.993000030517578
1482900636037,11.093000411987305,-36.382999420166016,-10.993000030517578
1482900636051,11.093000411987305,-36.382999420166016,-10.993000030517578
1482900636070,11.093000411987305,-36.382999420166016,-10.993000030517578
1482900636091,11.093000411987305,-36.382999420166016,-10.993000030517578
1482900636111,11.093000411987305,-36.382999420166016,-10.993000030517578
1482900636131,11.093000411987305,-36.382999420166016,-10.993000030517578
1482900636149,11.093000411987305,-36.382999420166016,-10.993000030517578
1482900636170,11.093000411987305,-36.382999420166016,-10.993000030517578
1482900636190,11.093000411987305,-36.382999420166016,-10.993000030517578
1482900636215,11.093000411987305,-36.382999420166016,-10.993000030517578
1482900636230,11.093000411987305,-36.382999420166016,-10.993000030517578
1482900636249,11.093000411987305,-36.382999420166016,-10.993000030517578
1482900636271,11.093000411987305,-36.382999420166016,-10.993000030517578
1482900636290,11.093000411987305,-36.382999420166016,-10.993000030517578
1482900636310,11.093000411987305,-36.382999420166016,-10.993000030517578
1482900636360,11.093000411987305,-36.382999420166016,-10.993000030517578
1482900636360,11.093000411987305,-36.382999420166016,-10.993000030517578
1482900636369,11.093000411987305,-36.382999420166016,-10.993000030517578
1482900636397,11.093000411987305,-36.382999420166016,-10.993000030517578
1482900636411,11.093000411987305,-36.382999420166016,-10.993000030517578
1482900636431,11.093000411987305,-36.382999420166016,-10.993000030517578
1482900636451,11.093000411987305,-36.382999420166016,-10.993000030517578
1482900636471,11.093000411987305,-36.382999420166016,-10.993000030517578
1482900636491,11.093000411987305,-36.382999420166016,-10.993000030517578
1482900636508,11.093000411987305,-36.382999420166016,-10.993000030517578
1482900636531,11.093000411987305,-36.382999420166016,-10.993000030517578
1482900636551,11.093000411987305,-36.382999420166016,-10.993000030517578
1482900636577,11.093000411987305,-36.382999420166016,-10.993000030517578
1482900636591,11.093000411987305,-36.382999420166016,-10.993000030517578
1482900636611,11.093000411987305,-36.382999420166016,-10.993000030517578
1482900636631,11.093000411987305,-36.382999420166016,-10.993000030517578
1482900636651,11.093000411987305,-36.382999420166016,-10.993000030517578
1482900636671,11.093000411987305,-36.382999420166016,-10.993000030517578
1482900636692,11.093000411987305,-36.382999420166016,-10.993000030517578
1482900636711,11.093000411987305,-36.382999420166016,-10.993000030517578
1482900636731,11.093000411987305,-36.382999420166016,-10.993000030517578
1482900636757,11.093000411987305,-36.382999420166016,-10.993000030517578
1482900636771,11.093000411987305,-36.382999420166016,-10.993000030517578
1482900636791,11.093000411987305,-36.382999420166016,-10.993000030517578
1482900636812,11.093000411987305,-36.382999420166016,-10.993000030517578
1482900636831,11.093000411987305,-36.382999420166016,-10.993000030517578
1482900636851,11.093000411987305,-36.382999420166016,-10.993000030517578
1482900636872,11.093000411987305,-36.382999420166016,-10.993000030517578
1482900636891,11.093000411987305,-36.382999420166016,-10.993000030517578
1482900636911,11.093000411987305,-36.382999420166016,-10.993000030517578
1482900636937,11.093000411987305,-36.382999420166016,-10.993000030517578
1482900636951,11.093000411987305,-36.382999420166016,-10.993000030517578
1482900636971,11.093000411987305,-36.382999420166016,-10.993000030517578
1482900636992,11.093000411987305,-36.702999114990234,-10.993000030517578
1482900637009,11.093000411987305,-36.702999114990234,-10.993000030517578
1482900637031,11.093000411987305,-36.702999114990234,-10.993000030517578
1482900637052,11.093000411987305,-36.702999114990234,-10.993000030517578
1482900637070,11.093000411987305,-36.702999114990234,-10.993000030517578
1482900637091,11.093000411987305,-36.702999114990234,-10.993000030517578
1482900637116,11.093000411987305,-36.702999114990234,-10.993000030517578
1482900637131,11.093000411987305,-36.702999114990234,-10.993000030517578
1482900637151,11.093000411987305,-36.702999114990234,-10.993000030517578
1482900637172,11.093000411987305,-36.702999114990234,-10.993000030517578
1482900637191,11.093000411987305,-36.702999114990234,-10.993000030517578
1482900637211,11.093000411987305,-36.702999114990234,-10.993000030517578
1482900637232,11.093000411987305,-36.702999114990234,-10.993000030517578
1482900637251,11.093000411987305,-36.702999114990234,-10.993000030517578
1482900637271,11.093000411987305,-36.702999114990234,-10.993000030517578
1482900637297,11.093000411987305,-36.702999114990234,-10.993000030517578
1482900637315,11.093000411987305,-36.702999114990234,-10.993000030517578
1482900637329,11.093000411987305,-36.702999114990234,-10.993000030517578
1482900637352,11.093000411987305,-36.702999114990234,-10.993000030517578
1482900637372,11.093000411987305,-36.702999114990234,-10.993000030517578
1482900637392,11.093000411987305,-36.702999114990234,-10.993000030517578
1482900637412,11.093000411987305,-36.702999114990234,-10.993000030517578
1482900637432,11.093000411987305,-36.702999114990234,-10.993000030517578
1482900637452,11.093000411987305,-36.702999114990234,-10.993000030517578
1482900637478,11.093000411987305,-36.702999114990234,-10.993000030517578
1482900637492,11.093000411987305,-36.702999114990234,-10.993000030517578
1482900637512,11.093000411987305,-36.702999114990234,-10.993000030517578
1482900637531,11.093000411987305,-36.702999114990234,-10.993000030517578
1482900637552,11.093000411987305,-36.702999114990234,-10.993000030517578
1482900637569,11.093000411987305,-36.702999114990234,-10.993000030517578
1482900637590,11.093000411987305,-36.702999114990234,-10.993000030517578
1482900637612,11.093000411987305,-36.702999114990234,-10.993000030517578
1482900637632,11.093000411987305,-36.702999114990234,-10.993000030517578
1482900637658,11.093000411987305,-36.702999114990234,-10.993000030517578
1482900637672,11.093000411987305,-36.702999114990234,-10.993000030517578
1482900637692,11.093000411987305,-36.702999114990234,-10.993000030517578
1482900637712,11.093000411987305,-36.702999114990234,-10.684000015258789
1482900637732,11.093000411987305,-36.702999114990234,-10.684000015258789
1482900637752,11.093000411987305,-36.702999114990234,-10.684000015258789
1482900637772,11.093000411987305,-36.702999114990234,-10.684000015258789
1482900637792,11.093000411987305,-36.702999114990234,-10.684000015258789
1482900637812,11.093000411987305,-36.702999114990234,-10.684000015258789
1482900637837,11.093000411987305,-36.702999114990234,-10.684000015258789
1482900637850,11.093000411987305,-36.702999114990234,-10.684000015258789
1482900637872,11.093000411987305,-36.702999114990234,-10.684000015258789
1482900637893,11.093000411987305,-36.702999114990234,-10.684000015258789
1482900637912,11.093000411987305,-36.702999114990234,-10.684000015258789
1482900637932,11.093000411987305,-36.702999114990234,-10.684000015258789
1482900637953,11.093000411987305,-36.702999114990234,-10.684000015258789
1482900637973,11.093000411987305,-36.702999114990234,-10.684000015258789
1482900637991,11.093000411987305,-36.702999114990234,-10.684000015258789
1482900638016,11.093000411987305,-36.702999114990234,-10.684000015258789
1482900638030,11.093000411987305,-36.702999114990234,-10.684000015258789
1482900638052,11.093000411987305,-36.702999114990234,-10.684000015258789
1482900638073,10.78600025177002,-36.702999114990234,-10.684000015258789
1482900638090,10.78600025177002,-36.702999114990234,-10.684000015258789
1482900638112,10.78600025177002,-36.702999114990234,-10.684000015258789
1482900638133,10.78600025177002,-36.702999114990234,-10.684000015258789
1482900638152,10.78600025177002,-36.702999114990234,-10.684000015258789
1482900638172,10.78600025177002,-36.702999114990234,-10.684000015258789
1482900638198,10.78600025177002,-36.702999114990234,-10.684000015258789
1482900638212,10.78600025177002,-36.702999114990234,-10.684000015258789
1482900638232,10.78600025177002,-36.702999114990234,-10.684000015258789
1482900638253,10.78600025177002,-36.702999114990234,-10.684000015258789
1482900638272,10.78600025177002,-36.702999114990234,-10.684000015258789
1482900638292,10.78600025177002,-36.702999114990234,-10.684000015258789
1482900638313,10.78600025177002,-36.702999114990234,-10.684000015258789
1482900638338,10.78600025177002,-36.702999114990234,-10.684000015258789
1482900638351,10.78600025177002,-36.702999114990234,-10.684000015258789
1482900638377,10.78600025177002,-36.702999114990234,-10.684000015258789
1482900638393,10.78600025177002,-36.702999114990234,-10.684000015258789
1482900638413,10.78600025177002,-36.702999114990234,-10.684000015258789
1482900638433,10.78600025177002,-36.702999114990234,-10.684000015258789
1482900638453,10.78600025177002,-36.702999114990234,-10.684000015258789
1482900638473,10.78600025177002,-36.702999114990234,-10.684000015258789
1482900638493,10.78600025177002,-36.702999114990234,-10.684000015258789
1482900638513,10.78600025177002,-36.702999114990234,-10.684000015258789
1482900638532,10.78600025177002,-36.702999114990234,-10.684000015258789
1482900638559,10.78600025177002,-36.702999114990234,-10.684000015258789
1482900638573,10.78600025177002,-36.702999114990234,-10.684000015258789
1482900638593,10.78600025177002,-36.702999114990234,-10.684000015258789
1482900638611,10.78600025177002,-36.702999114990234,-10.684000015258789
1482900638633,10.78600025177002,-36.702999114990234,-10.684000015258789
1482900638653,10.78600025177002,-36.702999114990234,-10.684000015258789
1482900638673,10.78600025177002,-36.702999114990234,-10.684000015258789
1482900638693,10.78600025177002,-36.702999114990234,-10.684000015258789
1482900638713,10.78600025177002,-36.702999114990234,-10.684000015258789
1482900638739,10.78600025177002,-36.702999114990234,-10.684000015258789
1482900638753,10.78600025177002,-36.702999114990234,-10.684000015258789
1482900638773,10.78600025177002,-36.702999114990234,-10.684000015258789
1482900638794,10.78600025177002,-36.702999114990234,-10.684000015258789
1482900638813,10.78600025177002,-36.702999114990234,-10.684000015258789
1482900638833,10.78600025177002,-36.702999114990234,-10.684000015258789
1482900638854,10.78600025177002,-36.702999114990234,-10.684000015258789
1482900638873,10.78600025177002,-36.702999114990234,-10.684000015258789
1482900638893,10.78600025177002,-36.702999114990234,-10.684000015258789
1482900638919,10.78600025177002,-36.702999114990234,-10.684000015258789
1482900638933,10.78600025177002,-36.702999114990234,-10.684000015258789
1482900638953,10.78600025177002,-36.702999114990234,-10.684000015258789
1482900638974,10.78600025177002,-36.702999114990234,-10.684000015258789
1482900638993,10.78600025177002,-36.702999114990234,-10.684000015258789
1482900639013,10.78600025177002,-36.702999114990234,-10.684000015258789
1482900639033,10.78600025177002,-36.702999114990234,-10.684000015258789
1482900639053,10.78600025177002,-36.702999114990234,-10.684000015258789
1482900639073,10.78600025177002,-36.702999114990234,-10.684000015258789
1482900639099,10.78600025177002,-36.702999114990234,-10.684000015258789
1482900639113,10.78600025177002,-36.702999114990234,-10.684000015258789
1482900639133,10.78600025177002,-36.702999114990234,-10.684000015258789
1482900639154,10.78600025177002,-36.702999114990234,-10.684000015258789
1482900639173,10.78600025177002,-36.702999114990234,-10.684000015258789
1482900639193,10.78600025177002,-36.702999114990234,-10.684000015258789
1482900639214,10.78600025177002,-36.702999114990234,-10.684000015258789
1482900639233,10.78600025177002,-36.702999114990234,-10.684000015258789
1482900639253,10.78600025177002,-36.702999114990234,-10.684000015258789
1482900639279,10.78600025177002,-36.702999114990234,-10.684000015258789
1482900639293,10.78600025177002,-36.702999114990234,-10.684000015258789
1482900639313,10.78600025177002,-36.702999114990234,-10.684000015258789
1482900639334,10.78600025177002,-36.702999114990234,-10.684000015258789
1482900639353,10.78600025177002,-36.702999114990234,-10.684000015258789
1482900639373,10.78600025177002,-36.702999114990234,-10.684000015258789
1482900639394,10.78600025177002,-36.702999114990234,-10.684000015258789
1482900639415,10.78600025177002,-36.702999114990234,-10.684000015258789
1482900639434,10.78600025177002,-36.702999114990234,-10.684000015258789
1482900639459,10.78600025177002,-36.702999114990234,-10.684000015258789
1482900639474,10.78600025177002,-36.702999114990234,-10.684000015258789
1482900639493,10.78600025177002,-36.702999114990234,-10.684000015258789
1482900639535,10.78600025177002,-36.702999114990234,-10.684000015258789
1482900639535,10.78600025177002,-36.702999114990234,-10.684000015258789
1482900639554,10.78600025177002,-36.702999114990234,-10.684000015258789
1482900639571,10.78600025177002,-36.702999114990234,-10.684000015258789
1482900639595,10.78600025177002,-36.702999114990234,-10.684000015258789
1482900639615,10.78600025177002,-36.702999114990234,-10.684000015258789
1482900639639,10.78600025177002,-36.702999114990234,-10.684000015258789
1482900639654,10.78600025177002,-36.702999114990234,-10.684000015258789
1482900639675,10.78600025177002,-36.702999114990234,-10.684000015258789
1482900639694,10.78600025177002,-36.702999114990234,-10.684000015258789
1482900639714,10.78600025177002,-36.702999114990234,-10.684000015258789
1482900639734,10.78600025177002,-36.702999114990234,-10.684000015258789
1482900639754,10.78600025177002,-36.702999114990234,-10.684000015258789
1482900639773,10.78600025177002,-36.702999114990234,-10.684000015258789
1482900639793,10.78600025177002,-36.702999114990234,-10.684000015258789
1482900639820,10.78600025177002,-36.702999114990234,-10.684000015258789
1482900639835,10.78600025177002,-36.702999114990234,-10.684000015258789
1482900639854,10.78600025177002,-36.702999114990234,-10.684000015258789
1482900639875,10.78600025177002,-36.702999114990234,-10.684000015258789
1482900639895,10.78600025177002,-36.702999114990234,-10.684000015258789
1482900639914,10.78600025177002,-36.702999114990234,-10.684000015258789
1482900639934,10.78600025177002,-36.702999114990234,-10.684000015258789
1482900639955,10.78600025177002,-36.702999114990234,-10.684000015258789
1482900639974,10.78600025177002,-36.702999114990234,-10.684000015258789
1482900640000,10.78600025177002,-36.702999114990234,-10.37399959564209
1482900640015,10.78600025177002,-36.702999114990234,-10.37399959564209
1482900640031,10.78600025177002,-36.702999114990234,-10.37399959564209
1482900640052,10.78600025177002,-36.702999114990234,-10.37399959564209
1482900640071,10.78600025177002,-36.702999114990234,-10.37399959564209
1482900640091,10.78600025177002,-36.702999114990234,-10.37399959564209
1482900640111,10.78600025177002,-36.702999114990234,-10.37399959564209
1482900640131,10.78600025177002,-36.702999114990234,-10.37399959564209
1482900640152,10.78600025177002,-36.702999114990234,-10.37399959564209
1482900640180,10.78600025177002,-36.702999114990234,-10.37399959564209
1482900640194,10.78600025177002,-36.702999114990234,-10.37399959564209
1482900640214,10.78600025177002,-36.702999114990234,-10.37399959564209
1482900640235,10.78600025177002,-36.702999114990234,-10.37399959564209
1482900640255,10.78600025177002,-36.702999114990234,-10.37399959564209
1482900640273,10.78600025177002,-36.702999114990234,-10.37399959564209
1482900640295,10.78600025177002,-36.702999114990234,-10.37399959564209
1482900640315,10.78600025177002,-36.702999114990234,-10.37399959564209
1482900640332,10.78600025177002,-36.702999114990234,-10.37399959564209
1482900640361,10.78600025177002,-36.702999114990234,-10.37399959564209
1482900640375,10.78600025177002,-36.702999114990234,-10.37399959564209
1482900640395,10.78600025177002,-36.702999114990234,-10.37399959564209
1482900640415,10.78600025177002,-36.702999114990234,-10.37399959564209
1482900640435,10.78600025177002,-36.702999114990234,-10.37399959564209
1482900640455,10.78600025177002,-36.702999114990234,-10.37399959564209
1482900640475,10.78600025177002,-36.702999114990234,-10.37399959564209
1482900640495,10.78600025177002,-36.702999114990234,-10.37399959564209
1482900640515,10.78600025177002,-36.702999114990234,-10.37399959564209
1482900640539,10.78600025177002,-36.702999114990234,-10.37399959564209
1482900640554,10.78600025177002,-36.702999114990234,-10.37399959564209
1482900640574,10.78600025177002,-36.702999114990234,-10.37399959564209
1482900640595,10.78600025177002,-36.702999114990234,-10.37399959564209
1482900640615,10.78600025177002,-36.702999114990234,-10.37399959564209
1482900640635,10.78600025177002,-36.702999114990234,-10.37399959564209
1482900640655,10.78600025177002,-36.702999114990234,-10.37399959564209
1482900640675,10.78600025177002,-36.702999114990234,-10.37399959564209
1482900640695,10.78600025177002,-36.702999114990234,-10.37399959564209
1482900640720,10.78600025177002,-36.702999114990234,-10.37399959564209
1482900640735,10.78600025177002,-36.702999114990234,-10.37399959564209
1482900640753,10.78600025177002,-36.702999114990234,-10.37399959564209
1482900640782,10.78600025177002,-36.702999114990234,-10.37399959564209
1482900640792,10.78600025177002,-36.702999114990234,-10.37399959564209
1482900640812,10.78600025177002,-36.702999114990234,-10.37399959564209
1482900640833,10.78600025177002,-36.702999114990234,-10.37399959564209
1482900640853,10.78600025177002,-36.702999114990234,-10.37399959564209
1482900640875,10.78600025177002,-36.702999114990234,-10.37399959564209
1482900640900,10.78600025177002,-36.702999114990234,-10.37399959564209
1482900640915,10.78600025177002,-36.702999114990234,-10.37399959564209
1482900640935,10.78600025177002,-36.702999114990234,-10.37399959564209
1482900640956,10.78600025177002,-36.702999114990234,-10.37399959564209
1482900640975,10.78600025177002,-36.702999114990234,-10.37399959564209
1482900640995,10.78600025177002,-36.702999114990234,-10.37399959564209
1482900641016,10.78600025177002,-36.702999114990234,-10.37399959564209
1482900641035,10.78600025177002,-36.702999114990234,-10.37399959564209
1482900641055,10.78600025177002,-36.702999114990234,-10.37399959564209
1482900641077,10.78600025177002,-36.702999114990234,-10.37399959564209
1482900641096,10.78600025177002,-36.702999114990234,-10.37399959564209
1482900641112,10.78600025177002,-36.702999114990234,-10.37399959564209
1482900641133,10.78600025177002,-36.702999114990234,-10.37399959564209
1482900641152,10.78600025177002,-36.702999114990234,-10.37399959564209
1482900641172,10.78600025177002,-36.702999114990234,-10.37399959564209
1482900641195,10.78600025177002,-36.702999114990234,-10.37399959564209
1482900641215,10.78600025177002,-36.702999114990234,-10.37399959564209
1482900641235,10.78600025177002,-36.702999114990234,-10.37399959564209
1482900641261,10.78600025177002,-36.702999114990234,-10.37399959564209
1482900641275,10.78600025177002,-36.702999114990234,-10.37399959564209
1482900641295,10.78600025177002,-36.702999114990234,-10.37399959564209
1482900641316,10.78600025177002,-36.702999114990234,-10.37399959564209
1482900641338,10.78600025177002,-36.702999114990234,-10.37399959564209
1482900641357,10.78600025177002,-36.702999114990234,-10.37399959564209
1482900641377,10.78600025177002,-36.702999114990234,-10.37399959564209
1482900641393,10.484000205993652,-36.702999114990234,-10.37399959564209
1482900641415,10.484000205993652,-36.702999114990234,-10.37399959564209
1482900641441,10.484000205993652,-36.702999114990234,-10.37399959564209
1482900641456,10.484000205993652,-36.702999114990234,-10.37399959564209
1482900641475,10.484000205993652,-36.702999114990234,-10.37399959564209
1482900641495,10.484000205993652,-36.702999114990234,-10.37399959564209
1482900641515,10.484000205993652,-36.702999114990234,-10.37399959564209
1482900641535,10.484000205993652,-36.702999114990234,-10.37399959564209
1482900641556,10.484000205993652,-36.702999114990234,-10.37399959564209
1482900641575,10.484000205993652,-36.702999114990234,-10.057999610900879
1482900641595,10.484000205993652,-36.702999114990234,-10.057999610900879
1482900641621,10.484000205993652,-36.702999114990234,-10.057999610900879
1482900641636,10.484000205993652,-36.702999114990234,-10.057999610900879
1482900641656,10.484000205993652,-36.702999114990234,-10.057999610900879
1482900641676,10.484000205993652,-36.702999114990234,-10.057999610900879
1482900641696,10.484000205993652,-36.702999114990234,-10.057999610900879
1482900641715,10.791999816894531,-36.702999114990234,-10.057999610900879
1482900641737,10.791999816894531,-36.702999114990234,-10.057999610900879
1482900641756,10.791999816894531,-36.702999114990234,-10.057999610900879
1482900641776,10.791999816894531,-36.702999114990234,-9.741999626159668
1482900641802,10.791999816894531,-36.702999114990234,-9.741999626159668
1482900641816,10.791999816894531,-36.702999114990234,-9.741999626159668
1482900641837,10.791999816894531,-36.702999114990234,-9.741999626159668
1482900641855,10.791999816894531,-36.702999114990234,-9.741999626159668
1482900641878,10.791999816894531,-36.702999114990234,-9.741999626159668
1482900641895,10.791999816894531,-36.702999114990234,-9.741999626159668
1482900641917,10.791999816894531,-36.702999114990234,-9.741999626159668
1482900641935,10.791999816894531,-36.702999114990234,-9.741999626159668
1482900641955,10.791999816894531,-36.702999114990234,-9.741999626159668
1482900641982,10.791999816894531,-36.702999114990234,-9.741999626159668
1482900641996,10.791999816894531,-36.702999114990234,-9.741999626159668
1482900642016,10.791999816894531,-36.702999114990234,-9.741999626159668
1482900642036,10.791999816894531,-36.702999114990234,-9.741999626159668
1482900642056,10.791999816894531,-36.702999114990234,-9.741999626159668
1482900642075,10.791999816894531,-36.702999114990234,-9.741999626159668
1482900642095,10.791999816894531,-36.702999114990234,-9.741999626159668
1482900642116,10.791999816894531,-36.702999114990234,-9.741999626159668
1482900642136,10.791999816894531,-36.702999114990234,-9.741999626159668
1482900642161,10.791999816894531,-36.702999114990234,-9.741999626159668
1482900642176,10.791999816894531,-36.702999114990234,-9.741999626159668
1482900642196,10.484000205993652,-36.702999114990234,-9.741999626159668
1482900642217,10.484000205993652,-36.702999114990234,-9.741999626159668
1482900642236,10.484000205993652,-36.702999114990234,-9.741999626159668
1482900642256,10.484000205993652,-36.702999114990234,-9.741999626159668
1482900642277,10.484000205993652,-36.702999114990234,-9.741999626159668
1482900642296,10.484000205993652,-36.702999114990234,-9.741999626159668
1482900642316,10.484000205993652,-36.702999114990234,-9.741999626159668
1482900642345,10.484000205993652,-36.702999114990234,-9.741999626159668
1482900642357,10.484000205993652,-36.702999114990234,-9.741999626159668
1482900642377,10.484000205993652,-36.702999114990234,-9.741999626159668
1482900642395,10.484000205993652,-36.702999114990234,-9.741999626159668
1482900642417,10.484000205993652,-36.702999114990234,-9.741999626159668
1482900642437,10.484000205993652,-36.702999114990234,-9.741999626159668
1482900642456,10.484000205993652,-36.702999114990234,-9.741999626159668
1482900642477,10.484000205993652,-36.702999114990234,-9.741999626159668
1482900642495,10.484000205993652,-36.702999114990234,-9.741999626159668
1482900642521,10.484000205993652,-36.702999114990234,-9.741999626159668
1482900642537,10.484000205993652,-36.702999114990234,-9.741999626159668
1482900642556,10.484000205993652,-36.702999114990234,-9.741999626159668
1482900642577,10.484000205993652,-36.702999114990234,-9.741999626159668
1482900642596,10.484000205993652,-36.702999114990234,-9.741999626159668
1482900642616,10.484000205993652,-36.702999114990234,-9.741999626159668
1482900642637,10.484000205993652,-36.702999114990234,-9.741999626159668
1482900642656,10.484000205993652,-36.702999114990234,-9.741999626159668
1482900642676,10.484000205993652,-36.702999114990234,-9.741999626159668
1482900642702,10.484000205993652,-36.702999114990234,-9.741999626159668
1482900642716,10.484000205993652,-36.702999114990234,-10.057999610900879
1482900642736,10.484000205993652,-36.702999114990234,-10.057999610900879
1482900642756,10.484000205993652,-36.702999114990234,-10.057999610900879
1482900642777,10.484000205993652,-36.702999114990234,-10.057999610900879
1482900642797,10.484000205993652,-36.702999114990234,-10.057999610900879
1482900642817,10.484000205993652,-36.702999114990234,-10.057999610900879
1482900642837,10.484000205993652,-36.702999114990234,-10.057999610900879
1482900642856,10.484000205993652,-36.702999114990234,-10.057999610900879
1482900642883,10.484000205993652,-36.702999114990234,-10.057999610900879
1482900642895,10.484000205993652,-36.702999114990234,-10.057999610900879
1482900642915,10.484000205993652,-36.702999114990234,-10.057999610900879
1482900642937,10.484000205993652,-36.702999114990234,-10.057999610900879
1482900642957,10.484000205993652,-36.702999114990234,-10.057999610900879
1482900642977,10.484000205993652,-36.702999114990234,-10.057999610900879
1482900642997,10.484000205993652,-36.702999114990234,-10.057999610900879
1482900643017,10.484000205993652,-36.702999114990234,-10.057999610900879
1482900643037,10.484000205993652,-36.702999114990234,-10.057999610900879
1482900643063,10.484000205993652,-36.702999114990234,-10.057999610900879
1482900643075,10.484000205993652,-36.702999114990234,-10.057999610900879
1482900643098,10.484000205993652,-36.702999114990234,-10.057999610900879
1482900643115,10.484000205993652,-36.702999114990234,-10.057999610900879
1482900643134,10.484000205993652,-36.702999114990234,-10.057999610900879
1482900643154,10.484000205993652,-36.702999114990234,-10.057999610900879
1482900643175,10.484000205993652,-36.702999114990234,-10.057999610900879
1482900643195,10.484000205993652,-36.702999114990234,-10.057999610900879
1482900643215,10.484000205993652,-36.702999114990234,-10.057999610900879
1482900643244,10.484000205993652,-36.702999114990234,-10.057999610900879
1482900643257,10.484000205993652,-36.702999114990234,-10.057999610900879
1482900643278,10.484000205993652,-36.702999114990234,-10.057999610900879
1482900643297,10.484000205993652,-36.702999114990234,-10.057999610900879
1482900643317,10.484000205993652,-36.702999114990234,-10.057999610900879
1482900643337,10.484000205993652,-36.702999114990234,-10.057999610900879
1482900643356,10.484000205993652,-36.702999114990234,-10.057999610900879
1482900643377,10.484000205993652,-36.702999114990234,-10.057999610900879
1482900643397,10.484000205993652,-36.702999114990234,-10.057999610900879
1482900643420,10.484000205993652,-36.702999114990234,-10.057999610900879
1482900643437,10.484000205993652,-36.702999114990234,-10.057999610900879
1482900643457,10.484000205993652,-36.702999114990234,-10.057999610900879
1482900643477,10.484000205993652,-36.702999114990234,-10.057999610900879
1482900643497,10.484000205993652,-36.702999114990234,-10.057999610900879
1482900643517,10.484000205993652,-36.702999114990234,-10.057999610900879
1482900643538,10.484000205993652,-36.702999114990234,-10.057999610900879
1482900643557,10.484000205993652,-36.702999114990234,-10.057999610900879
1482900643577,10.484000205993652,-36.702999114990234,-10.057999610900879
1482900643603,10.484000205993652,-36.702999114990234,-10.057999610900879
1482900643617,10.484000205993652,-36.702999114990234,-10.057999610900879
1482900643637,10.484000205993652,-36.702999114990234,-10.057999610900879
1482900643658,10.484000205993652,-36.702999114990234,-10.057999610900879
1482900643677,10.484000205993652,-36.702999114990234,-10.057999610900879
1482900643698,10.484000205993652,-36.702999114990234,-10.057999610900879
1482900643718,10.484000205993652,-36.702999114990234,-10.057999610900879
1482900643738,10.484000205993652,-36.702999114990234,-10.057999610900879
1482900643758,10.484000205993652,-36.702999114990234,-10.057999610900879
1482900643784,10.484000205993652,-36.702999114990234,-10.057999610900879
1482900643797,10.484000205993652,-36.702999114990234,-10.057999610900879
1482900643816,10.484000205993652,-36.702999114990234,-10.057999610900879
1482900643837,10.484000205993652,-36.702999114990234,-10.057999610900879
1482900643857,10.484000205993652,-36.702999114990234,-10.057999610900879
1482900643878,10.484000205993652,-36.702999114990234,-10.057999610900879
1482900643898,10.484000205993652,-36.702999114990234,-10.057999610900879
1482900643918,10.484000205993652,-36.702999114990234,-10.057999610900879
1482900643938,10.484000205993652,-36.702999114990234,-10.057999610900879
1482900643965,10.484000205993652,-36.702999114990234,-10.057999610900879
1482900643977,10.484000205993652,-36.702999114990234,-10.057999610900879
1482900643998,10.484000205993652,-36.702999114990234,-10.057999610900879
1482900644018,10.484000205993652,-36.702999114990234,-10.057999610900879
1482900644038,10.484000205993652,-36.702999114990234,-10.057999610900879
1482900644058,10.484000205993652,-36.702999114990234,-10.057999610900879
1482900644081,10.484000205993652,-36.702999114990234,-10.057999610900879
1482900644097,10.484000205993652,-36.702999114990234,-10.057999610900879
1482900644118,10.484000205993652,-36.702999114990234,-10.057999610900879
1482900644145,10.484000205993652,-36.702999114990234,-10.057999610900879
1482900644157,10.484000205993652,-36.702999114990234,-10.057999610900879
1482900644178,10.484000205993652,-36.702999114990234,-10.057999610900879
1482900644198,10.484000205993652,-36.702999114990234,-10.057999610900879
1482900644218,10.484000205993652,-36.702999114990234,-10.057999610900879
1482900644238,10.484000205993652,-36.702999114990234,-10.057999610900879
1482900644259,10.484000205993652,-36.702999114990234,-10.057999610900879
1482900644278,10.484000205993652,-36.702999114990234,-10.057999610900879
1482900644298,10.484000205993652,-36.702999114990234,-10.057999610900879
1482900644325,10.484000205993652,-36.702999114990234,-10.057999610900879
1482900644337,10.484000205993652,-36.702999114990234,-10.057999610900879
1482900644357,10.484000205993652,-36.702999114990234,-10.057999610900879
1482900644379,10.484000205993652,-36.702999114990234,-10.057999610900879
1482900644398,10.484000205993652,-36.702999114990234,-10.057999610900879
1482900644418,10.484000205993652,-36.702999114990234,-10.057999610900879
1482900644437,10.484000205993652,-36.702999114990234,-10.057999610900879
1482900644456,10.484000205993652,-36.702999114990234,-10.057999610900879
1482900644477,10.484000205993652,-36.702999114990234,-10.057999610900879
1482900644504,10.484000205993652,-36.702999114990234,-10.057999610900879
1482900644518,10.484000205993652,-36.702999114990234,-10.057999610900879
1482900644538,10.484000205993652,-36.702999114990234,-10.057999610900879
1482900644558,10.484000205993652,-36.702999114990234,-10.057999610900879
1482900644578,10.484000205993652,-36.702999114990234,-10.057999610900879
1482900644598,10.484000205993652,-36.702999114990234,-10.057999610900879
1482900644619,10.484000205993652,-36.702999114990234,-10.057999610900879
1482900644638,10.484000205993652,-36.702999114990234,-10.057999610900879
1482900644658,10.484000205993652,-36.702999114990234,-10.057999610900879
1482900644685,10.484000205993652,-36.702999114990234,-10.057999610900879
1482900644697,10.484000205993652,-36.702999114990234,-10.057999610900879
1482900644719,10.484000205993652,-36.702999114990234,-10.057999610900879
1482900644739,10.484000205993652,-36.702999114990234,-10.057999610900879
1482900644759,10.484000205993652,-36.702999114990234,-10.057999610900879
1482900644779,10.484000205993652,-36.702999114990234,-10.057999610900879
1482900644796,10.484000205993652,-36.702999114990234,-10.057999610900879
1482900644816,10.484000205993652,-36.702999114990234,-10.057999610900879
1482900644850,10.484000205993652,-36.702999114990234,-10.057999610900879
1482900644862,10.484000205993652,-36.702999114990234,-10.057999610900879
1482900644877,10.484000205993652,-36.702999114990234,-10.057999610900879
1482900644897,10.484000205993652,-36.702999114990234,-10.057999610900879
1482900644918,10.484000205993652,-36.702999114990234,-10.057999610900879
1482900644938,10.484000205993652,-36.702999114990234,-9.75100040435791
1482900644957,10.484000205993652,-36.702999114990234,-9.75100040435791
1482900644976,10.484000205993652,-36.702999114990234,-9.75100040435791
1482900644997,10.484000205993652,-36.702999114990234,-9.75100040435791
1482900645017,10.484000205993652,-36.702999114990234,-9.75100040435791
1482900645050,10.484000205993652,-36.702999114990234,-9.75100040435791
1482900645057,10.484000205993652,-36.702999114990234,-9.75100040435791
1482900645098,10.484000205993652,-36.702999114990234,-9.75100040435791
1482900645099,10.484000205993652,-36.702999114990234,-9.75100040435791
1482900645116,10.484000205993652,-36.702999114990234,-9.75100040435791
1482900645136,10.484000205993652,-36.702999114990234,-9.75100040435791
1482900645156,10.484000205993652,-36.702999114990234,-9.75100040435791
1482900645176,10.484000205993652,-36.702999114990234,-9.75100040435791
1482900645196,10.484000205993652,-36.702999114990234,-9.75100040435791
1482900645220,10.484000205993652,-36.702999114990234,-9.75100040435791
1482900645236,10.484000205993652,-36.702999114990234,-9.75100040435791
1482900645259,10.484000205993652,-36.702999114990234,-9.75100040435791
1482900645279,10.484000205993652,-36.702999114990234,-9.75100040435791
1482900645297,10.484000205993652,-36.702999114990234,-9.75100040435791
1482900645317,10.484000205993652,-36.702999114990234,-9.75100040435791
1482900645339,10.484000205993652,-36.702999114990234,-9.75100040435791
1482900645358,10.484000205993652,-36.702999114990234,-9.75100040435791
1482900645378,10.484000205993652,-36.702999114990234,-9.75100040435791
1482900645405,10.484000205993652,-36.702999114990234,-9.75100040435791
1482900645419,10.484000205993652,-36.702999114990234,-9.75100040435791
1482900645439,10.484000205993652,-36.702999114990234,-9.75100040435791
1482900645461,10.484000205993652,-36.702999114990234,-9.75100040435791
1482900645477,10.484000205993652,-36.702999114990234,-9.75100040435791
1482900645497,10.484000205993652,-36.702999114990234,-9.75100040435791
1482900645518,10.484000205993652,-36.702999114990234,-9.75100040435791
1482900645539,10.484000205993652,-36.702999114990234,-9.75100040435791
1482900645559,10.484000205993652,-36.702999114990234,-9.75100040435791
1482900645586,10.484000205993652,-36.702999114990234,-9.75100040435791
1482900645597,10.484000205993652,-36.702999114990234,-9.75100040435791
1482900645619,10.484000205993652,-36.702999114990234,-9.75100040435791
1482900645640,10.484000205993652,-36.702999114990234,-9.75100040435791
1482900645659,10.484000205993652,-36.702999114990234,-9.75100040435791
1482900645679,10.484000205993652,-36.702999114990234,-9.75100040435791
1482900645698,10.484000205993652,-36.702999114990234,-9.75100040435791
1482900645719,10.484000205993652,-36.702999114990234,-9.75100040435791
1482900645739,10.484000205993652,-36.702999114990234,-9.75100040435791
1482900645769,10.484000205993652,-36.702999114990234,-9.75100040435791
1482900645778,10.484000205993652,-36.702999114990234,-9.75100040435791
1482900645798,10.484000205993652,-36.702999114990234,-9.75100040435791
1482900645817,10.484000205993652,-36.702999114990234,-9.75100040435791
1482900645838,10.484000205993652,-36.702999114990234,-9.75100040435791
1482900645859,10.484000205993652,-36.702999114990234,-9.75100040435791
1482900645880,10.484000205993652,-36.702999114990234,-9.75100040435791
1482900645898,10.484000205993652,-36.702999114990234,-9.75100040435791
1482900645919,10.484000205993652,-36.702999114990234,-9.75100040435791
1482900645946,10.484000205993652,-36.702999114990234,-9.75100040435791
1482900645958,10.484000205993652,-36.702999114990234,-9.75100040435791
1482900645979,10.484000205993652,-36.702999114990234,-9.75100040435791
1482900645998,10.484000205993652,-36.702999114990234,-9.75100040435791
1482900646018,10.484000205993652,-36.702999114990234,-9.75100040435791
1482900646038,10.484000205993652,-36.702999114990234,-9.75100040435791
1482900646060,10.484000205993652,-36.702999114990234,-9.75100040435791
1482900646077,10.484000205993652,-36.702999114990234,-9.75100040435791
1482900646099,10.484000205993652,-36.702999114990234,-9.75100040435791
1482900646122,10.484000205993652,-36.702999114990234,-9.75100040435791
1482900646137,10.484000205993652,-36.702999114990234,-9.75100040435791
1482900646157,10.484000205993652,-36.702999114990234,-9.75100040435791
1482900646177,10.484000205993652,-36.702999114990234,-9.75100040435791
1482900646197,10.484000205993652,-36.702999114990234,-9.75100040435791
1482900646217,10.484000205993652,-36.702999114990234,-9.75100040435791
1482900646238,10.484000205993652,-36.702999114990234,-9.75100040435791
1482900646259,10.484000205993652,-36.702999114990234,-9.75100040435791
1482900646279,10.484000205993652,-36.702999114990234,-9.75100040435791
1482900646304,10.484000205993652,-36.702999114990234,-9.75100040435791
1482900646318,10.484000205993652,-36.702999114990234,-9.75100040435791
1482900646367,10.484000205993652,-36.702999114990234,-9.75100040435791
1482900646368,10.484000205993652,-36.702999114990234,-9.75100040435791
1482900646378,10.484000205993652,-36.702999114990234,-9.75100040435791
1482900646398,10.484000205993652,-36.702999114990234,-9.75100040435791
1482900646420,10.484000205993652,-36.702999114990234,-9.75100040435791
1482900646440,10.484000205993652,-36.702999114990234,-9.75100040435791
1482900646461,10.484000205993652,-36.702999114990234,-9.75100040435791
1482900646486,10.484000205993652,-36.702999114990234,-9.75100040435791
1482900646500,10.484000205993652,-36.702999114990234,-9.75100040435791
1482900646520,10.484000205993652,-36.702999114990234,-9.75100040435791
1482900646538,10.484000205993652,-36.702999114990234,-9.75100040435791
1482900646560,10.484000205993652,-36.702999114990234,-9.75100040435791
1482900646578,10.484000205993652,-36.702999114990234,-9.75100040435791
1482900646599,10.484000205993652,-36.702999114990234,-9.75100040435791
1482900646619,10.484000205993652,-36.702999114990234,-9.75100040435791
1482900646639,10.484000205993652,-36.702999114990234,-9.75100040435791
1482900646666,10.484000205993652,-36.702999114990234,-9.75100040435791
1482900646678,10.484000205993652,-36.702999114990234,-9.75100040435791
1482900646700,10.484000205993652,-36.702999114990234,-9.75100040435791
1482900646720,10.484000205993652,-36.702999114990234,-9.75100040435791
1482900646740,10.484000205993652,-36.702999114990234,-9.75100040435791
1482900646760,10.484000205993652,-36.702999114990234,-9.75100040435791
1482900646781,10.484000205993652,-36.702999114990234,-9.75100040435791
1482900646800,10.484000205993652,-36.702999114990234,-9.75100040435791
1482900646820,10.484000205993652,-36.702999114990234,-9.75100040435791
1482900646846,10.484000205993652,-36.702999114990234,-9.75100040435791
1482900646858,10.484000205993652,-36.702999114990234,-9.75100040435791
1482900646881,10.484000205993652,-36.702999114990234,-9.75100040435791
1482900646901,10.484000205993652,-36.702999114990234,-9.75100040435791
1482900646921,10.484000205993652,-36.702999114990234,-9.75100040435791
1482900646941,10.484000205993652,-36.702999114990234,-9.75100040435791
1482900646961,10.484000205993652,-36.702999114990234,-9.75100040435791
1482900646981,10.484000205993652,-36.702999114990234,-9.75100040435791
1482900647001,10.484000205993652,-36.702999114990234,-9.75100040435791
1482900647027,10.484000205993652,-36.702999114990234,-9.75100040435791
1482900647041,10.484000205993652,-36.702999114990234,-9.75100040435791
1482900647061,10.484000205993652,-36.702999114990234,-9.75100040435791
1482900647081,10.484000205993652,-36.702999114990234,-9.75100040435791
1482900647101,10.484000205993652,-36.702999114990234,-9.75100040435791
1482900647119,10.484000205993652,-36.702999114990234,-9.75100040435791
1482900647140,10.484000205993652,-36.702999114990234,-9.75100040435791
1482900647161,10.484000205993652,-36.702999114990234,-9.75100040435791
1482900647181,10.484000205993652,-36.702999114990234,-9.75100040435791
1482900647207,10.484000205993652,-36.702999114990234,-9.75100040435791
1482900647221,10.484000205993652,-36.702999114990234,-9.75100040435791
1482900647241,10.484000205993652,-36.702999114990234,-9.75100040435791
1482900647261,10.484000205993652,-36.702999114990234,-9.75100040435791
1482900647281,10.484000205993652,-36.702999114990234,-9.75100040435791
1482900647301,10.484000205993652,-36.702999114990234,-9.75100040435791
1482900647321,10.484000205993652,-36.702999114990234,-9.75100040435791
1482900647341,10.484000205993652,-36.702999114990234,-9.75100040435791
1482900647361,10.484000205993652,-36.702999114990234,-9.75100040435791
1482900647386,10.484000205993652,-36.702999114990234,-9.75100040435791
1482900647400,10.484000205993652,-36.702999114990234,-9.75100040435791
1482900647421,10.484000205993652,-36.702999114990234,-9.75100040435791
1482900647439,10.484000205993652,-36.702999114990234,-9.75100040435791
1482900647458,10.484000205993652,-36.702999114990234,-9.75100040435791
1482900647481,10.484000205993652,-36.702999114990234,-9.75100040435791
1482900647501,10.484000205993652,-36.702999114990234,-9.75100040435791
1482900647521,10.484000205993652,-36.702999114990234,-9.75100040435791
1482900647541,10.484000205993652,-36.702999114990234,-9.75100040435791
1482900647567,10.484000205993652,-36.702999114990234,-9.75100040435791
1482900647581,10.484000205993652,-36.702999114990234,-9.75100040435791
1482900647601,10.484000205993652,-36.702999114990234,-9.75100040435791
1482900647621,10.484000205993652,-36.702999114990234,-9.75100040435791
1482900647640,10.484000205993652,-36.702999114990234,-10.076000213623047
1482900647661,10.484000205993652,-36.702999114990234,-10.076000213623047
1482900647681,10.484000205993652,-36.702999114990234,-10.076000213623047
1482900647701,10.484000205993652,-36.702999114990234,-10.076000213623047
1482900647721,10.484000205993652,-36.702999114990234,-10.076000213623047
1482900647746,10.484000205993652,-36.702999114990234,-10.076000213623047
1482900647761,10.484000205993652,-36.702999114990234,-10.076000213623047
1482900647781,10.484000205993652,-36.702999114990234,-10.076000213623047
1482900647802,10.484000205993652,-36.39799880981445,-10.076000213623047
1482900647820,10.484000205993652,-36.39799880981445,-10.076000213623047
1482900647841,10.484000205993652,-36.39799880981445,-10.076000213623047
1482900647862,10.795000076293945,-36.39799880981445,-10.076000213623047
1482900647881,10.795000076293945,-36.39799880981445,-10.076000213623047
1482900647901,10.795000076293945,-36.39799880981445,-10.076000213623047
1482900647927,10.795000076293945,-36.39799880981445,-10.076000213623047
1482900647941,10.795000076293945,-36.39799880981445,-10.38599967956543
1482900647961,10.795000076293945,-36.39799880981445,-10.38599967956543
1482900647982,10.795000076293945,-36.39799880981445,-10.38599967956543
1482900648001,10.795000076293945,-36.39799880981445,-10.38599967956543
1482900648022,10.795000076293945,-36.39799880981445,-10.38599967956543
1482900648042,10.795000076293945,-36.39799880981445,-10.38599967956543
1482900648061,10.795000076293945,-36.39799880981445,-10.38599967956543
1482900648079,10.795000076293945,-36.39799880981445,-10.38599967956543
1482900648108,10.795000076293945,-36.39799880981445,-10.38599967956543
1482900648119,10.795000076293945,-36.39799880981445,-10.38599967956543
1482900648141,10.795000076293945,-36.39799880981445,-10.38599967956543
1482900648162,10.795000076293945,-36.39799880981445,-10.38599967956543
1482900648179,10.795000076293945,-36.39799880981445,-10.38599967956543
1482900648199,10.795000076293945,-36.39799880981445,-10.38599967956543
1482900648219,10.795000076293945,-36.39799880981445,-10.38599967956543
1482900648239,11.097000122070313,-36.39799880981445,-10.38599967956543
1482900648259,11.097000122070313,-36.39799880981445,-10.38599967956543
1482900648286,11.097000122070313,-36.39799880981445,-10.38599967956543
1482900648302,11.097000122070313,-36.39799880981445,-10.38599967956543
1482900648322,11.097000122070313,-36.39799880981445,-10.38599967956543
1482900648342,11.097000122070313,-36.39799880981445,-10.38599967956543
1482900648362,11.097000122070313,-36.39799880981445,-10.692999839782715
1482900648382,11.097000122070313,-36.39799880981445,-10.692999839782715
1482900648402,11.097000122070313,-36.39799880981445,-10.692999839782715
1482900648422,11.097000122070313,-36.39799880981445,-10.692999839782715
1482900648442,11.097000122070313,-36.39799880981445,-10.692999839782715
1482900648466,11.097000122070313,-36.39799880981445,-10.692999839782715
1482900648479,11.097000122070313,-36.39799880981445,-10.692999839782715
1482900648502,11.097000122070313,-36.39799880981445,-10.692999839782715
1482900648522,11.40999984741211,-36.39799880981445,-10.692999839782715
1482900648542,11.40999984741211,-36.39799880981445,-10.692999839782715
1482900648562,11.40999984741211,-36.39799880981445,-10.692999839782715
1482900648583,11.40999984741211,-36.39799880981445,-10.692999839782715
1482900648602,11.40999984741211,-36.39799880981445,-10.692999839782715
1482900648622,11.40999984741211,-36.39799880981445,-10.692999839782715
1482900648647,11.40999984741211,-36.39799880981445,-10.692999839782715
1482900648662,11.40999984741211,-36.39799880981445,-10.692999839782715
1482900648682,11.40999984741211,-36.39799880981445,-10.692999839782715
1482900648703,11.40999984741211,-36.39799880981445,-10.692999839782715
1482900648722,11.40999984741211,-36.09400177001953,-10.692999839782715
1482900648740,11.40999984741211,-36.09400177001953,-10.692999839782715
1482900648762,11.40999984741211,-36.09400177001953,-10.692999839782715
1482900648782,11.40999984741211,-36.09400177001953,-10.692999839782715
1482900648802,11.40999984741211,-36.09400177001953,-10.692999839782715
1482900648831,11.40999984741211,-36.09400177001953,-10.692999839782715
1482900648842,11.40999984741211,-36.09400177001953,-10.692999839782715
1482900648862,11.40999984741211,-36.09400177001953,-11.003999710083008
1482900648883,11.40999984741211,-36.09400177001953,-11.003999710083008
1482900648902,11.40999984741211,-36.09400177001953,-11.003999710083008
1482900648922,11.40999984741211,-36.09400177001953,-11.003999710083008
1482900648940,11.40999984741211,-36.09400177001953,-11.003999710083008
1482900648962,11.40999984741211,-36.09400177001953,-11.003999710083008
1482900648982,11.40999984741211,-36.09400177001953,-11.003999710083008
1482900649006,11.40999984741211,-36.09400177001953,-11.003999710083008
1482900649022,11.40999984741211,-36.09400177001953,-11.003999710083008
1482900649041,11.40999984741211,-36.09400177001953,-11.003999710083008
1482900649063,11.40999984741211,-36.09400177001953,-11.003999710083008
1482900649082,11.40999984741211,-36.09400177001953,-11.003999710083008
1482900649102,11.40999984741211,-36.09400177001953,-11.305999755859375
1482900649123,11.40999984741211,-36.09400177001953,-11.305999755859375
1482900649155,11.40999984741211,-36.09400177001953,-11.305999755859375
1482900649160,11.40999984741211,-36.09400177001953,-11.305999755859375
1482900649184,11.40999984741211,-36.09400177001953,-11.305999755859375
1482900649200,11.40999984741211,-36.09400177001953,-11.305999755859375
1482900649220,11.40999984741211,-36.09400177001953,-11.305999755859375
1482900649240,11.40999984741211,-36.09400177001953,-11.305999755859375
1482900649260,11.40999984741211,-36.09400177001953,-11.305999755859375
1482900649282,11.40999984741211,-36.09400177001953,-11.305999755859375
1482900649303,11.40999984741211,-36.09400177001953,-11.305999755859375
1482900649323,11.40999984741211,-36.09400177001953,-11.305999755859375
1482900649343,11.40999984741211,-36.09400177001953,-11.305999755859375
1482900649367,11.40999984741211,-36.09400177001953,-11.305999755859375
1482900649380,11.40999984741211,-36.09400177001953,-11.305999755859375
1482900649403,11.40999984741211,-36.09400177001953,-11.305999755859375
1482900649423,11.40999984741211,-36.09400177001953,-11.305999755859375
1482900649443,11.40999984741211,-36.09400177001953,-11.305999755859375
1482900649463,11.40999984741211,-36.09400177001953,-11.305999755859375
1482900649483,11.40999984741211,-36.09400177001953,-11.305999755859375
1482900649503,11.40999984741211,-36.09400177001953,-11.305999755859375
1482900649523,11.40999984741211,-36.09400177001953,-11.305999755859375
1482900649547,11.40999984741211,-36.09400177001953,-11.305999755859375
1482900649561,11.40999984741211,-36.09400177001953,-11.305999755859375
1482900649594,11.40999984741211,-36.09400177001953,-10.968999862670898
1482900649601,11.40999984741211,-36.09400177001953,-10.968999862670898
1482900649620,11.40999984741211,-36.09400177001953,-10.968999862670898
1482900649641,11.40999984741211,-36.09400177001953,-10.968999862670898
1482900649661,11.40999984741211,-36.09400177001953,-10.968999862670898
1482900649683,11.40999984741211,-36.09400177001953,-10.968999862670898
1482900649702,11.40999984741211,-36.09400177001953,-10.968999862670898
1482900649729,11.40999984741211,-36.09400177001953,-10.968999862670898
1482900649743,11.40999984741211,-36.09400177001953,-10.968999862670898
1482900649762,11.40999984741211,-36.09400177001953,-10.968999862670898
1482900649783,11.40999984741211,-36.09400177001953,-10.968999862670898
1482900649803,11.40999984741211,-36.09400177001953,-10.968999862670898
1482900649823,11.40999984741211,-36.09400177001953,-10.968999862670898
1482900649844,11.40999984741211,-36.09400177001953,-10.968999862670898
1482900649863,11.40999984741211,-36.09400177001953,-10.968999862670898
1482900649883,11.40999984741211,-36.09400177001953,-10.968999862670898
1482900649909,11.40999984741211,-36.09400177001953,-10.968999862670898
1482900649923,11.40999984741211,-36.09400177001953,-10.968999862670898
1482900649943,11.40999984741211,-36.09400177001953,-10.968999862670898
1482900649963,11.40999984741211,-36.09400177001953,-10.968999862670898
1482900649983,11.40999984741211,-36.09400177001953,-10.968999862670898
1482900650003,11.40999984741211,-36.09400177001953,-10.968999862670898
1482900650022,11.40999984741211,-36.09400177001953,-10.968999862670898
1482900650044,11.40999984741211,-36.09400177001953,-10.968999862670898
1482900650063,11.40999984741211,-36.09400177001953,-10.968999862670898
1482900650089,11.40999984741211,-36.09400177001953,-10.968999862670898
1482900650101,11.40999984741211,-36.09400177001953,-10.968999862670898
1482900650122,11.40999984741211,-36.09400177001953,-10.968999862670898
1482900650144,11.40999984741211,-36.09400177001953,-10.968999862670898
1482900650163,11.40999984741211,-36.09400177001953,-10.968999862670898
1482900650185,11.40999984741211,-36.09400177001953,-10.968999862670898
1482900650204,11.40999984741211,-36.09400177001953,-10.968999862670898
1482900650224,11.40999984741211,-36.09400177001953,-10.968999862670898
1482900650244,11.40999984741211,-36.09400177001953,-10.968999862670898
1482900650270,11.40999984741211,-36.09400177001953,-10.968999862670898
1482900650284,11.40999984741211,-36.09400177001953,-10.968999862670898
1482900650304,11.40999984741211,-36.09400177001953,-10.968999862670898
1482900650324,11.40999984741211,-36.09400177001953,-10.968999862670898
1482900650344,11.40999984741211,-36.09400177001953,-10.968999862670898
1482900650364,11.40999984741211,-36.09400177001953,-10.968999862670898
1482900650386,11.40999984741211,-36.09400177001953,-10.968999862670898
1482900650404,11.40999984741211,-36.09400177001953,-10.968999862670898
1482900650424,11.40999984741211,-36.09400177001953,-11.27400016784668
1482900650449,11.40999984741211,-36.09400177001953,-11.27400016784668
1482900650467,11.40999984741211,-36.09400177001953,-11.27400016784668
1482900650490,11.40999984741211,-36.09400177001953,-11.27400016784668
1482900650503,11.40999984741211,-36.09400177001953,-11.27400016784668
1482900650524,11.40999984741211,-36.09400177001953,-11.27400016784668
1482900650544,11.40999984741211,-36.09400177001953,-11.27400016784668
1482900650565,11.40999984741211,-36.09400177001953,-11.27400016784668
1482900650584,11.40999984741211,-36.09400177001953,-11.27400016784668
1482900650604,11.40999984741211,-36.09400177001953,-11.27400016784668
1482900650630,11.40999984741211,-36.09400177001953,-11.27400016784668
1482900650644,11.40999984741211,-36.09400177001953,-11.27400016784668
1482900650664,11.40999984741211,-36.09400177001953,-11.27400016784668
1482900650684,11.40999984741211,-36.09400177001953,-11.27400016784668
1482900650704,11.40999984741211,-36.09400177001953,-11.27400016784668
1482900650724,11.40999984741211,-36.09400177001953,-11.27400016784668
1482900650745,11.40999984741211,-36.09400177001953,-11.27400016784668
1482900650764,11.40999984741211,-36.09400177001953,-11.27400016784668
1482900650784,11.40999984741211,-36.09400177001953,-11.27400016784668
1482900650809,11.40999984741211,-36.09400177001953,-11.27400016784668
1482900650824,11.40999984741211,-36.09400177001953,-11.27400016784668
1482900650846,11.40999984741211,-36.09400177001953,-11.27400016784668
1482900650864,11.40999984741211,-36.09400177001953,-11.27400016784668
1482900650884,11.40999984741211,-36.09400177001953,-11.27400016784668
1482900650904,11.40999984741211,-36.09400177001953,-11.27400016784668
1482900650925,11.40999984741211,-36.09400177001953,-11.27400016784668
1482900650945,11.40999984741211,-36.09400177001953,-11.27400016784668
1482900650964,11.40999984741211,-36.09400177001953,-11.27400016784668
1482900650990,11.40999984741211,-36.09400177001953,-11.27400016784668
1482900651004,11.40999984741211,-36.09400177001953,-11.27400016784668
1482900651024,11.40999984741211,-36.09400177001953,-11.27400016784668
1482900651045,11.40999984741211,-36.09400177001953,-11.27400016784668
1482900651064,11.40999984741211,-36.09400177001953,-11.27400016784668
1482900651084,11.40999984741211,-36.09400177001953,-11.27400016784668
1482900651104,11.40999984741211,-36.09400177001953,-11.27400016784668
1482900651124,11.40999984741211,-36.09400177001953,-11.27400016784668
1482900651144,11.40999984741211,-36.09400177001953,-11.27400016784668
1482900651182,11.40999984741211,-36.09400177001953,-11.27400016784668
1482900651182,11.40999984741211,-36.09400177001953,-11.27400016784668
1482900651202,11.40999984741211,-36.09400177001953,-11.27400016784668
1482900651222,11.40999984741211,-36.09400177001953,-11.27400016784668
1482900651241,11.40999984741211,-36.09400177001953,-11.27400016784668
1482900651261,11.40999984741211,-36.09400177001953,-11.27400016784668
1482900651281,11.40999984741211,-36.09400177001953,-11.27400016784668
1482900651302,11.40999984741211,-36.09400177001953,-11.27400016784668
1482900651325,11.40999984741211,-36.09400177001953,-11.27400016784668
1482900651351,11.40999984741211,-36.09400177001953,-11.27400016784668
1482900651365,11.40999984741211,-36.09400177001953,-11.27400016784668
1482900651385,11.40999984741211,-36.09400177001953,-11.27400016784668
1482900651405,11.40999984741211,-36.09400177001953,-11.27400016784668
1482900651425,11.40999984741211,-36.09400177001953,-11.27400016784668
1482900651445,11.40999984741211,-36.09400177001953,-11.27400016784668
1482900651465,11.40999984741211,-35.770999908447266,-11.27400016784668
1482900651485,11.40999984741211,-35.770999908447266,-11.27400016784668
1482900651505,11.40999984741211,-35.770999908447266,-11.27400016784668
1482900651531,11.40999984741211,-35.770999908447266,-11.27400016784668
1482900651544,11.40999984741211,-35.770999908447266,-11.27400016784668
1482900651565,11.40999984741211,-35.770999908447266,-11.27400016784668
1482900651585,11.40999984741211,-35.770999908447266,-11.27400016784668
1482900651605,11.40999984741211,-35.770999908447266,-11.27400016784668
1482900651624,11.40999984741211,-35.770999908447266,-11.27400016784668
1482900651645,11.40999984741211,-35.770999908447266,-11.609999656677246
1482900651665,11.40999984741211,-35.770999908447266,-11.609999656677246
1482900651685,11.40999984741211,-35.770999908447266,-11.609999656677246
1482900651711,11.40999984741211,-35.770999908447266,-11.609999656677246
1482900651725,11.40999984741211,-35.770999908447266,-11.609999656677246
1482900651745,11.40999984741211,-35.770999908447266,-11.609999656677246
1482900651765,11.40999984741211,-35.770999908447266,-11.609999656677246
1482900651785,11.40999984741211,-35.770999908447266,-11.609999656677246
1482900651805,11.40999984741211,-35.770999908447266,-11.609999656677246
1482900651825,11.40999984741211,-35.770999908447266,-11.609999656677246
1482900651846,11.40999984741211,-35.770999908447266,-11.609999656677246
1482900651865,11.40999984741211,-35.770999908447266,-11.609999656677246
1482900651891,11.40999984741211,-35.770999908447266,-11.609999656677246
1482900651905,11.40999984741211,-35.770999908447266,-11.609999656677246
1482900651925,11.40999984741211,-35.770999908447266,-11.609999656677246
1482900651946,11.40999984741211,-35.770999908447266,-11.609999656677246
1482900651965,11.40999984741211,-35.770999908447266,-11.609999656677246
1482900651985,11.40999984741211,-35.770999908447266,-11.609999656677246
1482900652006,11.40999984741211,-35.770999908447266,-11.609999656677246
1482900652025,11.40999984741211,-35.770999908447266,-11.609999656677246
1482900652045,11.40999984741211,-35.770999908447266,-11.609999656677246
1482900652071,11.40999984741211,-35.770999908447266,-11.609999656677246
1482900652085,11.40999984741211,-35.770999908447266,-11.609999656677246
1482900652105,11.40999984741211,-35.770999908447266,-11.609999656677246
1482900652126,11.40999984741211,-35.770999908447266,-11.609999656677246
1482900652145,11.40999984741211,-35.770999908447266,-11.609999656677246
1482900652165,11.40999984741211,-35.770999908447266,-11.609999656677246
1482900652183,11.40999984741211,-35.770999908447266,-11.609999656677246
1482900652204,11.40999984741211,-35.770999908447266,-11.609999656677246
1482900652226,11.40999984741211,-35.770999908447266,-11.609999656677246
1482900652251,11.40999984741211,-35.770999908447266,-11.609999656677246
1482900652266,11.40999984741211,-35.770999908447266,-11.609999656677246
1482900652286,11.40999984741211,-35.770999908447266,-11.609999656677246
1482900652306,11.40999984741211,-35.770999908447266,-11.609999656677246
1482900652326,11.40999984741211,-35.770999908447266,-11.609999656677246
1482900652346,11.40999984741211,-35.770999908447266,-11.609999656677246
1482900652366,11.40999984741211,-35.770999908447266,-11.609999656677246
1482900652386,11.40999984741211,-35.770999908447266,-11.609999656677246
1482900652405,11.40999984741211,-35.770999908447266,-11.609999656677246
1482900652432,11.40999984741211,-35.770999908447266,-11.609999656677246
1482900652446,11.40999984741211,-35.770999908447266,-11.609999656677246
1482900652466,11.40999984741211,-35.770999908447266,-11.609999656677246
1482900652487,11.40999984741211,-35.770999908447266,-11.609999656677246
1482900652506,11.40999984741211,-35.770999908447266,-11.609999656677246
1482900652526,11.40999984741211,-35.770999908447266,-11.609999656677246
1482900652546,11.40999984741211,-35.770999908447266,-11.609999656677246
1482900652566,11.40999984741211,-35.770999908447266,-11.609999656677246
1482900652586,11.40999984741211,-35.770999908447266,-11.609999656677246
1482900652612,11.40999984741211,-35.770999908447266,-11.609999656677246
1482900652626,11.40999984741211,-35.770999908447266,-11.609999656677246
1482900652646,11.40999984741211,-35.770999908447266,-11.609999656677246
1482900652666,11.40999984741211,-35.770999908447266,-11.609999656677246
1482900652686,11.40999984741211,-35.770999908447266,-11.609999656677246
1482900652705,11.40999984741211,-35.770999908447266,-11.609999656677246
1482900652727,11.40999984741211,-35.770999908447266,-11.609999656677246
1482900652746,11.40999984741211,-35.770999908447266,-11.609999656677246
1482900652766,11.40999984741211,-35.770999908447266,-11.609999656677246
1482900652792,11.40999984741211,-35.770999908447266,-11.609999656677246
1482900652806,11.40999984741211,-35.770999908447266,-11.609999656677246
1482900652826,11.40999984741211,-35.770999908447266,-11.609999656677246
1482900652846,11.40999984741211,-35.770999908447266,-11.609999656677246
1482900652865,11.732000350952148,-35.770999908447266,-11.609999656677246
1482900652886,11.732000350952148,-35.770999908447266,-11.609999656677246
1482900652906,11.732000350952148,-35.770999908447266,-11.609999656677246
1482900652926,11.732000350952148,-35.770999908447266,-11.609999656677246
1482900652946,11.732000350952148,-35.770999908447266,-11.609999656677246
1482900652972,11.732000350952148,-35.770999908447266,-11.609999656677246
1482900652986,11.732000350952148,-35.770999908447266,-11.609999656677246
1482900653006,11.732000350952148,-35.770999908447266,-11.609999656677246
1482900653027,11.732000350952148,-35.770999908447266,-11.609999656677246
1482900653046,11.732000350952148,-35.770999908447266,-11.609999656677246
1482900653066,11.732000350952148,-35.770999908447266,-11.609999656677246
1482900653087,11.732000350952148,-35.770999908447266,-11.609999656677246
1482900653106,11.732000350952148,-35.770999908447266,-11.609999656677246
1482900653126,11.732000350952148,-35.770999908447266,-11.609999656677246
1482900653152,11.732000350952148,-35.770999908447266,-11.609999656677246
1482900653166,11.732000350952148,-35.770999908447266,-11.609999656677246
1482900653188,11.732000350952148,-35.770999908447266,-11.609999656677246
1482900653207,11.732000350952148,-35.770999908447266,-11.609999656677246
1482900653226,11.732000350952148,-35.770999908447266,-11.609999656677246
1482900653246,11.732000350952148,-35.770999908447266,-11.609999656677246
1482900653267,11.732000350952148,-35.770999908447266,-11.609999656677246
1482900653286,11.732000350952148,-35.770999908447266,-11.609999656677246
1482900653306,11.732000350952148,-35.770999908447266,-11.609999656677246
1482900653332,11.732000350952148,-35.770999908447266,-11.609999656677246
1482900653347,11.732000350952148,-35.770999908447266,-11.609999656677246
1482900653367,11.732000350952148,-35.770999908447266,-11.609999656677246
1482900653387,11.732000350952148,-35.770999908447266,-11.609999656677246
1482900653405,11.732000350952148,-35.770999908447266,-11.609999656677246
1482900653427,11.732000350952148,-35.770999908447266,-11.609999656677246
1482900653447,11.732000350952148,-35.770999908447266,-11.609999656677246
1482900653467,11.732000350952148,-35.770999908447266,-11.609999656677246
1482900653487,11.732000350952148,-35.770999908447266,-11.609999656677246
1482900653517,11.732000350952148,-35.770999908447266,-11.609999656677246
1482900653533,11.732000350952148,-35.770999908447266,-11.609999656677246
1482900653546,11.732000350952148,-35.770999908447266,-11.609999656677246
1482900653567,11.732000350952148,-35.770999908447266,-11.609999656677246
1482900653587,11.732000350952148,-35.770999908447266,-11.609999656677246
1482900653606,11.732000350952148,-35.770999908447266,-11.609999656677246
1482900653627,11.732000350952148,-35.770999908447266,-11.609999656677246
1482900653647,11.732000350952148,-35.770999908447266,-11.609999656677246
1482900653667,11.732000350952148,-35.770999908447266,-11.609999656677246
1482900653693,11.732000350952148,-35.770999908447266,-11.609999656677246
1482900653706,11.732000350952148,-35.770999908447266,-11.609999656677246
1482900653727,11.732000350952148,-35.770999908447266,-11.609999656677246
1482900653751,11.732000350952148,-35.770999908447266,-11.609999656677246
1482900653765,11.732000350952148,-35.770999908447266,-11.609999656677246
1482900653787,11.732000350952148,-35.770999908447266,-11.609999656677246
1482900653807,11.732000350952148,-35.770999908447266,-11.609999656677246
1482900653827,11.732000350952148,-35.770999908447266,-11.609999656677246
1482900653845,11.732000350952148,-35.770999908447266,-11.609999656677246
1482900653873,11.732000350952148,-35.770999908447266,-11.609999656677246
1482900653887,11.732000350952148,-35.770999908447266,-11.609999656677246
1482900653907,11.732000350952148,-35.770999908447266,-11.609999656677246
1482900653927,11.732000350952148,-35.770999908447266,-11.609999656677246
1482900653953,11.732000350952148,-35.770999908447266,-11.609999656677246
1482900653966,11.732000350952148,-35.770999908447266,-11.609999656677246
1482900653987,11.732000350952148,-35.770999908447266,-11.609999656677246
1482900654008,11.732000350952148,-35.770999908447266,-11.609999656677246
1482900654025,11.732000350952148,-35.770999908447266,-11.609999656677246
1482900654049,11.732000350952148,-35.770999908447266,-11.609999656677246
1482900654066,11.732000350952148,-35.770999908447266,-11.609999656677246
1482900654085,11.732000350952148,-35.770999908447266,-11.609999656677246
1482900654105,11.732000350952148,-35.770999908447266,-11.609999656677246
1482900654125,11.732000350952148,-35.770999908447266,-11.609999656677246
1482900654146,11.732000350952148,-35.770999908447266,-11.609999656677246
1482900654165,11.732000350952148,-35.770999908447266,-11.609999656677246
1482900654185,11.732000350952148,-35.770999908447266,-11.609999656677246
1482900654207,11.732000350952148,-35.770999908447266,-11.609999656677246
1482900654228,11.732000350952148,-35.770999908447266,-11.609999656677246
1482900654244,11.732000350952148,-35.770999908447266,-11.609999656677246
1482900654264,11.732000350952148,-35.770999908447266,-11.609999656677246
1482900654285,11.732000350952148,-35.770999908447266,-11.609999656677246
1482900654305,11.732000350952148,-35.770999908447266,-11.609999656677246
1482900654325,11.732000350952148,-35.770999908447266,-11.609999656677246
1482900654345,11.732000350952148,-35.770999908447266,-11.609999656677246
1482900654365,11.732000350952148,-35.770999908447266,-11.609999656677246
1482900654385,11.732000350952148,-35.770999908447266,-11.609999656677246
1482900654409,11.732000350952148,-35.770999908447266,-11.609999656677246
1482900654425,11.427000045776367,-35.770999908447266,-11.609999656677246
1482900654445,11.427000045776367,-35.770999908447266,-11.609999656677246
1482900654465,11.427000045776367,-35.770999908447266,-11.609999656677246
1482900654485,11.427000045776367,-35.770999908447266,-11.609999656677246
1482900654506,11.427000045776367,-35.770999908447266,-11.609999656677246
1482900654525,11.427000045776367,-35.770999908447266,-11.609999656677246
1482900654545,11.427000045776367,-35.770999908447266,-11.609999656677246
1482900654565,11.427000045776367,-35.770999908447266,-11.609999656677246
1482900654590,11.427000045776367,-35.770999908447266,-11.609999656677246
1482900654606,11.427000045776367,-35.770999908447266,-11.609999656677246
1482900654625,11.427000045776367,-35.770999908447266,-11.609999656677246
1482900654685,11.427000045776367,-35.770999908447266,-11.609999656677246
1482900654685,11.427000045776367,-35.770999908447266,-11.609999656677246
1482900654686,11.427000045776367,-35.770999908447266,-11.609999656677246
1482900654706,11.427000045776367,-35.770999908447266,-11.609999656677246
1482900654724,11.427000045776367,-35.770999908447266,-11.609999656677246
1482900654744,11.427000045776367,-35.770999908447266,-11.609999656677246
1482900654769,11.427000045776367,-35.770999908447266,-11.609999656677246
1482900654788,11.427000045776367,-35.770999908447266,-11.609999656677246
1482900654805,11.427000045776367,-35.770999908447266,-11.609999656677246
1482900654826,11.427000045776367,-35.770999908447266,-11.609999656677246
1482900654847,11.427000045776367,-35.770999908447266,-11.609999656677246
1482900654866,11.427000045776367,-35.770999908447266,-11.609999656677246
1482900654886,11.427000045776367,-35.770999908447266,-11.609999656677246
1482900654905,11.427000045776367,-35.770999908447266,-11.609999656677246
1482900654925,11.427000045776367,-35.770999908447266,-11.609999656677246
1482900654950,11.427000045776367,-35.770999908447266,-11.609999656677246
1482900654966,11.427000045776367,-35.770999908447266,-11.609999656677246
1482900654986,11.427000045776367,-35.770999908447266,-11.609999656677246
1482900655006,11.427000045776367,-35.770999908447266,-11.609999656677246
1482900655026,11.427000045776367,-35.770999908447266,-11.609999656677246
1482900655046,11.427000045776367,-35.770999908447266,-11.609999656677246
1482900655066,11.427000045776367,-35.770999908447266,-11.609999656677246
1482900655085,11.427000045776367,-35.770999908447266,-11.609999656677246
1482900655106,11.427000045776367,-35.770999908447266,-11.609999656677246
1482900655130,11.427000045776367,-35.770999908447266,-11.609999656677246
1482900655146,11.427000045776367,-35.770999908447266,-11.609999656677246
1482900655167,11.427000045776367,-35.770999908447266,-11.609999656677246
1482900655186,11.427000045776367,-35.770999908447266,-11.609999656677246
1482900655206,11.427000045776367,-35.770999908447266,-11.609999656677246
1482900655225,11.427000045776367,-35.770999908447266,-11.609999656677246
1482900655246,11.427000045776367,-35.770999908447266,-11.609999656677246
1482900655266,11.427000045776367,-35.770999908447266,-11.609999656677246
1482900655285,11.427000045776367,-35.770999908447266,-11.609999656677246
1482900655310,11.427000045776367,-35.770999908447266,-11.609999656677246
1482900655325,11.427000045776367,-35.770999908447266,-11.609999656677246
1482900655345,11.427000045776367,-35.770999908447266,-11.609999656677246
1482900655366,11.427000045776367,-35.770999908447266,-11.609999656677246
1482900655386,11.427000045776367,-35.770999908447266,-11.609999656677246
1482900655406,11.427000045776367,-35.770999908447266,-11.609999656677246
1482900655426,11.427000045776367,-35.770999908447266,-11.609999656677246
1482900655446,11.427000045776367,-35.770999908447266,-11.609999656677246
1482900655466,11.427000045776367,-35.770999908447266,-11.609999656677246
1482900655492,11.427000045776367,-35.770999908447266,-11.609999656677246
1482900655506,11.427000045776367,-35.770999908447266,-11.609999656677246
1482900655526,11.427000045776367,-35.770999908447266,-11.609999656677246
1482900655546,11.427000045776367,-35.770999908447266,-11.609999656677246
1482900655566,11.427000045776367,-35.770999908447266,-11.609999656677246
1482900655586,11.427000045776367,-35.770999908447266,-11.609999656677246
1482900655606,11.427000045776367,-35.770999908447266,-11.609999656677246
1482900655626,11.427000045776367,-35.770999908447266,-11.609999656677246
1482900655646,11.427000045776367,-35.770999908447266,-11.609999656677246
1482900655670,11.427000045776367,-35.770999908447266,-11.609999656677246
1482900655687,11.427000045776367,-35.770999908447266,-11.609999656677246
1482900655706,11.427000045776367,-35.770999908447266,-11.609999656677246
1482900655727,11.427000045776367,-35.770999908447266,-11.609999656677246
1482900655746,11.427000045776367,-35.770999908447266,-11.609999656677246
1482900655766,11.427000045776367,-35.770999908447266,-11.609999656677246
1482900655787,11.427000045776367,-35.770999908447266,-11.609999656677246
1482900655806,11.427000045776367,-35.770999908447266,-11.609999656677246
1482900655826,11.427000045776367,-35.770999908447266,-11.609999656677246
1482900655851,11.427000045776367,-35.770999908447266,-11.609999656677246
1482900655866,11.427000045776367,-35.770999908447266,-11.609999656677246
1482900655886,11.427000045776367,-35.770999908447266,-11.609999656677246
1482900655906,11.427000045776367,-35.770999908447266,-11.609999656677246
1482900655926,11.427000045776367,-35.770999908447266,-11.609999656677246
1482900655946,11.427000045776367,-35.770999908447266,-11.609999656677246
1482900655966,11.427000045776367,-35.770999908447266,-11.609999656677246
1482900655986,11.111000061035156,-35.770999908447266,-11.609999656677246
1482900656007,11.111000061035156,-35.770999908447266,-11.609999656677246
1482900656030,11.111000061035156,-35.770999908447266,-11.28600025177002
1482900656046,11.111000061035156,-35.770999908447266,-11.28600025177002
1482900656066,11.111000061035156,-35.770999908447266,-11.28600025177002
1482900656087,11.111000061035156,-35.770999908447266,-11.28600025177002
1482900656107,11.111000061035156,-35.770999908447266,-11.28600025177002
1482900656126,11.111000061035156,-35.770999908447266,-11.28600025177002
1482900656147,11.111000061035156,-35.770999908447266,-11.28600025177002
1482900656167,11.111000061035156,-35.770999908447266,-11.28600025177002
1482900656186,11.111000061035156,-35.770999908447266,-11.28600025177002
1482900656217,11.111000061035156,-35.770999908447266,-11.28600025177002
1482900656226,11.111000061035156,-35.770999908447266,-11.28600025177002
1482900656247,11.111000061035156,-35.770999908447266,-11.28600025177002
1482900656268,11.111000061035156,-35.770999908447266,-11.28600025177002
1482900656287,11.111000061035156,-35.770999908447266,-11.28600025177002
1482900656307,11.111000061035156,-35.770999908447266,-11.28600025177002
1482900656327,11.111000061035156,-35.770999908447266,-11.28600025177002
1482900656368,11.111000061035156,-35.770999908447266,-11.28600025177002
1482900656368,11.111000061035156,-35.770999908447266,-11.28600025177002
1482900656391,11.111000061035156,-35.770999908447266,-11.28600025177002
1482900656412,11.111000061035156,-35.770999908447266,-11.28600025177002
1482900656428,11.111000061035156,-35.770999908447266,-11.28600025177002
1482900656447,11.111000061035156,-35.770999908447266,-11.28600025177002
1482900656467,11.111000061035156,-35.770999908447266,-11.28600025177002
1482900656487,11.111000061035156,-36.08000183105469,-11.28600025177002
1482900656514,11.111000061035156,-36.08000183105469,-11.28600025177002
1482900656526,11.111000061035156,-36.08000183105469,-11.28600025177002
1482900656547,11.111000061035156,-36.08000183105469,-11.28600025177002
1482900656572,11.111000061035156,-36.08000183105469,-11.28600025177002
1482900656587,11.111000061035156,-36.08000183105469,-11.28600025177002
1482900656607,11.111000061035156,-36.08000183105469,-11.28600025177002
1482900656627,11.111000061035156,-36.08000183105469,-11.28600025177002
1482900656647,11.111000061035156,-36.08000183105469,-11.28600025177002
1482900656668,11.111000061035156,-36.08000183105469,-11.28600025177002
1482900656687,11.111000061035156,-36.08000183105469,-11.28600025177002
1482900656707,11.111000061035156,-36.08000183105469,-10.982999801635742
1482900656729,11.111000061035156,-36.08000183105469,-10.982999801635742
1482900656752,11.111000061035156,-36.08000183105469,-10.982999801635742
1482900656767,11.111000061035156,-36.08000183105469,-10.982999801635742
1482900656787,11.111000061035156,-36.08000183105469,-10.982999801635742
1482900656808,11.111000061035156,-36.08000183105469,-10.982999801635742
1482900656827,11.111000061035156,-36.08000183105469,-10.982999801635742
1482900656847,11.111000061035156,-36.08000183105469,-10.982999801635742
1482900656868,11.111000061035156,-36.08000183105469,-10.982999801635742
1482900656887,11.111000061035156,-36.08000183105469,-10.982999801635742
1482900656907,11.111000061035156,-36.08000183105469,-10.982999801635742
1482900656932,11.111000061035156,-36.08000183105469,-10.982999801635742
1482900656947,11.111000061035156,-36.08000183105469,-10.982999801635742
1482900656967,11.111000061035156,-36.08000183105469,-10.982999801635742
1482900656988,11.111000061035156,-36.08000183105469,-10.982999801635742
1482900657007,11.111000061035156,-36.08000183105469,-10.982999801635742
1482900657027,11.111000061035156,-36.08000183105469,-10.982999801635742
1482900657049,11.111000061035156,-36.08000183105469,-10.982999801635742
1482900657067,11.111000061035156,-36.08000183105469,-10.982999801635742
1482900657087,11.111000061035156,-36.08000183105469,-10.982999801635742
1482900657113,11.111000061035156,-36.08000183105469,-10.982999801635742
1482900657127,11.111000061035156,-36.08000183105469,-10.982999801635742
1482900657149,11.111000061035156,-36.08000183105469,-10.982999801635742
1482900657167,11.111000061035156,-36.08000183105469,-10.982999801635742
1482900657188,11.111000061035156,-36.08000183105469,-10.982999801635742
1482900657207,11.111000061035156,-36.08000183105469,-10.982999801635742
1482900657228,11.111000061035156,-36.08000183105469,-10.982999801635742
1482900657253,11.111000061035156,-36.08000183105469,-10.982999801635742
1482900657268,11.111000061035156,-36.08000183105469,-10.982999801635742
1482900657292,11.111000061035156,-36.08000183105469,-10.982999801635742
1482900657308,11.111000061035156,-36.08000183105469,-10.982999801635742
1482900657328,11.111000061035156,-36.08000183105469,-10.982999801635742
1482900657349,11.111000061035156,-36.08000183105469,-10.982999801635742
1482900657368,11.111000061035156,-36.08000183105469,-10.982999801635742
1482900657388,11.111000061035156,-36.08000183105469,-10.982999801635742
1482900657410,11.111000061035156,-36.08000183105469,-10.982999801635742
1482900657428,11.111000061035156,-36.08000183105469,-10.982999801635742
1482900657450,11.111000061035156,-36.08000183105469,-10.982999801635742
1482900657476,11.111000061035156,-36.08000183105469,-10.982999801635742
1482900657490,11.111000061035156,-36.08000183105469,-10.982999801635742
1482900657510,11.111000061035156,-36.08000183105469,-10.982999801635742
1482900657530,11.111000061035156,-36.08000183105469,-10.982999801635742
1482900657550,11.111000061035156,-36.08000183105469,-10.982999801635742
1482900657570,11.111000061035156,-36.08000183105469,-10.982999801635742
1482900657615,11.111000061035156,-36.08000183105469,-10.982999801635742
1482900657615,11.111000061035156,-36.08000183105469,-10.982999801635742
1482900657628,11.111000061035156,-36.08000183105469,-10.982999801635742
1482900657651,11.111000061035156,-36.08000183105469,-10.982999801635742
1482900657676,11.111000061035156,-36.08000183105469,-10.982999801635742
1482900657687,11.111000061035156,-36.08000183105469,-10.982999801635742
1482900657709,11.111000061035156,-36.08000183105469,-10.982999801635742
1482900657727,11.111000061035156,-36.08000183105469,-10.982999801635742
1482900657749,11.111000061035156,-36.08000183105469,-10.982999801635742
1482900657768,11.111000061035156,-36.08000183105469,-10.982999801635742
1482900657787,11.111000061035156,-36.08000183105469,-10.982999801635742
1482900657807,11.111000061035156,-36.08000183105469,-10.982999801635742
1482900657830,11.111000061035156,-36.08000183105469,-10.982999801635742
1482900657847,11.111000061035156,-36.08000183105469,-10.982999801635742
1482900657867,11.111000061035156,-36.08000183105469,-10.982999801635742
1482900657888,11.111000061035156,-36.08000183105469,-10.982999801635742
1482900657907,11.111000061035156,-36.08000183105469,-10.982999801635742
1482900657927,11.111000061035156,-36.08000183105469,-10.982999801635742
1482900657948,11.111000061035156,-36.08000183105469,-10.982999801635742
1482900657967,11.111000061035156,-36.08000183105469,-10.982999801635742
1482900657987,11.111000061035156,-36.08000183105469,-10.982999801635742
1482900658015,11.111000061035156,-36.08000183105469,-10.982999801635742
1482900658030,11.111000061035156,-36.08000183105469,-10.982999801635742
1482900658048,11.111000061035156,-36.08000183105469,-10.982999801635742
1482900658070,11.111000061035156,-36.08000183105469,-10.982999801635742
1482900658090,11.111000061035156,-36.08000183105469,-10.982999801635742
1482900658110,11.111000061035156,-36.08000183105469,-10.982999801635742
1482900658131,11.111000061035156,-36.08000183105469,-10.982999801635742
1482900658150,11.111000061035156,-36.08000183105469,-10.982999801635742
1482900658170,11.111000061035156,-36.08000183105469,-11.293999671936035
1482900658197,11.111000061035156,-36.08000183105469,-11.293999671936035
1482900658211,11.111000061035156,-36.08000183105469,-11.293999671936035
1482900658231,11.111000061035156,-36.08000183105469,-11.293999671936035
1482900658255,11.111000061035156,-36.08000183105469,-11.293999671936035
1482900658269,11.111000061035156,-36.08000183105469,-11.293999671936035
1482900658288,11.111000061035156,-36.08000183105469,-11.293999671936035
1482900658308,11.111000061035156,-36.08000183105469,-11.293999671936035
1482900658328,11.418000221252441,-36.08000183105469,-11.293999671936035
1482900658348,11.418000221252441,-36.08000183105469,-11.293999671936035
1482900658372,11.418000221252441,-36.08000183105469,-11.293999671936035
1482900658388,11.418000221252441,-36.08000183105469,-11.293999671936035
1482900658411,11.418000221252441,-36.08000183105469,-11.293999671936035
1482900658433,11.418000221252441,-36.08000183105469,-11.293999671936035
1482900658451,11.418000221252441,-36.08000183105469,-11.293999671936035
1482900658471,11.418000221252441,-36.08000183105469,-11.293999671936035
1482900658491,11.418000221252441,-36.08000183105469,-11.293999671936035
1482900658511,11.418000221252441,-36.08000183105469,-11.293999671936035
1482900658531,11.418000221252441,-36.08000183105469,-11.293999671936035
1482900658558,11.418000221252441,-36.08000183105469,-11.293999671936035
1482900658570,11.418000221252441,-36.08000183105469,-11.293999671936035
1482900658591,11.418000221252441,-36.08000183105469,-11.293999671936035
1482900658611,11.418000221252441,-36.08000183105469,-11.293999671936035
1482900658631,11.418000221252441,-36.08000183105469,-11.293999671936035
1482900658651,11.418000221252441,-36.08000183105469,-11.293999671936035
1482900658671,11.418000221252441,-36.08000183105469,-11.293999671936035
1482900658691,11.418000221252441,-36.08000183105469,-11.293999671936035
1482900658711,11.418000221252441,-36.08000183105469,-11.293999671936035
1482900658736,11.418000221252441,-36.08000183105469,-11.293999671936035
1482900658751,11.418000221252441,-36.08000183105469,-11.293999671936035
1482900658771,11.418000221252441,-36.08000183105469,-11.293999671936035
1482900658792,11.418000221252441,-36.08000183105469,-11.293999671936035
1482900658811,11.418000221252441,-36.08000183105469,-11.293999671936035
1482900658831,11.418000221252441,-36.08000183105469,-11.293999671936035
1482900658852,11.418000221252441,-36.08000183105469,-11.293999671936035
1482900658871,11.418000221252441,-36.08000183105469,-11.293999671936035
1482900658892,11.418000221252441,-36.08000183105469,-11.293999671936035
1482900658918,11.418000221252441,-36.08000183105469,-11.293999671936035
1482900658932,11.418000221252441,-36.08000183105469,-11.293999671936035
1482900658952,11.418000221252441,-36.08000183105469,-11.293999671936035
1482900658969,11.418000221252441,-36.08000183105469,-11.293999671936035
1482900658990,11.418000221252441,-36.08000183105469,-11.293999671936035
1482900659014,11.418000221252441,-36.08000183105469,-11.293999671936035
1482900659029,11.418000221252441,-36.08000183105469,-11.293999671936035
1482900659049,11.418000221252441,-36.08000183105469,-11.293999671936035
1482900659069,11.418000221252441,-36.08000183105469,-11.293999671936035
1482900659092,11.418000221252441,-36.08000183105469,-11.293999671936035
1482900659114,11.418000221252441,-36.08000183105469,-11.293999671936035
1482900659133,11.418000221252441,-36.08000183105469,-11.293999671936035
1482900659154,11.418000221252441,-36.08000183105469,-11.293999671936035
1482900659173,11.418000221252441,-36.08000183105469,-11.293999671936035
1482900659193,11.418000221252441,-36.08000183105469,-11.293999671936035
1482900659214,11.418000221252441,-36.08000183105469,-11.293999671936035
1482900659233,11.418000221252441,-36.08000183105469,-11.293999671936035
1482900659249,11.418000221252441,-36.08000183105469,-11.293999671936035
1482900659290,11.418000221252441,-36.08000183105469,-11.293999671936035
1482900659291,11.418000221252441,-36.08000183105469,-11.293999671936035
1482900659309,11.418000221252441,-36.08000183105469,-11.293999671936035
1482900659330,11.418000221252441,-36.08000183105469,-11.293999671936035
1482900659349,11.418000221252441,-36.08000183105469,-11.293999671936035
1482900659370,11.418000221252441,-36.08000183105469,-11.293999671936035
1482900659389,11.418000221252441,-36.08000183105469,-11.293999671936035
1482900659409,11.418000221252441,-36.08000183105469,-11.293999671936035
1482900659431,11.418000221252441,-36.08000183105469,-11.293999671936035
1482900659455,11.418000221252441,-36.08000183105469,-11.293999671936035
1482900659472,11.418000221252441,-36.08000183105469,-11.293999671936035
1482900659492,11.418000221252441,-36.08000183105469,-11.293999671936035
1482900659512,11.418000221252441,-36.08000183105469,-11.293999671936035
1482900659532,11.418000221252441,-36.08000183105469,-11.618000030517578
1482900659563,11.418000221252441,-36.08000183105469,-11.618000030517578
1482900659570,11.418000221252441,-36.08000183105469,-11.618000030517578
1482900659591,11.418000221252441,-36.08000183105469,-11.618000030517578
1482900659611,11.418000221252441,-36.08000183105469,-11.618000030517578
1482900659655,11.418000221252441,-36.08000183105469,-11.618000030517578
1482900659655,11.418000221252441,-36.08000183105469,-11.618000030517578
1482900659670,11.418000221252441,-36.08000183105469,-11.618000030517578
1482900659690,11.418000221252441,-36.08000183105469,-11.618000030517578
1482900659714,11.418000221252441,-36.08000183105469,-11.618000030517578
1482900659735,11.418000221252441,-36.08000183105469,-11.618000030517578
1482900659752,11.418000221252441,-36.08000183105469,-11.618000030517578
1482900659772,11.418000221252441,-36.08000183105469,-11.618000030517578
1482900659792,11.418000221252441,-36.08000183105469,-11.618000030517578
1482900659818,11.418000221252441,-36.08000183105469,-11.618000030517578
1482900659832,11.418000221252441,-36.08000183105469,-11.618000030517578
1482900659852,11.418000221252441,-36.08000183105469,-11.618000030517578
1482900659872,11.418000221252441,-36.08000183105469,-11.618000030517578
1482900659892,11.418000221252441,-36.08000183105469,-11.618000030517578
1482900659912,11.418000221252441,-36.08000183105469,-11.618000030517578
1482900659933,11.418000221252441,-36.08000183105469,-11.618000030517578
1482900659950,11.418000221252441,-36.08000183105469,-11.618000030517578
1482900659973,11.418000221252441,-36.08000183105469,-11.618000030517578
1482900659998,11.418000221252441,-36.08000183105469,-11.618000030517578
1482900660025,11.418000221252441,-36.08000183105469,-11.618000030517578
1482900660030,11.418000221252441,-36.08000183105469,-11.618000030517578
1482900660050,11.418000221252441,-36.08000183105469,-11.618000030517578
1482900660070,11.418000221252441,-36.08000183105469,-11.618000030517578
1482900660090,11.418000221252441,-36.08000183105469,-11.618000030517578
1482900660110,11.418000221252441,-36.08000183105469,-11.618000030517578
1482900660129,11.418000221252441,-36.08000183105469,-11.618000030517578
1482900660149,11.418000221252441,-36.08000183105469,-11.618000030517578
1482900660175,11.418000221252441,-36.08000183105469,-11.618000030517578
1482900660193,11.418000221252441,-36.08000183105469,-11.618000030517578
1482900660214,11.418000221252441,-36.08000183105469,-11.618000030517578
1482900660232,11.418000221252441,-36.08000183105469,-11.618000030517578
1482900660253,11.418000221252441,-36.08000183105469,-11.618000030517578
1482900660273,11.418000221252441,-36.08000183105469,-11.618000030517578
1482900660293,11.418000221252441,-36.08000183105469,-11.618000030517578
1482900660311,11.418000221252441,-36.08000183105469,-11.618000030517578
1482900660333,11.418000221252441,-36.08000183105469,-11.618000030517578
1482900660359,11.418000221252441,-36.08000183105469,-11.618000030517578
1482900660373,11.418000221252441,-36.08000183105469,-11.618000030517578
1482900660393,11.418000221252441,-36.08000183105469,-11.618000030517578
1482900660413,11.418000221252441,-36.08000183105469,-11.618000030517578
1482900660433,11.418000221252441,-36.08000183105469,-11.618000030517578
1482900660453,11.418000221252441,-36.08000183105469,-11.618000030517578
1482900660473,11.418000221252441,-36.08000183105469,-11.618000030517578
1482900660493,11.418000221252441,-36.08000183105469,-11.618000030517578
1482900660513,11.418000221252441,-36.08000183105469,-11.618000030517578
1482900660539,11.418000221252441,-36.08000183105469,-11.618000030517578
1482900660553,11.418000221252441,-36.08000183105469,-11.618000030517578
1482900660573,11.418000221252441,-36.08000183105469,-11.618000030517578
1482900660594,11.418000221252441,-36.08000183105469,-11.618000030517578
1482900660611,11.418000221252441,-36.08000183105469,-11.618000030517578
1482900660633,11.418000221252441,-36.08000183105469,-11.618000030517578
1482900660653,11.418000221252441,-36.08000183105469,-11.618000030517578
1482900660673,11.418000221252441,-36.08000183105469,-11.618000030517578
1482900660693,11.418000221252441,-36.08000183105469,-11.618000030517578
1482900660719,11.418000221252441,-36.08000183105469,-11.618000030517578
1482900660733,11.418000221252441,-36.08000183105469,-11.618000030517578
1482900660753,11.418000221252441,-36.08000183105469,-11.618000030517578
1482900660773,11.418000221252441,-36.08000183105469,-11.618000030517578
1482900660793,11.418000221252441,-36.08000183105469,-11.618000030517578
1482900660813,11.418000221252441,-36.08000183105469,-11.618000030517578
1482900660834,11.418000221252441,-36.08000183105469,-11.618000030517578
1482900660853,11.418000221252441,-36.08000183105469,-11.618000030517578
1482900660873,11.418000221252441,-36.08000183105469,-11.618000030517578
1482900660896,11.418000221252441,-36.08000183105469,-11.618000030517578
1482900660913,11.418000221252441,-36.08000183105469,-11.618000030517578
1482900660933,11.418000221252441,-36.08000183105469,-11.618000030517578
1482900660954,11.418000221252441,-36.08000183105469,-11.618000030517578
1482900660974,11.418000221252441,-36.08000183105469,-11.618000030517578
1482900660994,11.418000221252441,-36.08000183105469,-11.618000030517578
1482900661014,11.418000221252441,-36.08000183105469,-11.618000030517578
1482900661034,11.73799991607666,-36.08000183105469,-11.618000030517578
1482900661054,11.73799991607666,-36.08000183105469,-11.618000030517578
1482900661080,11.73799991607666,-36.08000183105469,-11.618000030517578
1482900661094,11.73799991607666,-36.08000183105469,-11.618000030517578
1482900661114,11.73799991607666,-36.08000183105469,-11.618000030517578
1482900661134,11.73799991607666,-36.08000183105469,-11.618000030517578
1482900661154,11.73799991607666,-36.08000183105469,-11.618000030517578
1482900661174,11.73799991607666,-36.08000183105469,-11.618000030517578
1482900661194,11.73799991607666,-36.08000183105469,-11.618000030517578
1482900661214,11.73799991607666,-36.08000183105469,-11.618000030517578
1482900661236,11.73799991607666,-36.08000183105469,-11.618000030517578
1482900661259,11.73799991607666,-36.08000183105469,-11.618000030517578
1482900661274,11.73799991607666,-36.08000183105469,-11.618000030517578
1482900661294,11.73799991607666,-36.08000183105469,-11.618000030517578
1482900661345,11.73799991607666,-36.08000183105469,-11.618000030517578
1482900661345,11.73799991607666,-36.08000183105469,-11.618000030517578
1482900661351,11.73799991607666,-36.08000183105469,-11.618000030517578
1482900661371,11.73799991607666,-36.08000183105469,-11.618000030517578
1482900661391,11.73799991607666,-36.08000183105469,-11.618000030517578
1482900661411,11.73799991607666,-36.08000183105469,-11.618000030517578
1482900661436,11.73799991607666,-36.08000183105469,-11.618000030517578
1482900661451,11.73799991607666,-36.08000183105469,-11.618000030517578
1482900661474,11.73799991607666,-36.08000183105469,-11.618000030517578
1482900661495,11.73799991607666,-36.08000183105469,-11.618000030517578
1482900661524,11.73799991607666,-36.08000183105469,-11.618000030517578
1482900661532,11.73799991607666,-36.08000183105469,-11.618000030517578
1482900661561,11.432999610900879,-36.08000183105469,-11.618000030517578
1482900661606,11.432999610900879,-36.08000183105469,-11.618000030517578
1482900661606,11.432999610900879,-36.08000183105469,-11.618000030517578
1482900661614,11.432999610900879,-36.08000183105469,-11.618000030517578
1482900661631,11.432999610900879,-36.08000183105469,-11.618000030517578
1482900661660,11.432999610900879,-36.08000183105469,-11.618000030517578
1482900661671,11.432999610900879,-36.08000183105469,-11.618000030517578
1482900661691,11.432999610900879,-36.08000183105469,-11.618000030517578
1482900661711,11.432999610900879,-36.08000183105469,-11.618000030517578
1482900661731,11.432999610900879,-36.08000183105469,-11.618000030517578
1482900661751,11.432999610900879,-36.08000183105469,-11.618000030517578
1482900661771,11.432999610900879,-36.08000183105469,-11.618000030517578
1482900661794,11.432999610900879,-36.08000183105469,-11.618000030517578
1482900661811,11.432999610900879,-36.08000183105469,-11.618000030517578
1482900661831,11.432999610900879,-36.08000183105469,-11.618000030517578
1482900661851,11.432999610900879,-36.08000183105469,-11.618000030517578
1482900661871,11.432999610900879,-36.08000183105469,-11.618000030517578
1482900661891,11.432999610900879,-36.08000183105469,-11.618000030517578
1482900661912,11.432999610900879,-36.08000183105469,-11.618000030517578
1482900661931,11.432999610900879,-36.08000183105469,-11.618000030517578
1482900661951,11.432999610900879,-36.08000183105469,-11.618000030517578
1482900661976,11.432999610900879,-36.08000183105469,-11.618000030517578
1482900661992,11.432999610900879,-36.08000183105469,-11.618000030517578
1482900662014,11.432999610900879,-36.08000183105469,-11.618000030517578
1482900662035,11.432999610900879,-36.08000183105469,-11.618000030517578
1482900662055,11.432999610900879,-36.08000183105469,-11.618000030517578
1482900662075,11.432999610900879,-36.08000183105469,-11.618000030517578
1482900662095,11.432999610900879,-36.08000183105469,-11.618000030517578
1482900662115,11.432999610900879,-36.08000183105469,-11.618000030517578
1482900662135,11.432999610900879,-36.08000183105469,-11.618000030517578
1482900662160,11.432999610900879,-36.08000183105469,-11.618000030517578
1482900662175,11.432999610900879,-36.08000183105469,-11.618000030517578
1482900662195,11.432999610900879,-36.08000183105469,-11.618000030517578
1482900662215,11.432999610900879,-36.08000183105469,-11.618000030517578
1482900662235,11.432999610900879,-36.08000183105469,-11.618000030517578
1482900662255,11.734000205993652,-36.08000183105469,-11.618000030517578
1482900662275,11.734000205993652,-36.08000183105469,-11.618000030517578
1482900662295,11.734000205993652,-36.08000183105469,-11.618000030517578
1482900662315,11.734000205993652,-36.08000183105469,-11.618000030517578
1482900662343,11.734000205993652,-36.08000183105469,-11.618000030517578
1482900662354,11.734000205993652,-36.08000183105469,-11.618000030517578
1482900662375,11.734000205993652,-36.08000183105469,-11.618000030517578
1482900662395,11.734000205993652,-36.08000183105469,-11.618000030517578
1482900662415,11.734000205993652,-36.08000183105469,-11.618000030517578
1482900662435,11.734000205993652,-36.08000183105469,-11.618000030517578
1482900662453,11.734000205993652,-36.08000183105469,-11.618000030517578
1482900662475,11.734000205993652,-36.08000183105469,-11.618000030517578
1482900662495,11.734000205993652,-36.08000183105469,-11.618000030517578
1482900662521,11.734000205993652,-36.08000183105469,-11.618000030517578
1482900662535,11.734000205993652,-36.08000183105469,-11.618000030517578
1482900662555,11.734000205993652,-36.08000183105469,-11.618000030517578
1482900662575,11.734000205993652,-36.08000183105469,-11.618000030517578
1482900662596,11.734000205993652,-36.08000183105469,-11.618000030517578
1482900662612,11.734000205993652,-36.08000183105469,-11.618000030517578
1482900662635,11.734000205993652,-36.08000183105469,-11.618000030517578
1482900662653,11.734000205993652,-36.08000183105469,-11.618000030517578
1482900662675,11.414999961853027,-36.08000183105469,-11.618000030517578
1482900662701,11.414999961853027,-36.08000183105469,-11.618000030517578
1482900662715,11.414999961853027,-36.08000183105469,-11.618000030517578
1482900662735,11.414999961853027,-36.08000183105469,-11.618000030517578
1482900662755,11.414999961853027,-36.08000183105469,-11.618000030517578
1482900662775,11.414999961853027,-36.08000183105469,-11.618000030517578
1482900662795,11.414999961853027,-36.08000183105469,-11.618000030517578
1482900662815,11.414999961853027,-36.08000183105469,-11.618000030517578
1482900662832,11.414999961853027,-36.08000183105469,-11.618000030517578
1482900662852,11.414999961853027,-36.08000183105469,-11.618000030517578
1482900662878,11.414999961853027,-36.08000183105469,-11.618000030517578
1482900662892,11.414999961853027,-36.08000183105469,-11.618000030517578
1482900662912,11.414999961853027,-36.08000183105469,-11.618000030517578
1482900662932,11.414999961853027,-36.08000183105469,-11.618000030517578
1482900662952,11.414999961853027,-36.08000183105469,-11.618000030517578
1482900662972,11.414999961853027,-36.08000183105469,-11.618000030517578
1482900662992,11.414999961853027,-36.08000183105469,-11.618000030517578
1482900663017,11.414999961853027,-36.08000183105469,-11.618000030517578
1482900663037,11.414999961853027,-36.08000183105469,-11.618000030517578
1482900663063,11.414999961853027,-36.08000183105469,-11.618000030517578
1482900663078,11.414999961853027,-36.08000183105469,-11.618000030517578
1482900663098,11.414999961853027,-36.08000183105469,-11.618000030517578
1482900663118,11.414999961853027,-36.08000183105469,-11.618000030517578
1482900663138,11.414999961853027,-36.08000183105469,-11.618000030517578
1482900663158,11.414999961853027,-36.08000183105469,-11.618000030517578
1482900663178,11.414999961853027,-36.08000183105469,-11.618000030517578
1482900663198,11.414999961853027,-36.08000183105469,-11.618000030517578
1482900663218,11.414999961853027,-36.08000183105469,-11.618000030517578
1482900663241,11.414999961853027,-36.08000183105469,-11.618000030517578
1482900663258,11.414999961853027,-36.08000183105469,-11.618000030517578
1482900663278,11.414999961853027,-36.08000183105469,-11.310999870300293
1482900663298,11.414999961853027,-36.08000183105469,-11.310999870300293
1482900663318,11.414999961853027,-36.08000183105469,-11.310999870300293
1482900663338,11.414999961853027,-36.08000183105469,-11.310999870300293
1482900663355,11.414999961853027,-36.08000183105469,-11.310999870300293
1482900663376,11.414999961853027,-36.08000183105469,-11.310999870300293
1482900663393,11.414999961853027,-36.08000183105469,-11.310999870300293
1482900663417,11.414999961853027,-36.08000183105469,-11.310999870300293
1482900663433,11.414999961853027,-36.08000183105469,-11.310999870300293
1482900663457,11.414999961853027,-36.08000183105469,-11.310999870300293
1482900663473,11.414999961853027,-36.08000183105469,-11.310999870300293
1482900663496,11.414999961853027,-36.08000183105469,-11.310999870300293
1482900663516,11.414999961853027,-36.08000183105469,-11.310999870300293
1482900663536,11.414999961853027,-36.08000183105469,-11.310999870300293
1482900663556,11.414999961853027,-36.08000183105469,-11.310999870300293
1482900663576,11.414999961853027,-36.08000183105469,-11.310999870300293
1482900663602,11.414999961853027,-36.08000183105469,-11.310999870300293
1482900663616,11.414999961853027,-36.08000183105469,-11.310999870300293
1482900663636,11.414999961853027,-36.08000183105469,-11.310999870300293
1482900663654,11.414999961853027,-36.08000183105469,-11.310999870300293
1482900663676,11.414999961853027,-36.08000183105469,-11.310999870300293
1482900663696,11.414999961853027,-36.08000183105469,-11.310999870300293
1482900663716,11.414999961853027,-36.08000183105469,-11.310999870300293
1482900663734,11.414999961853027,-36.08000183105469,-11.310999870300293
1482900663757,11.414999961853027,-36.08000183105469,-11.310999870300293
1482900663782,11.414999961853027,-36.08000183105469,-11.310999870300293
1482900663796,11.414999961853027,-36.08000183105469,-11.310999870300293
1482900663816,11.414999961853027,-36.08000183105469,-11.310999870300293
1482900663837,11.414999961853027,-36.08000183105469,-11.310999870300293
1482900663855,11.414999961853027,-36.08000183105469,-11.310999870300293
1482900663877,11.414999961853027,-36.08000183105469,-11.310999870300293
1482900663895,11.414999961853027,-36.08000183105469,-11.310999870300293
1482900663915,11.414999961853027,-36.08000183105469,-11.310999870300293
1482900663936,11.414999961853027,-36.08000183105469,-11.310999870300293
1482900663961,11.414999961853027,-36.08000183105469,-11.310999870300293
1482900663977,11.414999961853027,-36.08000183105469,-11.310999870300293
1482900663996,11.414999961853027,-36.08000183105469,-11.310999870300293
1482900664016,11.414999961853027,-36.08000183105469,-11.310999870300293
1482900664036,11.414999961853027,-36.08000183105469,-11.310999870300293
1482900664056,11.414999961853027,-36.08000183105469,-11.310999870300293
1482900664076,11.414999961853027,-36.08000183105469,-11.310999870300293
1482900664094,11.414999961853027,-36.08000183105469,-11.310999870300293
1482900664117,11.414999961853027,-36.08000183105469,-11.310999870300293
1482900664141,11.414999961853027,-36.08000183105469,-11.310999870300293
1482900664156,11.414999961853027,-36.08000183105469,-11.310999870300293
1482900664176,11.414999961853027,-36.08000183105469,-11.310999870300293
1482900664197,11.414999961853027,-36.08000183105469,-11.310999870300293
1482900664216,11.414999961853027,-36.08000183105469,-11.310999870300293
1482900664235,11.414999961853027,-36.08000183105469,-11.310999870300293
1482900664257,11.414999961853027,-36.08000183105469,-11.310999870300293
1482900664276,11.414999961853027,-36.08000183105469,-11.310999870300293
1482900664296,11.414999961853027,-36.08000183105469,-11.310999870300293
1482900664322,11.414999961853027,-36.08000183105469,-11.310999870300293
1482900664336,11.414999961853027,-36.08000183105469,-11.310999870300293
1482900664356,11.414999961853027,-36.08000183105469,-11.310999870300293
1482900664377,11.414999961853027,-36.08000183105469,-11.310999870300293
1482900664397,11.414999961853027,-36.08000183105469,-11.310999870300293
1482900664417,11.414999961853027,-36.08000183105469,-11.310999870300293
1482900664437,11.414999961853027,-36.08000183105469,-11.310999870300293
1482900664457,11.414999961853027,-36.08000183105469,-11.310999870300293
1482900664477,11.414999961853027,-36.08000183105469,-11.310999870300293
1482900664499,11.414999961853027,-36.08000183105469,-11.310999870300293
1482900664515,11.414999961853027,-36.08000183105469,-11.310999870300293
1482900664537,11.414999961853027,-36.08000183105469,-11.310999870300293
1482900664557,11.414999961853027,-36.08000183105469,-11.310999870300293
1482900664577,11.414999961853027,-36.08000183105469,-11.310999870300293
1482900664597,11.414999961853027,-36.08000183105469,-11.310999870300293
1482900664617,11.414999961853027,-36.08000183105469,-11.310999870300293
1482900664637,11.414999961853027,-36.08000183105469,-11.310999870300293
1482900664657,11.414999961853027,-36.08000183105469,-11.310999870300293
1482900664683,11.414999961853027,-36.08000183105469,-11.310999870300293
1482900664697,11.414999961853027,-36.08000183105469,-11.310999870300293
1482900664714,11.414999961853027,-36.08000183105469,-11.310999870300293
1482900664735,11.414999961853027,-36.08000183105469,-11.310999870300293
1482900664755,11.414999961853027,-36.08000183105469,-11.310999870300293
1482900664776,11.414999961853027,-36.08000183105469,-11.310999870300293
1482900664796,11.414999961853027,-36.08000183105469,-11.310999870300293
1482900664816,11.414999961853027,-36.08000183105469,-11.310999870300293
1482900664837,11.414999961853027,-36.08000183105469,-11.310999870300293
1482900664861,11.414999961853027,-36.08000183105469,-11.310999870300293
1482900664878,11.414999961853027,-36.08000183105469,-11.310999870300293
1482900664898,11.414999961853027,-36.08000183105469,-11.310999870300293
1482900664919,11.414999961853027,-36.08000183105469,-11.310999870300293
1482900664936,11.414999961853027,-36.08000183105469,-11.310999870300293
1482900664956,11.414999961853027,-36.08000183105469,-11.310999870300293
1482900664977,11.414999961853027,-36.08000183105469,-11.310999870300293
1482900664997,11.414999961853027,-36.08000183105469,-11.310999870300293
1482900665024,11.414999961853027,-36.08000183105469,-11.310999870300293
1482900665039,11.414999961853027,-36.08000183105469,-11.310999870300293
1482900665055,11.414999961853027,-36.08000183105469,-11.310999870300293
1482900665074,11.414999961853027,-36.08000183105469,-11.310999870300293
1482900665096,11.414999961853027,-36.08000183105469,-11.310999870300293
1482900665119,11.414999961853027,-36.08000183105469,-11.310999870300293
1482900665139,11.414999961853027,-36.08000183105469,-11.61299991607666
1482900665159,11.414999961853027,-36.08000183105469,-11.61299991607666
1482900665179,11.414999961853027,-36.08000183105469,-11.61299991607666
1482900665199,11.414999961853027,-36.08000183105469,-11.61299991607666
1482900665227,11.414999961853027,-36.08000183105469,-11.61299991607666
1482900665237,11.414999961853027,-36.08000183105469,-11.61299991607666
1482900665257,11.414999961853027,-36.08000183105469,-11.61299991607666
1482900665277,11.414999961853027,-36.08000183105469,-11.61299991607666
1482900665297,11.414999961853027,-36.08000183105469,-11.61299991607666
1482900665322,11.414999961853027,-36.08000183105469,-11.61299991607666
1482900665336,11.414999961853027,-36.08000183105469,-11.61299991607666
1482900665385,11.414999961853027,-36.08000183105469,-11.61299991607666
1482900665386,11.414999961853027,-36.08000183105469,-11.61299991607666
1482900665399,11.414999961853027,-36.08000183105469,-11.61299991607666
1482900665415,11.414999961853027,-36.08000183105469,-11.61299991607666
1482900665435,11.414999961853027,-36.08000183105469,-11.61299991607666
1482900665455,11.414999961853027,-36.08000183105469,-11.29699993133545
1482900665475,11.414999961853027,-36.08000183105469,-11.29699993133545
1482900665495,11.414999961853027,-36.08000183105469,-11.29699993133545
1482900665515,11.414999961853027,-36.08000183105469,-11.29699993133545
1482900665536,11.414999961853027,-36.08000183105469,-11.29699993133545
1482900665557,11.414999961853027,-36.08000183105469,-11.29699993133545
1482900665583,11.414999961853027,-36.08000183105469,-11.29699993133545
1482900665597,11.414999961853027,-36.08000183105469,-11.29699993133545
1482900665617,11.414999961853027,-36.08000183105469,-11.29699993133545
1482900665638,11.414999961853027,-36.08000183105469,-11.29699993133545
1482900665655,11.414999961853027,-36.08000183105469,-11.29699993133545
1482900665677,11.414999961853027,-36.08000183105469,-11.29699993133545
1482900665697,11.414999961853027,-36.08000183105469,-11.29699993133545
1482900665717,11.111000061035156,-36.08000183105469,-11.29699993133545
1482900665737,11.111000061035156,-36.08000183105469,-11.29699993133545
1482900665762,11.111000061035156,-36.08000183105469,-11.29699993133545
1482900665778,11.111000061035156,-36.08000183105469,-11.29699993133545
1482900665798,11.111000061035156,-36.08000183105469,-11.29699993133545
1482900665818,11.111000061035156,-36.08000183105469,-11.29699993133545
1482900665838,11.111000061035156,-36.08000183105469,-11.29699993133545
1482900665856,11.111000061035156,-36.08000183105469,-11.29699993133545
1482900665877,11.111000061035156,-36.08000183105469,-11.29699993133545
1482900665898,11.111000061035156,-36.08000183105469,-11.29699993133545
1482900665917,11.111000061035156,-36.08000183105469,-11.29699993133545
1482900665942,11.111000061035156,-36.08000183105469,-11.609999656677246
1482900665958,11.111000061035156,-36.08000183105469,-11.609999656677246
1482900665978,11.111000061035156,-36.08000183105469,-11.609999656677246
1482900665998,11.111000061035156,-36.08000183105469,-11.609999656677246
1482900666018,11.111000061035156,-36.08000183105469,-11.609999656677246
1482900666038,11.111000061035156,-36.08000183105469,-11.609999656677246
1482900666059,11.111000061035156,-36.08000183105469,-11.609999656677246
1482900666078,11.111000061035156,-36.08000183105469,-11.609999656677246
1482900666098,11.111000061035156,-36.08000183105469,-11.609999656677246
1482900666125,11.111000061035156,-36.08000183105469,-11.609999656677246
1482900666138,11.111000061035156,-36.08000183105469,-11.609999656677246
1482900666158,11.111000061035156,-36.08000183105469,-11.609999656677246
1482900666179,11.111000061035156,-36.08000183105469,-11.609999656677246
1482900666198,11.111000061035156,-36.08000183105469,-11.609999656677246
1482900666218,11.111000061035156,-36.08000183105469,-11.609999656677246
1482900666239,11.111000061035156,-36.08000183105469,-11.609999656677246
1482900666258,11.111000061035156,-36.08000183105469,-11.609999656677246
1482900666278,11.111000061035156,-36.08000183105469,-11.609999656677246
1482900666305,11.111000061035156,-36.08000183105469,-11.609999656677246
1482900666317,11.111000061035156,-36.08000183105469,-11.609999656677246
1482900666339,11.111000061035156,-36.08000183105469,-11.609999656677246
1482900666404,11.111000061035156,-36.08000183105469,-11.609999656677246
1482900666404,11.111000061035156,-36.08000183105469,-11.609999656677246
1482900666404,11.111000061035156,-36.08000183105469,-11.609999656677246
1482900666416,11.111000061035156,-35.757999420166016,-11.609999656677246
1482900666436,11.111000061035156,-35.757999420166016,-11.609999656677246
1482900666455,11.111000061035156,-35.757999420166016,-11.609999656677246
1482900666480,11.111000061035156,-35.757999420166016,-11.609999656677246
1482900666496,11.111000061035156,-35.757999420166016,-11.609999656677246
1482900666516,11.111000061035156,-35.757999420166016,-11.609999656677246
1482900666538,11.111000061035156,-35.757999420166016,-11.609999656677246
1482900666558,11.111000061035156,-35.757999420166016,-11.958999633789063
1482900666578,11.111000061035156,-35.757999420166016,-11.958999633789063
1482900666599,11.111000061035156,-35.757999420166016,-11.958999633789063
1482900666617,11.111000061035156,-35.757999420166016,-11.958999633789063
1482900666638,11.111000061035156,-35.757999420166016,-11.958999633789063
1482900666665,11.111000061035156,-35.757999420166016,-11.958999633789063
1482900666677,11.111000061035156,-35.757999420166016,-11.958999633789063
1482900666699,11.111000061035156,-35.757999420166016,-11.958999633789063
1482900666719,11.111000061035156,-35.757999420166016,-11.958999633789063
1482900666737,11.111000061035156,-35.757999420166016,-11.958999633789063
1482900666758,11.111000061035156,-35.757999420166016,-11.958999633789063
1482900666779,11.111000061035156,-35.757999420166016,-11.958999633789063
1482900666799,11.111000061035156,-35.757999420166016,-11.958999633789063
1482900666819,11.111000061035156,-35.757999420166016,-11.958999633789063
1482900666846,11.111000061035156,-35.757999420166016,-11.958999633789063
1482900666857,11.111000061035156,-35.757999420166016,-11.958999633789063
1482900666879,11.111000061035156,-35.757999420166016,-11.958999633789063
1482900666899,11.111000061035156,-35.757999420166016,-11.958999633789063
1482900666919,11.111000061035156,-35.757999420166016,-11.958999633789063
1482900666939,11.428000450134277,-35.757999420166016,-11.958999633789063
1482900666959,11.428000450134277,-35.757999420166016,-11.958999633789063
1482900666979,11.428000450134277,-35.757999420166016,-11.958999633789063
1482900666999,11.428000450134277,-35.757999420166016,-11.958999633789063
1482900667026,11.428000450134277,-35.757999420166016,-11.958999633789063
1482900667037,11.428000450134277,-35.757999420166016,-11.958999633789063
1482900667059,11.428000450134277,-35.757999420166016,-11.958999633789063
1482900667079,11.428000450134277,-35.757999420166016,-11.958999633789063
1482900667099,11.428000450134277,-35.757999420166016,-11.958999633789063
1482900667119,11.428000450134277,-35.757999420166016,-11.958999633789063
1482900667140,11.428000450134277,-35.757999420166016,-11.958999633789063
1482900667159,11.428000450134277,-35.757999420166016,-11.958999633789063
1482900667179,11.428000450134277,-35.757999420166016,-11.958999633789063
1482900667206,11.428000450134277,-35.757999420166016,-11.958999633789063
1482900667217,11.428000450134277,-35.757999420166016,-11.958999633789063
1482900667239,11.428000450134277,-35.757999420166016,-11.958999633789063
1482900667260,11.428000450134277,-35.757999420166016,-11.958999633789063
1482900667279,11.428000450134277,-35.757999420166016,-11.958999633789063
1482900667299,11.428000450134277,-35.757999420166016,-11.958999633789063
1482900667320,11.428000450134277,-35.757999420166016,-11.958999633789063
1482900667339,11.428000450134277,-35.757999420166016,-11.958999633789063
1482900667359,11.428000450134277,-35.757999420166016,-11.958999633789063
1482900667386,11.428000450134277,-35.757999420166016,-11.958999633789063
1482900667397,11.428000450134277,-35.44900131225586,-11.958999633789063
1482900667417,11.107999801635742,-35.44900131225586,-11.958999633789063
1482900667437,11.107999801635742,-35.44900131225586,-11.958999633789063
1482900667458,11.107999801635742,-35.44900131225586,-11.958999633789063
1482900667478,11.107999801635742,-35.44900131225586,-11.958999633789063
1482900667498,11.107999801635742,-35.44900131225586,-11.958999633789063
1482900667520,11.107999801635742,-35.44900131225586,-11.958999633789063
1482900667540,11.107999801635742,-35.44900131225586,-11.958999633789063
1482900667566,11.107999801635742,-35.44900131225586,-11.958999633789063
1482900667577,11.107999801635742,-35.44900131225586,-11.958999633789063
1482900667600,11.107999801635742,-35.44900131225586,-11.958999633789063
1482900667620,11.107999801635742,-35.44900131225586,-11.958999633789063
1482900667640,11.107999801635742,-35.44900131225586,-11.958999633789063
1482900667657,11.107999801635742,-35.44900131225586,-11.958999633789063
1482900667680,11.107999801635742,-35.44900131225586,-11.958999633789063
1482900667700,11.107999801635742,-35.44900131225586,-11.958999633789063
1482900667720,11.107999801635742,-35.44900131225586,-11.642000198364258
1482900667743,11.107999801635742,-35.44900131225586,-11.642000198364258
1482900667758,11.107999801635742,-35.44900131225586,-11.642000198364258
1482900667780,11.107999801635742,-35.44900131225586,-11.642000198364258
1482900667800,11.107999801635742,-35.44900131225586,-11.642000198364258
1482900667820,11.107999801635742,-35.44900131225586,-11.642000198364258
1482900667840,11.107999801635742,-35.44900131225586,-11.642000198364258
1482900667859,11.107999801635742,-35.44900131225586,-11.642000198364258
1482900667879,11.107999801635742,-35.44900131225586,-11.642000198364258
1482900667900,11.107999801635742,-35.44900131225586,-11.642000198364258
1482900667926,11.107999801635742,-35.44900131225586,-11.642000198364258
1482900667940,11.107999801635742,-35.44900131225586,-11.642000198364258
1482900667960,11.107999801635742,-35.44900131225586,-11.642000198364258
1482900667980,11.107999801635742,-35.44900131225586,-11.642000198364258
1482900668000,11.107999801635742,-35.44900131225586,-11.642000198364258
1482900668020,11.107999801635742,-35.44900131225586,-11.642000198364258
1482900668040,11.107999801635742,-35.44900131225586,-11.324999809265137
1482900668060,11.107999801635742,-35.44900131225586,-11.324999809265137
1482900668080,11.107999801635742,-35.44900131225586,-11.324999809265137
1482900668106,11.107999801635742,-35.44900131225586,-11.324999809265137
1482900668120,11.107999801635742,-35.44900131225586,-11.324999809265137
1482900668140,11.107999801635742,-35.44900131225586,-11.324999809265137
1482900668160,11.107999801635742,-35.44900131225586,-11.324999809265137
1482900668180,11.107999801635742,-35.44900131225586,-11.324999809265137
1482900668200,11.107999801635742,-35.44900131225586,-11.324999809265137
1482900668221,11.107999801635742,-35.44900131225586,-11.324999809265137
1482900668240,11.107999801635742,-35.44900131225586,-11.324999809265137
1482900668260,11.107999801635742,-35.44900131225586,-11.324999809265137
1482900668286,11.107999801635742,-35.44900131225586,-11.324999809265137
1482900668300,11.107999801635742,-35.44900131225586,-11.324999809265137
1482900668320,11.107999801635742,-35.44900131225586,-11.324999809265137
1482900668341,11.107999801635742,-35.44900131225586,-11.324999809265137
1482900668360,11.107999801635742,-35.44900131225586,-11.324999809265137
1482900668380,11.107999801635742,-35.44900131225586,-11.324999809265137
1482900668401,11.107999801635742,-35.755001068115234,-11.324999809265137
1482900668420,11.107999801635742,-35.755001068115234,-11.324999809265137
1482900668438,11.107999801635742,-35.755001068115234,-11.324999809265137
1482900668462,11.107999801635742,-35.755001068115234,-11.324999809265137
1482900668480,11.107999801635742,-35.755001068115234,-11.324999809265137
1482900668502,11.107999801635742,-35.755001068115234,-11.324999809265137
1482900668518,11.107999801635742,-35.755001068115234,-11.324999809265137
1482900668539,11.107999801635742,-35.755001068115234,-11.324999809265137
1482900668559,11.107999801635742,-35.755001068115234,-11.324999809265137
1482900668579,11.107999801635742,-35.755001068115234,-11.324999809265137
1482900668600,11.107999801635742,-35.755001068115234,-11.645000457763672
1482900668620,11.107999801635742,-35.755001068115234,-11.645000457763672
1482900668646,11.107999801635742,-35.755001068115234,-11.645000457763672
1482900668660,11.107999801635742,-35.755001068115234,-11.645000457763672
1482900668679,11.107999801635742,-35.755001068115234,-11.645000457763672
1482900668701,11.107999801635742,-35.755001068115234,-11.645000457763672
1482900668720,11.107999801635742,-35.755001068115234,-11.645000457763672
1482900668739,11.107999801635742,-35.755001068115234,-11.958999633789063
1482900668761,11.107999801635742,-35.43199920654297,-11.958999633789063
1482900668781,11.107999801635742,-35.43199920654297,-11.958999633789063
1482900668801,11.107999801635742,-35.43199920654297,-11.958999633789063
1482900668826,11.107999801635742,-35.43199920654297,-11.958999633789063
1482900668841,11.107999801635742,-35.43199920654297,-11.958999633789063
1482900668858,11.107999801635742,-35.43199920654297,-11.958999633789063
1482900668881,11.107999801635742,-35.43199920654297,-11.958999633789063
1482900668906,11.107999801635742,-35.43199920654297,-11.958999633789063
1482900668920,11.414999961853027,-35.43199920654297,-11.958999633789063
1482900668941,11.414999961853027,-35.43199920654297,-11.958999633789063
1482900668960,11.414999961853027,-35.43199920654297,-11.958999633789063
1482900668980,11.414999961853027,-35.43199920654297,-11.958999633789063
1482900669012,11.414999961853027,-35.43199920654297,-11.958999633789063
1482900669020,11.414999961853027,-35.43199920654297,-12.312999725341797
1482900669040,11.414999961853027,-35.43199920654297,-12.312999725341797
1482900669061,11.414999961853027,-35.43199920654297,-12.312999725341797
1482900669081,11.414999961853027,-35.43199920654297,-12.312999725341797
1482900669101,11.414999961853027,-35.43199920654297,-12.312999725341797
1482900669121,11.414999961853027,-35.43199920654297,-12.312999725341797
1482900669141,11.414999961853027,-35.43199920654297,-12.312999725341797
1482900669161,11.414999961853027,-35.43199920654297,-12.312999725341797
1482900669187,11.414999961853027,-35.43199920654297,-12.312999725341797
1482900669201,11.414999961853027,-35.43199920654297,-12.656999588012695
1482900669221,11.414999961853027,-35.43199920654297,-12.656999588012695
1482900669241,11.414999961853027,-35.43199920654297,-12.656999588012695
1482900669261,11.414999961853027,-35.43199920654297,-12.656999588012695
1482900669281,11.414999961853027,-35.13100051879883,-12.656999588012695
1482900669302,11.414999961853027,-35.13100051879883,-12.656999588012695
1482900669323,11.414999961853027,-35.13100051879883,-12.656999588012695
1482900669341,11.414999961853027,-35.13100051879883,-12.656999588012695
1482900669365,11.414999961853027,-35.13100051879883,-12.656999588012695
1482900669381,11.414999961853027,-35.13100051879883,-12.656999588012695
1482900669401,11.414999961853027,-35.13100051879883,-12.656999588012695
1482900669437,11.414999961853027,-35.13100051879883,-12.656999588012695
1482900669439,11.414999961853027,-35.13100051879883,-12.656999588012695
1482900669459,11.414999961853027,-35.13100051879883,-12.656999588012695
1482900669479,11.71500015258789,-35.13100051879883,-12.656999588012695
1482900669498,11.71500015258789,-35.13100051879883,-12.656999588012695
1482900669518,11.71500015258789,-35.13100051879883,-12.345000267028809
1482900669544,11.71500015258789,-35.13100051879883,-12.345000267028809
1482900669558,11.71500015258789,-35.13100051879883,-12.345000267028809
1482900669581,11.71500015258789,-35.13100051879883,-12.345000267028809
1482900669601,11.71500015258789,-35.13100051879883,-12.345000267028809
1482900669621,11.71500015258789,-35.13100051879883,-12.345000267028809
1482900669641,11.71500015258789,-35.446998596191406,-12.345000267028809
1482900669660,11.71500015258789,-35.446998596191406,-12.345000267028809
1482900669695,11.71500015258789,-35.446998596191406,-12.026000022888184
1482900669719,11.71500015258789,-35.446998596191406,-12.026000022888184
1482900669736,11.71500015258789,-35.446998596191406,-12.026000022888184
1482900669743,11.71500015258789,-35.446998596191406,-12.026000022888184
1482900669758,11.71500015258789,-35.446998596191406,-12.026000022888184
1482900669779,11.71500015258789,-35.446998596191406,-12.026000022888184
1482900669798,11.71500015258789,-35.446998596191406,-12.026000022888184
1482900669818,11.71500015258789,-35.446998596191406,-12.026000022888184
1482900669838,11.71500015258789,-35.446998596191406,-12.026000022888184
1482900669858,11.71500015258789,-35.446998596191406,-12.026000022888184
1482900669878,11.71500015258789,-35.446998596191406,-12.026000022888184
1482900669902,11.71500015258789,-35.446998596191406,-12.026000022888184
1482900669918,11.71500015258789,-35.446998596191406,-12.026000022888184
1482900669941,11.71500015258789,-35.446998596191406,-12.026000022888184
1482900669965,11.71500015258789,-35.446998596191406,-12.026000022888184
1482900669984,11.71500015258789,-35.446998596191406,-12.026000022888184
1482900670004,11.71500015258789,-35.446998596191406,-12.026000022888184
1482900670024,11.71500015258789,-35.446998596191406,-12.026000022888184
1482900670040,11.71500015258789,-35.446998596191406,-12.026000022888184
1482900670062,11.71500015258789,-35.446998596191406,-12.026000022888184
1482900670087,11.71500015258789,-35.446998596191406,-12.026000022888184
1482900670102,11.71500015258789,-35.446998596191406,-12.026000022888184
1482900670122,11.407999992370605,-35.446998596191406,-12.026000022888184
1482900670142,11.407999992370605,-35.446998596191406,-12.026000022888184
1482900670162,11.407999992370605,-35.446998596191406,-12.026000022888184
1482900670182,11.407999992370605,-35.446998596191406,-12.026000022888184
1482900670202,11.407999992370605,-35.446998596191406,-12.026000022888184
1482900670222,11.407999992370605,-35.446998596191406,-12.026000022888184
1482900670240,11.407999992370605,-35.446998596191406,-12.026000022888184
1482900670266,11.407999992370605,-35.446998596191406,-12.026000022888184
1482900670282,11.407999992370605,-35.446998596191406,-12.343999862670898
1482900670302,11.407999992370605,-35.446998596191406,-12.343999862670898
1482900670322,11.407999992370605,-35.446998596191406,-12.343999862670898
1482900670342,11.407999992370605,-35.446998596191406,-12.343999862670898
1482900670362,11.407999992370605,-35.446998596191406,-12.343999862670898
1482900670382,11.407999992370605,-35.446998596191406,-12.343999862670898
1482900670402,11.407999992370605,-35.446998596191406,-12.343999862670898
1482900670422,11.407999992370605,-35.446998596191406,-12.343999862670898
1482900670446,11.407999992370605,-35.446998596191406,-12.343999862670898
1482900670462,11.407999992370605,-35.446998596191406,-12.343999862670898
1482900670482,11.407999992370605,-35.446998596191406,-12.343999862670898
1482900670501,11.407999992370605,-35.446998596191406,-12.343999862670898
1482900670522,11.407999992370605,-35.446998596191406,-12.343999862670898
1482900670542,11.407999992370605,-35.446998596191406,-12.343999862670898
1482900670563,11.407999992370605,-35.446998596191406,-12.343999862670898
1482900670582,11.407999992370605,-35.14400100708008,-12.343999862670898
1482900670602,11.407999992370605,-35.14400100708008,-12.343999862670898
1482900670628,11.407999992370605,-35.14400100708008,-12.343999862670898
1482900670642,11.407999992370605,-35.14400100708008,-12.343999862670898
1482900670662,11.407999992370605,-35.14400100708008,-12.343999862670898
1482900670683,11.407999992370605,-35.14400100708008,-12.343999862670898
1482900670702,11.407999992370605,-35.14400100708008,-12.343999862670898
1482900670722,11.407999992370605,-35.14400100708008,-12.343999862670898
1482900670743,11.407999992370605,-35.14400100708008,-12.343999862670898
1482900670763,11.407999992370605,-35.14400100708008,-12.343999862670898
1482900670783,11.407999992370605,-35.14400100708008,-12.343999862670898
1482900670809,11.407999992370605,-35.14400100708008,-12.343999862670898
1482900670823,11.407999992370605,-35.14400100708008,-12.343999862670898
1482900670843,11.407999992370605,-35.14400100708008,-12.343999862670898
1482900670860,11.407999992370605,-35.14400100708008,-12.343999862670898
1482900670883,11.407999992370605,-35.14400100708008,-12.343999862670898
1482900670903,11.407999992370605,-35.14400100708008,-12.343999862670898
1482900670923,11.407999992370605,-35.14400100708008,-12.343999862670898
1482900670940,11.407999992370605,-35.14400100708008,-12.343999862670898
1482900670960,11.407999992370605,-35.14400100708008,-12.343999862670898
1482900670985,11.407999992370605,-35.14400100708008,-12.343999862670898
1482900670999,11.407999992370605,-35.14400100708008,-12.343999862670898
1482900671019,11.407999992370605,-35.14400100708008,-12.343999862670898
1482900671040,11.407999992370605,-35.14400100708008,-12.343999862670898
1482900671059,11.407999992370605,-35.14400100708008,-12.343999862670898
1482900671079,11.407999992370605,-35.14400100708008,-12.343999862670898
1482900671100,11.407999992370605,-35.14400100708008,-12.343999862670898
1482900671125,11.407999992370605,-35.14400100708008,-12.343999862670898
1482900671140,11.407999992370605,-35.14400100708008,-12.343999862670898
1482900671168,11.407999992370605,-35.14400100708008,-12.343999862670898
1482900671183,11.407999992370605,-35.14400100708008,-12.343999862670898
1482900671203,11.407999992370605,-35.14400100708008,-12.343999862670898
1482900671223,11.407999992370605,-35.14400100708008,-12.343999862670898
1482900671243,11.407999992370605,-35.14400100708008,-12.343999862670898
1482900671263,11.407999992370605,-35.14400100708008,-12.343999862670898
1482900671283,11.407999992370605,-35.14400100708008,-12.343999862670898
1482900671303,11.407999992370605,-35.14400100708008,-12.343999862670898
1482900671323,11.407999992370605,-35.14400100708008,-12.343999862670898
1482900671349,11.407999992370605,-35.14400100708008,-12.343999862670898
1482900671363,11.407999992370605,-35.14400100708008,-12.343999862670898
1482900671383,11.407999992370605,-35.14400100708008,-12.343999862670898
1482900671403,11.407999992370605,-35.14400100708008,-12.343999862670898
1482900671423,11.407999992370605,-35.14400100708008,-12.343999862670898
1482900671460,11.407999992370605,-35.14400100708008,-12.343999862670898
1482900671461,11.407999992370605,-35.14400100708008,-12.343999862670898
1482900671481,11.407999992370605,-35.14400100708008,-12.343999862670898
1482900671501,11.407999992370605,-35.14400100708008,-12.008000373840332
1482900671523,11.407999992370605,-35.14400100708008,-12.008000373840332
1482900671540,11.407999992370605,-35.14400100708008,-12.008000373840332
1482900671560,11.407999992370605,-35.14400100708008,-12.008000373840332
1482900671580,11.407999992370605,-35.14400100708008,-12.008000373840332
1482900671600,11.407999992370605,-35.14400100708008,-12.008000373840332
1482900671623,11.407999992370605,-35.14400100708008,-12.008000373840332
1482900671643,11.407999992370605,-35.14400100708008,-12.008000373840332
1482900671663,11.407999992370605,-35.14400100708008,-12.008000373840332
1482900671683,11.407999992370605,-35.14400100708008,-12.008000373840332
1482900671713,11.407999992370605,-35.14400100708008,-12.008000373840332
1482900671729,11.407999992370605,-35.14400100708008,-12.008000373840332
1482900671743,11.407999992370605,-35.14400100708008,-12.008000373840332
1482900671764,11.407999992370605,-35.14400100708008,-12.008000373840332
1482900671783,11.407999992370605,-35.14400100708008,-12.008000373840332
1482900671803,11.407999992370605,-35.14400100708008,-12.008000373840332
1482900671824,11.407999992370605,-35.14400100708008,-12.008000373840332
1482900671843,11.407999992370605,-35.14400100708008,-12.008000373840332
1482900671862,11.407999992370605,-35.14400100708008,-12.008000373840332
1482900671889,11.407999992370605,-35.14400100708008,-12.008000373840332
1482900671903,11.407999992370605,-35.14400100708008,-12.008000373840332
1482900671923,11.407999992370605,-35.14400100708008,-12.008000373840332
1482900671944,11.407999992370605,-35.14400100708008,-12.008000373840332
1482900671963,11.407999992370605,-35.14400100708008,-12.008000373840332
1482900671982,11.407999992370605,-35.14400100708008,-12.008000373840332
1482900672004,11.407999992370605,-35.14400100708008,-12.008000373840332
1482900672024,11.407999992370605,-35.14400100708008,-12.008000373840332
1482900672043,11.407999992370605,-35.14400100708008,-12.008000373840332
1482900672070,11.407999992370605,-35.14400100708008,-12.008000373840332
1482900672081,11.407999992370605,-35.14400100708008,-12.008000373840332
1482900672101,11.407999992370605,-35.14400100708008,-12.008000373840332
1482900672121,11.407999992370605,-35.14400100708008,-12.008000373840332
1482900672140,11.407999992370605,-35.14400100708008,-12.008000373840332
1482900672166,11.407999992370605,-35.14400100708008,-12.008000373840332
1482900672187,11.407999992370605,-35.14400100708008,-12.008000373840332
1482900672206,11.407999992370605,-35.14400100708008,-12.008000373840332
1482900672222,11.407999992370605,-35.14400100708008,-12.008000373840332
1482900672246,11.407999992370605,-35.14400100708008,-12.008000373840332
1482900672261,11.407999992370605,-35.14400100708008,-12.338000297546387
1482900672281,11.407999992370605,-35.14400100708008,-12.338000297546387
1482900672301,11.407999992370605,-35.14400100708008,-12.338000297546387
1482900672325,11.407999992370605,-35.14400100708008,-12.338000297546387
1482900672342,11.741000175476074,-35.14400100708008,-12.338000297546387
1482900672365,11.741000175476074,-35.14400100708008,-12.338000297546387
1482900672384,11.741000175476074,-35.14400100708008,-12.338000297546387
1482900672404,11.741000175476074,-35.14400100708008,-12.338000297546387
1482900672429,11.741000175476074,-35.14400100708008,-12.338000297546387
1482900672445,11.741000175476074,-35.14400100708008,-12.338000297546387
1482900672462,11.741000175476074,-35.14400100708008,-12.338000297546387
1482900672484,11.741000175476074,-35.14400100708008,-12.64799976348877
1482900672507,11.741000175476074,-35.14400100708008,-12.64799976348877
1482900672524,11.741000175476074,-35.14400100708008,-12.64799976348877
1482900672544,11.741000175476074,-35.14400100708008,-12.64799976348877
1482900672563,11.741000175476074,-35.14400100708008,-12.64799976348877
1482900672584,11.741000175476074,-35.14400100708008,-12.64799976348877
1482900672610,12.04800033569336,-35.14400100708008,-12.64799976348877
1482900672624,12.04800033569336,-35.14400100708008,-12.64799976348877
1482900672644,12.04800033569336,-35.14400100708008,-12.64799976348877
1482900672665,12.04800033569336,-35.14400100708008,-12.64799976348877
1482900672684,12.04800033569336,-35.14400100708008,-12.64799976348877
1482900672704,12.04800033569336,-35.14400100708008,-12.64799976348877
1482900672725,12.04800033569336,-35.14400100708008,-12.64799976348877
1482900672745,12.04800033569336,-35.14400100708008,-12.64799976348877
1482900672764,12.04800033569336,-35.14400100708008,-12.64799976348877
1482900672791,12.04800033569336,-35.14400100708008,-12.64799976348877
1482900672802,12.04800033569336,-35.14400100708008,-12.64799976348877
1482900672824,12.04800033569336,-35.14400100708008,-12.64799976348877
1482900672845,12.04800033569336,-35.14400100708008,-12.64799976348877
1482900672863,12.04800033569336,-35.14400100708008,-12.64799976348877
1482900672884,12.04800033569336,-35.14400100708008,-12.64799976348877
1482900672905,12.04800033569336,-35.14400100708008,-12.64799976348877
1482900672924,12.04800033569336,-35.14400100708008,-12.64799976348877
1482900672944,12.04800033569336,-35.14400100708008,-12.64799976348877
1482900672970,12.04800033569336,-35.14400100708008,-12.64799976348877
1482900672984,12.04800033569336,-35.14400100708008,-12.64799976348877
1482900673002,12.04800033569336,-35.14400100708008,-12.64799976348877
1482900673024,12.04800033569336,-35.14400100708008,-12.64799976348877
1482900673045,12.04800033569336,-35.14400100708008,-12.64799976348877
1482900673065,12.04800033569336,-35.14400100708008,-12.64799976348877
1482900673085,12.04800033569336,-35.14400100708008,-12.64799976348877
1482900673104,12.04800033569336,-35.14400100708008,-12.64799976348877
1482900673125,12.04800033569336,-35.14400100708008,-12.64799976348877
1482900673150,12.04800033569336,-35.14400100708008,-12.64799976348877
1482900673166,12.04800033569336,-35.14400100708008,-12.64799976348877
1482900673185,12.04800033569336,-35.14400100708008,-12.64799976348877
1482900673205,12.04800033569336,-35.14400100708008,-12.64799976348877
1482900673225,12.04800033569336,-35.14400100708008,-12.64799976348877
1482900673245,12.04800033569336,-35.14400100708008,-12.64799976348877
1482900673265,12.04800033569336,-35.14400100708008,-12.64799976348877
1482900673285,12.04800033569336,-35.14400100708008,-12.64799976348877
1482900673310,12.04800033569336,-35.14400100708008,-12.64799976348877
1482900673331,11.743000030517578,-35.14400100708008,-12.64799976348877
1482900673344,11.743000030517578,-35.14400100708008,-12.64799976348877
1482900673364,11.743000030517578,-35.14400100708008,-12.64799976348877
1482900673385,11.743000030517578,-35.14400100708008,-12.64799976348877
1482900673405,11.743000030517578,-35.14400100708008,-12.64799976348877
1482900673425,11.743000030517578,-35.14400100708008,-12.64799976348877
1482900673445,11.743000030517578,-35.14400100708008,-12.64799976348877
1482900673467,11.743000030517578,-35.14400100708008,-12.64799976348877
1482900673484,11.743000030517578,-35.14400100708008,-12.64799976348877
1482900673518,11.743000030517578,-35.14400100708008,-12.64799976348877
1482900673525,11.743000030517578,-35.14400100708008,-12.64799976348877
1482900673545,11.743000030517578,-35.14400100708008,-12.64799976348877
1482900673565,11.743000030517578,-35.14400100708008,-12.64799976348877
1482900673585,11.743000030517578,-35.14400100708008,-12.64799976348877
1482900673605,11.743000030517578,-35.14400100708008,-12.64799976348877
1482900673625,11.743000030517578,-35.14400100708008,-12.64799976348877
1482900673645,11.743000030517578,-35.14400100708008,-12.64799976348877
1482900673665,11.743000030517578,-35.14400100708008,-12.64799976348877
1482900673691,11.743000030517578,-35.14400100708008,-12.64799976348877
1482900673705,11.743000030517578,-35.14400100708008,-12.64799976348877
1482900673725,11.743000030517578,-35.14400100708008,-12.64799976348877
1482900673745,11.743000030517578,-35.14400100708008,-12.64799976348877
1482900673765,11.743000030517578,-35.14400100708008,-12.64799976348877
1482900673785,11.743000030517578,-35.14400100708008,-12.64799976348877
1482900673806,11.743000030517578,-35.14400100708008,-12.64799976348877
1482900673827,11.743000030517578,-35.14400100708008,-12.3100004196167
1482900673845,11.743000030517578,-35.14400100708008,-12.3100004196167
1482900673870,11.743000030517578,-35.14400100708008,-12.3100004196167
1482900673885,11.743000030517578,-35.14400100708008,-12.3100004196167
1482900673905,11.743000030517578,-35.14400100708008,-12.3100004196167
1482900673926,11.743000030517578,-35.14400100708008,-12.3100004196167
1482900673945,11.743000030517578,-35.14400100708008,-12.3100004196167
1482900673965,11.743000030517578,-35.14400100708008,-12.3100004196167
1482900673986,11.743000030517578,-35.14400100708008,-12.3100004196167
1482900674005,11.743000030517578,-35.14400100708008,-12.3100004196167
1482900674025,11.743000030517578,-35.14400100708008,-12.3100004196167
1482900674049,11.743000030517578,-35.14400100708008,-12.3100004196167
1482900674065,11.743000030517578,-35.14400100708008,-12.3100004196167
1482900674085,11.743000030517578,-35.14400100708008,-12.3100004196167
1482900674105,11.743000030517578,-35.14400100708008,-12.3100004196167
1482900674126,11.743000030517578,-35.14400100708008,-12.3100004196167
1482900674146,11.743000030517578,-35.14400100708008,-12.3100004196167
1482900674166,12.057000160217285,-35.14400100708008,-12.3100004196167
1482900674186,12.057000160217285,-35.14400100708008,-12.3100004196167
1482900674206,12.057000160217285,-35.14400100708008,-12.3100004196167
1482900674232,12.057000160217285,-35.14400100708008,-12.3100004196167
1482900674246,12.057000160217285,-35.14400100708008,-12.3100004196167
1482900674266,12.057000160217285,-35.14400100708008,-12.3100004196167
1482900674286,12.057000160217285,-35.14400100708008,-12.3100004196167
1482900674306,12.057000160217285,-35.14400100708008,-12.3100004196167
1482900674326,12.057000160217285,-35.14400100708008,-12.3100004196167
1482900674346,12.057000160217285,-35.14400100708008,-12.3100004196167
1482900674366,12.057000160217285,-35.14400100708008,-12.3100004196167
1482900674386,12.057000160217285,-35.14400100708008,-12.3100004196167
1482900674412,12.057000160217285,-35.14400100708008,-12.3100004196167
1482900674426,12.057000160217285,-35.14400100708008,-12.3100004196167
1482900674446,12.057000160217285,-35.14400100708008,-12.3100004196167
1482900674467,12.057000160217285,-35.14400100708008,-12.3100004196167
1482900674494,12.057000160217285,-35.14400100708008,-12.3100004196167
1482900674503,12.057000160217285,-35.14400100708008,-12.3100004196167
1482900674526,12.057000160217285,-35.14400100708008,-12.3100004196167
1482900674543,12.057000160217285,-35.14400100708008,-12.3100004196167
1482900674563,12.057000160217285,-35.14400100708008,-12.3100004196167
1482900674586,12.057000160217285,-35.14400100708008,-12.3100004196167
1482900674603,12.057000160217285,-35.14400100708008,-12.3100004196167
1482900674625,11.718000411987305,-35.14400100708008,-12.3100004196167
1482900674645,11.718000411987305,-35.14400100708008,-12.3100004196167
1482900674666,11.718000411987305,-35.14400100708008,-12.3100004196167
1482900674686,11.718000411987305,-35.14400100708008,-12.3100004196167
1482900674707,11.718000411987305,-35.14400100708008,-12.3100004196167
1482900674726,11.718000411987305,-35.14400100708008,-12.3100004196167
1482900674753,11.718000411987305,-35.14400100708008,-12.3100004196167
1482900674768,11.718000411987305,-35.14400100708008,-12.3100004196167
1482900674798,11.718000411987305,-35.14400100708008,-12.3100004196167
1482900674805,11.718000411987305,-35.14400100708008,-12.3100004196167
1482900674827,11.718000411987305,-35.14400100708008,-12.3100004196167
1482900674845,11.718000411987305,-35.14400100708008,-12.3100004196167
1482900674867,11.718000411987305,-35.14400100708008,-12.3100004196167
1482900674887,11.718000411987305,-35.14400100708008,-12.3100004196167
1482900674905,11.718000411987305,-35.14400100708008,-12.3100004196167
1482900674927,11.718000411987305,-35.14400100708008,-12.3100004196167
1482900674952,11.718000411987305,-35.14400100708008,-12.3100004196167
1482900674965,11.718000411987305,-35.14400100708008,-12.3100004196167
1482900674987,11.718000411987305,-35.14400100708008,-12.3100004196167
1482900675006,11.718000411987305,-35.446998596191406,-12.3100004196167
1482900675026,11.718000411987305,-35.446998596191406,-12.3100004196167
1482900675047,11.718000411987305,-35.446998596191406,-12.3100004196167
1482900675066,11.718000411987305,-35.446998596191406,-12.006999969482422
1482900675087,11.718000411987305,-35.446998596191406,-12.006999969482422
1482900675107,11.718000411987305,-35.446998596191406,-12.006999969482422
1482900675132,11.718000411987305,-35.446998596191406,-12.006999969482422
1482900675147,11.718000411987305,-35.446998596191406,-12.006999969482422
1482900675167,11.718000411987305,-35.446998596191406,-12.006999969482422
1482900675187,11.718000411987305,-35.446998596191406,-12.006999969482422
1482900675207,11.718000411987305,-35.446998596191406,-12.006999969482422
1482900675227,11.718000411987305,-35.446998596191406,-12.006999969482422
1482900675247,11.718000411987305,-35.446998596191406,-12.006999969482422
1482900675267,11.718000411987305,-35.446998596191406,-12.006999969482422
1482900675287,11.718000411987305,-35.446998596191406,-12.006999969482422
1482900675310,11.718000411987305,-35.446998596191406,-12.006999969482422
1482900675327,11.718000411987305,-35.446998596191406,-12.006999969482422
1482900675347,11.718000411987305,-35.446998596191406,-12.006999969482422
1482900675367,11.718000411987305,-35.446998596191406,-12.006999969482422
1482900675387,11.718000411987305,-35.446998596191406,-12.006999969482422
1482900675407,11.718000411987305,-35.446998596191406,-12.006999969482422
1482900675427,11.718000411987305,-35.446998596191406,-12.006999969482422
1482900675447,11.718000411987305,-35.446998596191406,-12.006999969482422
1482900675467,11.718000411987305,-35.446998596191406,-12.006999969482422
1482900675518,11.718000411987305,-35.446998596191406,-12.006999969482422
1482900675518,11.718000411987305,-35.446998596191406,-12.006999969482422
1482900675524,11.718000411987305,-35.446998596191406,-12.006999969482422
1482900675546,11.718000411987305,-35.446998596191406,-12.006999969482422
1482900675564,11.718000411987305,-35.446998596191406,-12.006999969482422
1482900675584,11.718000411987305,-35.446998596191406,-12.006999969482422
1482900675604,11.395000457763672,-35.446998596191406,-12.006999969482422
1482900675624,11.395000457763672,-35.446998596191406,-12.006999969482422
1482900675647,11.395000457763672,-35.446998596191406,-12.006999969482422
1482900675673,11.395000457763672,-35.446998596191406,-12.006999969482422
1482900675687,11.395000457763672,-35.446998596191406,-12.006999969482422
1482900675707,11.395000457763672,-35.446998596191406,-12.006999969482422
1482900675727,11.395000457763672,-35.446998596191406,-12.006999969482422
1482900675747,11.395000457763672,-35.446998596191406,-12.006999969482422
1482900675767,11.395000457763672,-35.446998596191406,-12.006999969482422
1482900675788,11.395000457763672,-35.446998596191406,-12.006999969482422
1482900675808,11.395000457763672,-35.446998596191406,-12.006999969482422
1482900675827,11.395000457763672,-35.446998596191406,-12.006999969482422
1482900675853,11.395000457763672,-35.446998596191406,-12.006999969482422
1482900675868,11.395000457763672,-35.446998596191406,-12.006999969482422
1482900675887,11.395000457763672,-35.446998596191406,-12.006999969482422
1482900675908,11.395000457763672,-35.446998596191406,-12.006999969482422
1482900675927,11.395000457763672,-35.446998596191406,-12.006999969482422
1482900675947,11.395000457763672,-35.446998596191406,-12.006999969482422
1482900675968,11.395000457763672,-35.446998596191406,-12.006999969482422
1482900675987,11.395000457763672,-35.446998596191406,-12.006999969482422
1482900676007,11.395000457763672,-35.446998596191406,-12.006999969482422
1482900676033,11.395000457763672,-35.446998596191406,-12.006999969482422
1482900676047,11.395000457763672,-35.446998596191406,-12.006999969482422
1482900676067,11.395000457763672,-35.446998596191406,-12.006999969482422
1482900676085,11.395000457763672,-35.446998596191406,-12.006999969482422
1482900676107,11.395000457763672,-35.446998596191406,-12.006999969482422
1482900676127,11.395000457763672,-35.446998596191406,-12.006999969482422
1482900676147,11.395000457763672,-35.446998596191406,-12.006999969482422
1482900676167,11.395000457763672,-35.446998596191406,-12.006999969482422
1482900676187,11.395000457763672,-35.446998596191406,-12.006999969482422
1482900676213,11.395000457763672,-35.446998596191406,-12.006999969482422
1482900676227,11.395000457763672,-35.446998596191406,-12.006999969482422
1482900676247,11.395000457763672,-35.446998596191406,-12.006999969482422
1482900676268,11.395000457763672,-35.446998596191406,-12.006999969482422
1482900676286,11.395000457763672,-35.446998596191406,-12.006999969482422
1482900676307,11.395000457763672,-35.446998596191406,-12.006999969482422
1482900676327,11.395000457763672,-35.446998596191406,-12.006999969482422
1482900676347,11.395000457763672,-35.446998596191406,-12.006999969482422
1482900676396,11.395000457763672,-35.446998596191406,-12.006999969482422
1482900676396,11.395000457763672,-35.446998596191406,-12.006999969482422
1482900676407,11.395000457763672,-35.446998596191406,-12.006999969482422
1482900676427,11.395000457763672,-35.446998596191406,-12.006999969482422
1482900676448,11.395000457763672,-35.446998596191406,-12.006999969482422
1482900676468,11.395000457763672,-35.446998596191406,-12.006999969482422
1482900676488,11.395000457763672,-35.446998596191406,-12.3100004196167
1482900676508,11.395000457763672,-35.446998596191406,-12.3100004196167
1482900676528,11.395000457763672,-35.446998596191406,-12.3100004196167
1482900676546,11.395000457763672,-35.446998596191406,-12.3100004196167
1482900676575,11.395000457763672,-35.446998596191406,-12.3100004196167
1482900676587,11.395000457763672,-35.446998596191406,-12.3100004196167
1482900676608,11.395000457763672,-35.446998596191406,-12.3100004196167
1482900676628,11.395000457763672,-35.446998596191406,-12.3100004196167
1482900676648,11.395000457763672,-35.446998596191406,-12.3100004196167
1482900676668,11.395000457763672,-35.446998596191406,-12.3100004196167
1482900676688,11.395000457763672,-35.446998596191406,-12.3100004196167
1482900676708,11.395000457763672,-35.446998596191406,-12.3100004196167
1482900676728,11.395000457763672,-35.446998596191406,-12.3100004196167
1482900676752,11.395000457763672,-35.446998596191406,-12.3100004196167
1482900676768,11.395000457763672,-35.446998596191406,-12.3100004196167
1482900676788,11.395000457763672,-35.446998596191406,-12.3100004196167
1482900676809,11.395000457763672,-35.446998596191406,-12.3100004196167
1482900676828,11.395000457763672,-35.446998596191406,-12.3100004196167
1482900676848,11.395000457763672,-35.446998596191406,-12.3100004196167
1482900676869,11.395000457763672,-35.446998596191406,-12.3100004196167
1482900676887,11.395000457763672,-35.446998596191406,-12.3100004196167
1482900676908,11.395000457763672,-35.446998596191406,-12.3100004196167
1482900676935,11.395000457763672,-35.446998596191406,-12.3100004196167
1482900676947,11.395000457763672,-35.446998596191406,-12.3100004196167
1482900676968,11.395000457763672,-35.446998596191406,-12.3100004196167
1482900676989,11.395000457763672,-35.446998596191406,-12.3100004196167
1482900677008,11.395000457763672,-35.446998596191406,-12.3100004196167
1482900677028,11.395000457763672,-35.446998596191406,-12.3100004196167
1482900677049,11.395000457763672,-35.446998596191406,-12.3100004196167
1482900677068,11.395000457763672,-35.446998596191406,-12.3100004196167
1482900677088,11.395000457763672,-35.446998596191406,-12.3100004196167
1482900677115,11.395000457763672,-35.446998596191406,-12.3100004196167
1482900677127,11.395000457763672,-35.446998596191406,-12.3100004196167
1482900677148,11.395000457763672,-35.446998596191406,-12.3100004196167
1482900677169,11.395000457763672,-35.446998596191406,-12.3100004196167
1482900677188,11.395000457763672,-35.446998596191406,-12.3100004196167
1482900677208,11.395000457763672,-35.446998596191406,-12.3100004196167
1482900677229,11.395000457763672,-35.446998596191406,-12.3100004196167
1482900677254,11.395000457763672,-35.446998596191406,-12.3100004196167
1482900677266,11.395000457763672,-35.446998596191406,-12.3100004196167
1482900677290,11.395000457763672,-35.446998596191406,-12.3100004196167
1482900677305,11.395000457763672,-35.446998596191406,-12.3100004196167
1482900677327,11.395000457763672,-35.446998596191406,-12.3100004196167
1482900677351,11.395000457763672,-35.446998596191406,-12.3100004196167
1482900677371,11.395000457763672,-35.446998596191406,-12.3100004196167
1482900677391,11.395000457763672,-35.446998596191406,-12.3100004196167
1482900677406,11.395000457763672,-35.446998596191406,-12.3100004196167
1482900677426,11.395000457763672,-35.446998596191406,-12.3100004196167
1482900677447,11.395000457763672,-35.446998596191406,-12.3100004196167
1482900677472,11.395000457763672,-35.446998596191406,-12.3100004196167
1482900677487,11.395000457763672,-35.446998596191406,-12.3100004196167
1482900677508,11.395000457763672,-35.446998596191406,-12.3100004196167
1482900677527,11.395000457763672,-35.446998596191406,-12.3100004196167
1482900677547,11.395000457763672,-35.446998596191406,-12.3100004196167
1482900677566,11.395000457763672,-35.446998596191406,-12.3100004196167
1482900677586,11.395000457763672,-35.446998596191406,-12.3100004196167
1482900677606,11.395000457763672,-35.446998596191406,-12.3100004196167
1482900677626,11.395000457763672,-35.446998596191406,-12.3100004196167
1482900677653,11.395000457763672,-35.446998596191406,-12.3100004196167
1482900677668,11.395000457763672,-35.446998596191406,-12.3100004196167
1482900677687,11.395000457763672,-35.446998596191406,-12.3100004196167
1482900677709,11.395000457763672,-35.446998596191406,-12.3100004196167
1482900677729,11.395000457763672,-35.446998596191406,-12.3100004196167
1482900677748,11.395000457763672,-35.446998596191406,-12.3100004196167
1482900677769,11.395000457763672,-35.446998596191406,-11.99899959564209
1482900677787,11.395000457763672,-35.446998596191406,-11.99899959564209
1482900677807,11.395000457763672,-35.446998596191406,-11.99899959564209
1482900677835,11.395000457763672,-35.446998596191406,-11.99899959564209
1482900677848,11.395000457763672,-35.446998596191406,-11.99899959564209
1482900677868,11.395000457763672,-35.446998596191406,-11.99899959564209
1482900677887,11.395000457763672,-35.446998596191406,-11.99899959564209
1482900677909,11.395000457763672,-35.446998596191406,-11.99899959564209
1482900677929,11.395000457763672,-35.446998596191406,-11.99899959564209
1482900677949,11.395000457763672,-35.446998596191406,-11.99899959564209
1482900677969,11.395000457763672,-35.446998596191406,-11.99899959564209
1482900677989,11.395000457763672,-35.446998596191406,-11.99899959564209
1482900678016,11.395000457763672,-35.446998596191406,-11.99899959564209
1482900678027,11.395000457763672,-35.446998596191406,-11.99899959564209
1482900678048,11.395000457763672,-35.446998596191406,-11.99899959564209
1482900678069,11.395000457763672,-35.446998596191406,-11.99899959564209
1482900678089,11.395000457763672,-35.446998596191406,-11.99899959564209
1482900678107,11.395000457763672,-35.446998596191406,-11.99899959564209
1482900678130,11.395000457763672,-35.446998596191406,-11.99899959564209
1482900678149,11.395000457763672,-35.446998596191406,-11.99899959564209
1482900678169,11.395000457763672,-35.446998596191406,-11.99899959564209
1482900678196,11.395000457763672,-35.446998596191406,-11.99899959564209
1482900678207,11.395000457763672,-35.446998596191406,-11.99899959564209
1482900678229,11.395000457763672,-35.446998596191406,-11.99899959564209
1482900678247,11.395000457763672,-35.446998596191406,-11.99899959564209
1482900678267,11.395000457763672,-35.446998596191406,-11.99899959564209
1482900678287,11.395000457763672,-35.446998596191406,-11.99899959564209
1482900678308,11.395000457763672,-35.446998596191406,-11.99899959564209
1482900678329,11.395000457763672,-35.446998596191406,-11.99899959564209
1482900678349,11.395000457763672,-35.446998596191406,-11.99899959564209
1482900678376,11.395000457763672,-35.446998596191406,-11.99899959564209
1482900678387,11.395000457763672,-35.446998596191406,-11.99899959564209
1482900678409,11.395000457763672,-35.446998596191406,-11.99899959564209
1482900678430,11.395000457763672,-35.446998596191406,-11.99899959564209
1482900678449,11.395000457763672,-35.446998596191406,-11.99899959564209
1482900678469,11.395000457763672,-35.446998596191406,-11.99899959564209
1482900678490,11.395000457763672,-35.446998596191406,-11.99899959564209
1482900678508,11.395000457763672,-35.446998596191406,-11.99899959564209
1482900678529,11.395000457763672,-35.446998596191406,-11.99899959564209
1482900678553,11.395000457763672,-35.446998596191406,-11.99899959564209
1482900678568,11.395000457763672,-35.446998596191406,-11.99899959564209
1482900678590,11.395000457763672,-35.446998596191406,-11.99899959564209
1482900678610,11.395000457763672,-35.446998596191406,-11.99899959564209
1482900678630,11.395000457763672,-35.446998596191406,-11.99899959564209
1482900678650,11.395000457763672,-35.446998596191406,-11.99899959564209
1482900678670,11.395000457763672,-35.446998596191406,-11.99899959564209
1482900678690,11.395000457763672,-35.446998596191406,-11.99899959564209
1482900678710,11.395000457763672,-35.446998596191406,-11.99899959564209
1482900678736,11.395000457763672,-35.446998596191406,-11.99899959564209
1482900678748,11.395000457763672,-35.446998596191406,-11.99899959564209
1482900678770,11.395000457763672,-35.446998596191406,-11.99899959564209
1482900678790,11.395000457763672,-35.446998596191406,-11.99899959564209
1482900678810,11.395000457763672,-35.446998596191406,-11.99899959564209
1482900678830,11.395000457763672,-35.446998596191406,-11.99899959564209
1482900678850,11.395000457763672,-35.446998596191406,-11.99899959564209
1482900678870,11.395000457763672,-35.446998596191406,-11.99899959564209
1482900678888,11.395000457763672,-35.446998596191406,-11.99899959564209
1482900678916,11.395000457763672,-35.446998596191406,-11.99899959564209
1482900678930,11.395000457763672,-35.446998596191406,-11.99899959564209
1482900678950,11.395000457763672,-35.446998596191406,-11.99899959564209
1482900678970,11.395000457763672,-35.446998596191406,-11.99899959564209
1482900678990,11.395000457763672,-35.446998596191406,-11.99899959564209
1482900679010,11.395000457763672,-35.446998596191406,-11.99899959564209
1482900679031,11.395000457763672,-35.446998596191406,-11.99899959564209
1482900679050,11.395000457763672,-35.446998596191406,-11.99899959564209
1482900679070,11.395000457763672,-35.446998596191406,-11.99899959564209
1482900679096,11.395000457763672,-35.446998596191406,-11.99899959564209
1482900679110,11.395000457763672,-35.446998596191406,-11.99899959564209
1482900679130,11.395000457763672,-35.446998596191406,-11.99899959564209
1482900679155,11.395000457763672,-35.446998596191406,-11.99899959564209
1482900679170,11.395000457763672,-35.446998596191406,-11.99899959564209
1482900679189,11.395000457763672,-35.446998596191406,-11.99899959564209
1482900679209,11.395000457763672,-35.446998596191406,-11.99899959564209
1482900679229,11.395000457763672,-35.446998596191406,-11.99899959564209
1482900679250,11.395000457763672,-35.446998596191406,-11.99899959564209
1482900679276,11.395000457763672,-35.446998596191406,-11.99899959564209
1482900679290,11.395000457763672,-35.446998596191406,-11.99899959564209
1482900679310,11.395000457763672,-35.446998596191406,-11.99899959564209
1482900679330,11.395000457763672,-35.446998596191406,-11.99899959564209
1482900679349,11.395000457763672,-35.446998596191406,-11.99899959564209
1482900679369,11.395000457763672,-35.446998596191406,-11.99899959564209
1482900679390,11.395000457763672,-35.446998596191406,-11.99899959564209
1482900679408,11.395000457763672,-35.446998596191406,-11.99899959564209
1482900679430,11.395000457763672,-35.446998596191406,-11.99899959564209
1482900679455,11.395000457763672,-35.446998596191406,-11.99899959564209
1482900679470,11.395000457763672,-35.446998596191406,-11.99899959564209
1482900679490,11.395000457763672,-35.446998596191406,-11.99899959564209
1482900679511,11.395000457763672,-35.446998596191406,-11.99899959564209
1482900679551,11.395000457763672,-35.446998596191406,-11.99899959564209
1482900679552,11.395000457763672,-35.446998596191406,-11.99899959564209
1482900679568,11.395000457763672,-35.446998596191406,-11.99899959564209
1482900679588,11.395000457763672,-35.446998596191406,-11.99899959564209
1482900679607,11.395000457763672,-35.446998596191406,-11.99899959564209
1482900679631,11.395000457763672,-35.446998596191406,-11.99899959564209
1482900679647,11.395000457763672,-35.446998596191406,-11.99899959564209
1482900679668,11.395000457763672,-35.446998596191406,-11.99899959564209
1482900679691,11.395000457763672,-35.446998596191406,-11.99899959564209
1482900679709,11.395000457763672,-35.446998596191406,-11.99899959564209
1482900679730,11.395000457763672,-35.446998596191406,-11.99899959564209
1482900679751,11.395000457763672,-35.446998596191406,-11.99899959564209
1482900679771,11.395000457763672,-35.446998596191406,-11.99899959564209
1482900679790,11.395000457763672,-35.446998596191406,-11.99899959564209
1482900679837,11.395000457763672,-35.446998596191406,-11.99899959564209
1482900679837,11.395000457763672,-35.446998596191406,-11.99899959564209
1482900679848,11.395000457763672,-35.446998596191406,-11.99899959564209
1482900679870,11.395000457763672,-35.446998596191406,-11.99899959564209
1482900679890,11.395000457763672,-35.446998596191406,-11.99899959564209
1482900679908,11.395000457763672,-35.446998596191406,-11.697999954223633
1482900679932,11.395000457763672,-35.446998596191406,-11.697999954223633
1482900679952,11.395000457763672,-35.446998596191406,-11.697999954223633
1482900679972,11.395000457763672,-35.446998596191406,-11.697999954223633
1482900679996,11.395000457763672,-35.446998596191406,-11.697999954223633
1482900680012,11.395000457763672,-35.446998596191406,-11.697999954223633
1482900680032,11.395000457763672,-35.446998596191406,-11.697999954223633
1482900680050,11.395000457763672,-35.446998596191406,-11.697999954223633
1482900680072,11.395000457763672,-35.446998596191406,-11.697999954223633
1482900680092,11.395000457763672,-35.446998596191406,-11.697999954223633
1482900680112,11.395000457763672,-35.446998596191406,-11.697999954223633
1482900680132,11.395000457763672,-35.446998596191406,-11.697999954223633
1482900680152,11.395000457763672,-35.446998596191406,-11.697999954223633
1482900680173,11.395000457763672,-35.446998596191406,-11.697999954223633
1482900680188,11.395000457763672,-35.446998596191406,-11.697999954223633
1482900680211,11.395000457763672,-35.446998596191406,-11.697999954223633
1482900680231,11.395000457763672,-35.446998596191406,-11.697999954223633
1482900680251,11.395000457763672,-35.446998596191406,-11.697999954223633
1482900680271,11.395000457763672,-35.446998596191406,-11.697999954223633
1482900680291,11.395000457763672,-35.446998596191406,-11.697999954223633
1482900680311,11.395000457763672,-35.446998596191406,-11.697999954223633
1482900680331,11.395000457763672,-35.446998596191406,-12.041999816894531
1482900680357,11.395000457763672,-35.446998596191406,-12.041999816894531
1482900680371,11.395000457763672,-35.446998596191406,-12.041999816894531
1482900680391,11.395000457763672,-35.446998596191406,-12.041999816894531
1482900680411,11.395000457763672,-35.446998596191406,-12.041999816894531
1482900680431,11.395000457763672,-35.446998596191406,-12.041999816894531
1482900680449,11.395000457763672,-35.446998596191406,-12.041999816894531
1482900680471,11.395000457763672,-35.446998596191406,-12.041999816894531
1482900680490,11.395000457763672,-35.446998596191406,-12.041999816894531
1482900680511,11.395000457763672,-35.446998596191406,-12.041999816894531
1482900680536,11.395000457763672,-35.446998596191406,-12.041999816894531
1482900680550,11.395000457763672,-35.446998596191406,-12.041999816894531
1482900680571,11.395000457763672,-35.446998596191406,-12.041999816894531
1482900680592,11.395000457763672,-35.446998596191406,-12.041999816894531
1482900680611,11.395000457763672,-35.446998596191406,-12.041999816894531
1482900680631,11.395000457763672,-35.446998596191406,-12.041999816894531
1482900680652,11.395000457763672,-35.446998596191406,-12.041999816894531
1482900680671,11.395000457763672,-35.446998596191406,-12.041999816894531
1482900680691,11.395000457763672,-35.446998596191406,-12.041999816894531
1482900680717,11.395000457763672,-35.446998596191406,-12.041999816894531
1482900680731,11.395000457763672,-35.446998596191406,-12.041999816894531
1482900680749,11.395000457763672,-35.446998596191406,-12.041999816894531
1482900680772,11.395000457763672,-35.446998596191406,-12.041999816894531
1482900680792,11.395000457763672,-35.446998596191406,-12.041999816894531
1482900680812,11.395000457763672,-35.446998596191406,-12.041999816894531
1482900680832,11.395000457763672,-35.446998596191406,-12.041999816894531
1482900680852,11.395000457763672,-35.446998596191406,-12.041999816894531
1482900680869,11.395000457763672,-35.446998596191406,-12.041999816894531
1482900680896,11.395000457763672,-35.446998596191406,-12.041999816894531
1482900680911,11.395000457763672,-35.446998596191406,-12.041999816894531
1482900680931,11.395000457763672,-35.446998596191406,-12.041999816894531
1482900680952,11.395000457763672,-35.446998596191406,-12.041999816894531
1482900680972,11.395000457763672,-35.446998596191406,-12.041999816894531
1482900680992,11.395000457763672,-35.446998596191406,-12.041999816894531
1482900681012,11.090999603271484,-35.446998596191406,-12.041999816894531
1482900681032,11.090999603271484,-35.446998596191406,-12.041999816894531
1482900681052,11.090999603271484,-35.446998596191406,-12.041999816894531
1482900681078,11.090999603271484,-35.446998596191406,-12.041999816894531
1482900681092,11.090999603271484,-35.446998596191406,-12.041999816894531
1482900681112,11.090999603271484,-35.446998596191406,-12.041999816894531
1482900681132,11.090999603271484,-35.446998596191406,-12.041999816894531
1482900681152,11.090999603271484,-35.446998596191406,-12.041999816894531
1482900681172,11.090999603271484,-35.446998596191406,-12.041999816894531
1482900681193,11.090999603271484,-35.446998596191406,-12.041999816894531
1482900681212,11.090999603271484,-35.446998596191406,-12.041999816894531
1482900681232,11.090999603271484,-35.446998596191406,-12.041999816894531
1482900681258,11.090999603271484,-35.446998596191406,-12.041999816894531
1482900681272,11.090999603271484,-35.446998596191406,-12.041999816894531
1482900681292,11.090999603271484,-35.446998596191406,-12.041999816894531
1482900681313,11.090999603271484,-35.446998596191406,-12.041999816894531
1482900681332,11.090999603271484,-35.446998596191406,-12.041999816894531
1482900681352,11.090999603271484,-35.446998596191406,-12.041999816894531
1482900681373,11.090999603271484,-35.446998596191406,-12.041999816894531
1482900681392,11.090999603271484,-35.446998596191406,-12.041999816894531
1482900681412,11.090999603271484,-35.446998596191406,-12.041999816894531
1482900681438,11.090999603271484,-35.446998596191406,-12.041999816894531
1482900681453,11.090999603271484,-35.446998596191406,-12.041999816894531
1482900681472,11.090999603271484,-35.446998596191406,-12.041999816894531
1482900681493,11.090999603271484,-35.446998596191406,-12.041999816894531
1482900681512,11.090999603271484,-35.446998596191406,-12.041999816894531
1482900681532,11.090999603271484,-35.446998596191406,-12.041999816894531
1482900681580,11.090999603271484,-35.446998596191406,-12.041999816894531
1482900681580,11.090999603271484,-35.446998596191406,-11.72599983215332
1482900681590,11.090999603271484,-35.446998596191406,-11.72599983215332
1482900681613,11.090999603271484,-35.446998596191406,-11.72599983215332
1482900681629,11.090999603271484,-35.446998596191406,-11.72599983215332
1482900681649,11.090999603271484,-35.446998596191406,-11.72599983215332
1482900681670,11.090999603271484,-35.446998596191406,-11.72599983215332
1482900681690,11.090999603271484,-35.446998596191406,-11.72599983215332
1482900681710,11.090999603271484,-35.446998596191406,-11.72599983215332
1482900681733,11.090999603271484,-35.446998596191406,-11.72599983215332
1482900681752,11.090999603271484,-35.446998596191406,-11.72599983215332
1482900681773,11.090999603271484,-35.446998596191406,-11.72599983215332
1482900681797,11.090999603271484,-35.446998596191406,-11.72599983215332
1482900681812,11.090999603271484,-35.446998596191406,-11.72599983215332
1482900681832,11.090999603271484,-35.446998596191406,-11.72599983215332
1482900681853,11.090999603271484,-35.446998596191406,-11.72599983215332
1482900681873,11.090999603271484,-35.446998596191406,-11.72599983215332
1482900681892,11.090999603271484,-35.446998596191406,-11.72599983215332
1482900681911,11.090999603271484,-35.446998596191406,-11.72599983215332
1482900681933,11.090999603271484,-35.446998596191406,-11.72599983215332
1482900681953,11.090999603271484,-35.446998596191406,-11.72599983215332
1482900681977,11.090999603271484,-35.446998596191406,-11.72599983215332
1482900681993,11.090999603271484,-35.446998596191406,-11.72599983215332
1482900682014,11.090999603271484,-35.446998596191406,-11.72599983215332
1482900682033,11.090999603271484,-35.446998596191406,-11.72599983215332
1482900682052,11.090999603271484,-35.446998596191406,-11.72599983215332
1482900682073,11.090999603271484,-35.446998596191406,-11.72599983215332
1482900682093,11.090999603271484,-35.446998596191406,-11.72599983215332
1482900682113,11.090999603271484,-35.446998596191406,-11.72599983215332
1482900682133,11.090999603271484,-35.446998596191406,-11.72599983215332
1482900682159,11.090999603271484,-35.446998596191406,-11.72599983215332
1482900682173,11.090999603271484,-35.446998596191406,-11.72599983215332
1482900682193,11.090999603271484,-35.446998596191406,-11.72599983215332
1482900682219,11.090999603271484,-35.446998596191406,-11.72599983215332
1482900682230,11.090999603271484,-35.446998596191406,-11.72599983215332
1482900682253,11.090999603271484,-35.446998596191406,-11.72599983215332
1482900682273,11.090999603271484,-35.446998596191406,-11.72599983215332
1482900682293,11.090999603271484,-35.446998596191406,-11.72599983215332
1482900682313,11.090999603271484,-35.446998596191406,-11.72599983215332
1482900682339,11.090999603271484,-35.446998596191406,-11.72599983215332
1482900682353,11.090999603271484,-35.446998596191406,-11.72599983215332
1482900682373,11.090999603271484,-35.446998596191406,-11.72599983215332
1482900682393,11.090999603271484,-35.446998596191406,-12.039999961853027
1482900682413,11.090999603271484,-35.446998596191406,-12.039999961853027
1482900682433,11.090999603271484,-35.446998596191406,-12.039999961853027
1482900682454,11.090999603271484,-35.446998596191406,-12.039999961853027
1482900682473,11.090999603271484,-35.446998596191406,-12.039999961853027
1482900682492,11.090999603271484,-35.446998596191406,-12.039999961853027
1482900682527,11.090999603271484,-35.446998596191406,-12.039999961853027
1482900682531,11.090999603271484,-35.446998596191406,-12.039999961853027
1482900682553,11.090999603271484,-35.446998596191406,-12.039999961853027
1482900682578,11.090999603271484,-35.446998596191406,-12.039999961853027
1482900682593,11.090999603271484,-35.446998596191406,-12.039999961853027
1482900682613,11.090999603271484,-35.446998596191406,-12.039999961853027
1482900682634,11.090999603271484,-35.446998596191406,-12.039999961853027
1482900682653,11.090999603271484,-35.446998596191406,-12.039999961853027
1482900682673,11.090999603271484,-35.446998596191406,-12.039999961853027
1482900682696,11.090999603271484,-35.446998596191406,-12.039999961853027
1482900682713,11.090999603271484,-35.446998596191406,-12.039999961853027
1482900682732,11.090999603271484,-35.446998596191406,-12.039999961853027
1482900682754,11.090999603271484,-35.446998596191406,-12.039999961853027
1482900682773,11.090999603271484,-35.446998596191406,-12.039999961853027
1482900682793,11.090999603271484,-35.446998596191406,-12.039999961853027
1482900682814,11.090999603271484,-35.446998596191406,-12.039999961853027
1482900682833,11.090999603271484,-35.446998596191406,-12.039999961853027
1482900682854,11.090999603271484,-35.446998596191406,-12.039999961853027
1482900682877,11.090999603271484,-35.446998596191406,-11.722999572753906
1482900682894,11.401000022888184,-35.446998596191406,-11.722999572753906
1482900682913,11.401000022888184,-35.446998596191406,-11.722999572753906
1482900682935,11.401000022888184,-35.446998596191406,-11.722999572753906
1482900682954,11.401000022888184,-35.446998596191406,-11.722999572753906
1482900682974,11.401000022888184,-35.446998596191406,-11.722999572753906
1482900682994,11.401000022888184,-35.446998596191406,-11.722999572753906
1482900683014,11.401000022888184,-35.446998596191406,-11.722999572753906
1482900683034,11.401000022888184,-35.446998596191406,-11.722999572753906
1482900683059,11.401000022888184,-35.446998596191406,-11.722999572753906
1482900683074,11.401000022888184,-35.446998596191406,-11.722999572753906
1482900683094,11.401000022888184,-35.446998596191406,-11.722999572753906
1482900683114,11.401000022888184,-35.446998596191406,-11.722999572753906
1482900683139,11.401000022888184,-35.446998596191406,-11.722999572753906
1482900683154,11.401000022888184,-35.446998596191406,-11.722999572753906
1482900683174,11.401000022888184,-35.446998596191406,-11.722999572753906
1482900683195,11.093000411987305,-35.446998596191406,-11.722999572753906
1482900683214,11.093000411987305,-35.446998596191406,-11.722999572753906
1482900683240,11.093000411987305,-35.446998596191406,-11.722999572753906
1482900683254,11.093000411987305,-35.446998596191406,-11.722999572753906
1482900683274,11.093000411987305,-35.446998596191406,-11.722999572753906
1482900683294,11.093000411987305,-35.446998596191406,-11.722999572753906
1482900683315,11.093000411987305,-35.446998596191406,-11.722999572753906
1482900683334,11.093000411987305,-35.446998596191406,-11.722999572753906
1482900683353,11.093000411987305,-35.446998596191406,-11.722999572753906
1482900683374,11.093000411987305,-35.446998596191406,-11.722999572753906
1482900683394,11.093000411987305,-35.446998596191406,-11.722999572753906
1482900683420,11.093000411987305,-35.446998596191406,-11.722999572753906
1482900683435,11.093000411987305,-35.446998596191406,-11.722999572753906
1482900683453,11.093000411987305,-35.446998596191406,-11.722999572753906
1482900683475,11.093000411987305,-35.446998596191406,-11.722999572753906
1482900683494,11.093000411987305,-35.446998596191406,-11.722999572753906
1482900683514,11.093000411987305,-35.446998596191406,-11.722999572753906
1482900683534,11.093000411987305,-35.446998596191406,-11.722999572753906
1482900683555,11.093000411987305,-35.446998596191406,-11.722999572753906
1482900683574,11.093000411987305,-35.446998596191406,-11.722999572753906
1482900683599,11.093000411987305,-35.446998596191406,-11.722999572753906
1482900683615,11.093000411987305,-35.446998596191406,-11.722999572753906
1482900683637,11.093000411987305,-35.446998596191406,-11.722999572753906
1482900683652,11.093000411987305,-35.446998596191406,-11.722999572753906
1482900683671,11.093000411987305,-35.446998596191406,-11.722999572753906
1482900683691,11.093000411987305,-35.446998596191406,-11.722999572753906
1482900683712,11.093000411987305,-35.446998596191406,-11.722999572753906
1482900683732,11.093000411987305,-35.446998596191406,-11.722999572753906
1482900683752,11.093000411987305,-35.446998596191406,-11.722999572753906
1482900683780,11.093000411987305,-35.446998596191406,-11.401000022888184
1482900683794,11.093000411987305,-35.446998596191406,-11.401000022888184
1482900683814,11.093000411987305,-35.446998596191406,-11.401000022888184
1482900683835,11.093000411987305,-35.446998596191406,-11.401000022888184
1482900683853,11.093000411987305,-35.446998596191406,-11.401000022888184
1482900683881,10.777999877929688,-35.446998596191406,-11.401000022888184
1482900683895,10.777999877929688,-35.446998596191406,-11.401000022888184
1482900683915,10.777999877929688,-35.446998596191406,-11.401000022888184
1482900683935,10.777999877929688,-35.446998596191406,-11.401000022888184
1482900683960,10.777999877929688,-35.446998596191406,-11.401000022888184
1482900683974,10.777999877929688,-35.446998596191406,-11.401000022888184
1482900683994,10.777999877929688,-35.446998596191406,-11.401000022888184
1482900684015,10.777999877929688,-35.446998596191406,-11.401000022888184
1482900684035,10.777999877929688,-35.446998596191406,-11.401000022888184
1482900684053,10.777999877929688,-35.446998596191406,-11.401000022888184
1482900684075,10.777999877929688,-35.446998596191406,-11.401000022888184
1482900684095,10.777999877929688,-35.446998596191406,-11.401000022888184
1482900684115,10.777999877929688,-35.446998596191406,-11.401000022888184
1482900684139,10.777999877929688,-35.446998596191406,-11.401000022888184
1482900684153,10.777999877929688,-35.446998596191406,-11.401000022888184
1482900684175,10.777999877929688,-35.446998596191406,-11.401000022888184
1482900684195,10.777999877929688,-35.446998596191406,-11.401000022888184
1482900684215,10.777999877929688,-35.446998596191406,-11.401000022888184
1482900684235,10.777999877929688,-35.446998596191406,-11.401000022888184
1482900684255,10.777999877929688,-35.446998596191406,-11.401000022888184
1482900684275,10.777999877929688,-35.446998596191406,-11.401000022888184
1482900684295,10.777999877929688,-35.446998596191406,-11.401000022888184
1482900684321,10.777999877929688,-35.446998596191406,-11.401000022888184
1482900684335,10.777999877929688,-35.446998596191406,-11.401000022888184
1482900684355,10.777999877929688,-35.446998596191406,-11.401000022888184
1482900684375,10.777999877929688,-35.446998596191406,-11.401000022888184
1482900684395,10.777999877929688,-35.446998596191406,-11.401000022888184
1482900684415,10.777999877929688,-35.446998596191406,-11.401000022888184
1482900684436,10.777999877929688,-35.446998596191406,-11.401000022888184
1482900684455,10.777999877929688,-35.446998596191406,-11.401000022888184
1482900684478,10.777999877929688,-35.446998596191406,-11.401000022888184
1482900684500,10.777999877929688,-35.446998596191406,-11.401000022888184
1482900684515,10.777999877929688,-35.446998596191406,-11.401000022888184
1482900684535,10.777999877929688,-35.446998596191406,-11.401000022888184
1482900684555,10.777999877929688,-35.446998596191406,-11.401000022888184
1482900684575,10.777999877929688,-35.446998596191406,-11.401000022888184
1482900684607,10.777999877929688,-35.446998596191406,-11.401000022888184
1482900684613,10.777999877929688,-35.446998596191406,-11.401000022888184
1482900684632,10.777999877929688,-35.446998596191406,-11.401000022888184
1482900684652,10.777999877929688,-35.446998596191406,-11.401000022888184
1482900684677,10.777999877929688,-35.446998596191406,-11.401000022888184
1482900684692,10.777999877929688,-35.446998596191406,-11.401000022888184
1482900684712,10.777999877929688,-35.446998596191406,-11.401000022888184
1482900684733,10.777999877929688,-35.446998596191406,-11.401000022888184
1482900684755,10.777999877929688,-35.446998596191406,-11.401000022888184
1482900684780,10.777999877929688,-35.446998596191406,-11.401000022888184
1482900684795,10.777999877929688,-35.446998596191406,-11.401000022888184
1482900684815,10.777999877929688,-35.446998596191406,-11.401000022888184
1482900684834,10.777999877929688,-35.446998596191406,-11.401000022888184
1482900684859,10.777999877929688,-35.446998596191406,-11.401000022888184
1482900684873,10.777999877929688,-35.446998596191406,-11.401000022888184
1482900684893,10.777999877929688,-35.446998596191406,-11.401000022888184
1482900684929,10.777999877929688,-35.446998596191406,-11.401000022888184
1482900684935,10.777999877929688,-35.446998596191406,-11.401000022888184
1482900684957,10.777999877929688,-35.446998596191406,-11.401000022888184
1482900684977,10.777999877929688,-35.446998596191406,-11.401000022888184
1482900684995,10.777999877929688,-35.446998596191406,-11.401000022888184
1482900685015,11.081999778747559,-35.446998596191406,-11.401000022888184
1482900685039,11.081999778747559,-35.446998596191406,-11.401000022888184
1482900685055,11.081999778747559,-35.446998596191406,-11.401000022888184
1482900685076,11.081999778747559,-35.446998596191406,-11.401000022888184
1482900685096,11.081999778747559,-35.446998596191406,-11.734000205993652
1482900685116,11.081999778747559,-35.446998596191406,-11.734000205993652
1482900685136,11.081999778747559,-35.446998596191406,-11.734000205993652
1482900685156,11.081999778747559,-35.446998596191406,-11.734000205993652
1482900685176,11.081999778747559,-35.446998596191406,-11.734000205993652
1482900685195,11.081999778747559,-35.446998596191406,-11.734000205993652
1482900685221,11.081999778747559,-35.446998596191406,-11.734000205993652
1482900685235,11.081999778747559,-35.446998596191406,-11.734000205993652
1482900685255,11.081999778747559,-35.446998596191406,-11.734000205993652
1482900685276,11.081999778747559,-35.446998596191406,-11.734000205993652
1482900685296,11.081999778747559,-35.446998596191406,-11.734000205993652
1482900685316,11.081999778747559,-35.446998596191406,-11.734000205993652
1482900685336,11.081999778747559,-35.446998596191406,-11.734000205993652
1482900685356,11.081999778747559,-35.446998596191406,-11.734000205993652
1482900685376,11.081999778747559,-35.446998596191406,-11.734000205993652
1482900685402,11.081999778747559,-35.446998596191406,-11.734000205993652
1482900685416,11.081999778747559,-35.446998596191406,-11.734000205993652
1482900685436,11.081999778747559,-35.446998596191406,-11.734000205993652
1482900685457,11.081999778747559,-35.446998596191406,-11.734000205993652
1482900685477,11.081999778747559,-35.446998596191406,-11.734000205993652
1482900685493,11.081999778747559,-35.446998596191406,-11.734000205993652
1482900685515,11.081999778747559,-35.446998596191406,-11.734000205993652
1482900685536,11.081999778747559,-35.446998596191406,-11.734000205993652
1482900685556,11.081999778747559,-35.446998596191406,-11.734000205993652
1482900685582,11.081999778747559,-35.446998596191406,-11.734000205993652
1482900685596,11.081999778747559,-35.446998596191406,-11.734000205993652
1482900685629,11.081999778747559,-35.446998596191406,-11.734000205993652
1482900685634,11.081999778747559,-35.446998596191406,-11.734000205993652
1482900685653,11.081999778747559,-35.446998596191406,-11.734000205993652
1482900685673,11.081999778747559,-35.446998596191406,-11.734000205993652
1482900685693,11.081999778747559,-35.446998596191406,-11.734000205993652
1482900685713,11.081999778747559,-35.446998596191406,-11.734000205993652
1482900685733,11.081999778747559,-35.446998596191406,-11.734000205993652
1482900685761,11.081999778747559,-35.446998596191406,-11.734000205993652
1482900685776,11.081999778747559,-35.446998596191406,-11.734000205993652
1482900685796,11.081999778747559,-35.446998596191406,-11.734000205993652
1482900685817,11.081999778747559,-35.446998596191406,-11.734000205993652
1482900685836,11.081999778747559,-35.446998596191406,-11.734000205993652
1482900685857,11.081999778747559,-35.446998596191406,-11.734000205993652
1482900685877,11.081999778747559,-35.446998596191406,-11.734000205993652
1482900685897,11.081999778747559,-35.446998596191406,-11.734000205993652
1482900685916,11.081999778747559,-35.446998596191406,-11.734000205993652
1482900685943,11.081999778747559,-35.446998596191406,-11.734000205993652
1482900685957,11.081999778747559,-35.446998596191406,-11.734000205993652
1482900685977,11.081999778747559,-35.446998596191406,-11.734000205993652
1482900685997,11.081999778747559,-35.446998596191406,-11.734000205993652
1482900686017,11.081999778747559,-35.446998596191406,-11.734000205993652
1482900686037,11.081999778747559,-35.446998596191406,-11.734000205993652
1482900686055,11.081999778747559,-35.446998596191406,-11.734000205993652
