,timestamp,ax,ay,az
0,0.0,-0.9074024558067322,-1.7842788696289065,9.191938400268556
1,50.0,-0.9074024558067322,-1.7842788696289065,9.191938400268556
2,100.0,-0.9074024558067322,-1.7842788696289065,9.191938400268556
3,150.0,-0.9074024558067322,-1.7842788696289065,9.191938400268556
4,200.0,-1.1001356840133667,-2.297835111618042,9.727641105651855
5,250.0,-1.1001356840133667,-2.297835111618042,9.727641105651855
6,300.0,-1.1001356840133667,-2.297835111618042,9.727641105651855
7,350.0,-1.1001356840133667,-2.297835111618042,9.727641105651855
8,400.0,-0.7368155717849731,-2.1039047241210938,9.458293914794922
9,450.0,-0.7368155717849731,-2.1039047241210938,9.458293914794922
10,500.0,-0.7368155717849731,-2.1039047241210938,9.458293914794922
11,550.0,-3.16513466835022,-1.6466121673583984,8.917802810668945
12,600.0,-3.16513466835022,-1.6466121673583984,8.917802810668945
13,650.0,-3.16513466835022,-1.6466121673583984,8.917802810668945
14,700.0,-3.16513466835022,-1.6466121673583984,8.917802810668945
15,750.0,-2.538452386856079,-3.1657330989837646,8.829216957092285
16,800.0,-2.538452386856079,-3.1657330989837646,8.829216957092285
17,850.0,-2.538452386856079,-3.1657330989837646,8.829216957092285
18,900.0,-2.538452386856079,-3.1657330989837646,8.829216957092285
19,950.0,-1.2749123573303225,-3.1669301986694336,8.734047889709473
20,1000.0,-1.2749123573303225,-3.1669301986694336,8.734047889709473
21,1050.0,-1.2749123573303225,-3.1669301986694336,8.734047889709473
22,1100.0,-1.9638439416885376,-4.704606533050537,8.055291175842285
23,1150.0,-1.9638439416885376,-4.704606533050537,8.055291175842285
24,1200.0,-1.9638439416885376,-4.704606533050537,8.055291175842285
25,1250.0,-1.9638439416885376,-4.704606533050537,8.055291175842285
26,1300.0,-0.5219359993934631,-5.367201805114746,7.678205013275146
27,1350.0,-0.5219359993934631,-5.367201805114746,7.678205013275146
28,1400.0,-0.5219359993934631,-5.367201805114746,7.678205013275146
29,1450.0,-0.4854243993759155,-5.813720226287843,7.769783020019531
30,1500.0,-0.4854243993759155,-5.813720226287843,7.769783020019531
31,1550.0,-0.4854243993759155,-5.813720226287843,7.769783020019531
32,1600.0,-0.4854243993759155,-5.813720226287843,7.769783020019531
33,1650.0,-1.0881646871566772,-5.641936302185059,7.424419403076173
34,1700.0,-1.0881646871566772,-5.641936302185059,7.424419403076173
35,1750.0,-1.0881646871566772,-5.641936302185059,7.424419403076173
36,1800.0,-1.0881646871566772,-5.641936302185059,7.424419403076173
37,1850.0,-1.162384867668152,-5.67964506149292,7.527369976043701
38,1900.0,-1.162384867668152,-5.67964506149292,7.527369976043701
39,1950.0,-1.162384867668152,-5.67964506149292,7.527369976043701
40,2000.0,-1.4095861911773682,-5.615001678466797,7.520187377929687
41,2050.0,-1.4095861911773682,-5.615001678466797,7.520187377929687
42,2100.0,-1.4095861911773682,-5.615001678466797,7.520187377929687
43,2150.0,-1.4095861911773682,-5.615001678466797,7.520187377929687
44,2200.0,-1.3640964031219482,-5.426458358764648,7.574655532836914
45,2250.0,-1.3640964031219482,-5.426458358764648,7.574655532836914
46,2300.0,-1.3640964031219482,-5.426458358764648,7.574655532836914
47,2350.0,-1.4095861911773682,-5.323507308959961,7.660846710205077
48,2400.0,-1.4095861911773682,-5.323507308959961,7.660846710205077
49,2450.0,-1.4095861911773682,-5.323507308959961,7.660846710205077
50,2500.0,-1.4095861911773682,-5.323507308959961,7.660846710205077
51,2550.0,-1.3162124156951904,-5.4025163650512695,7.569867134094237
52,2600.0,-1.3162124156951904,-5.4025163650512695,7.569867134094237
53,2650.0,-1.3162124156951904,-5.4025163650512695,7.569867134094237
54,2700.0,-1.3162124156951904,-5.4025163650512695,7.569867134094237
55,2750.0,-1.535880446434021,-5.48272180557251,7.609371662139893
56,2800.0,-1.535880446434021,-5.48272180557251,7.609371662139893
57,2850.0,-1.535880446434021,-5.48272180557251,7.609371662139893
58,2900.0,-1.4095861911773682,-5.432443618774414,7.661445617675781
59,2950.0,-1.4095861911773682,-5.432443618774414,7.661445617675781
60,3000.0,-1.4095861911773682,-5.432443618774414,7.661445617675781
61,3050.0,-1.4095861911773682,-5.432443618774414,7.661445617675781
62,3100.0,-1.3389573097229004,-5.411494255065918,7.6117658615112305
63,3150.0,-1.3389573097229004,-5.411494255065918,7.6117658615112305
64,3200.0,-1.3389573097229004,-5.411494255065918,7.6117658615112305
65,3250.0,-1.416170358657837,-5.4037132263183585,7.580042362213135
66,3300.0,-1.416170358657837,-5.4037132263183585,7.580042362213135
67,3350.0,-1.416170358657837,-5.4037132263183585,7.580042362213135
68,3400.0,-1.416170358657837,-5.4037132263183585,7.580042362213135
69,3450.0,-1.3868412971496582,-5.522824764251709,7.564480304718018
70,3500.0,-1.3868412971496582,-5.522824764251709,7.564480304718018
71,3550.0,-1.3868412971496582,-5.522824764251709,7.564480304718018
72,3600.0,-1.3868412971496582,-5.522824764251709,7.564480304718018
73,3650.0,-1.3946224451065063,-5.389348030090332,7.611167430877685
74,3700.0,-1.3946224451065063,-5.389348030090332,7.611167430877685
75,3750.0,-1.3946224451065063,-5.389348030090332,7.611167430877685
76,3800.0,-1.217451572418213,-5.451597213745117,7.556100368499756
77,3850.0,-1.217451572418213,-5.451597213745117,7.556100368499756
78,3900.0,-1.217451572418213,-5.451597213745117,7.556100368499756
79,3950.0,-1.217451572418213,-5.451597213745117,7.556100368499756
80,4000.0,-1.2000936269760132,-5.370792865753174,7.496245384216309
81,4050.0,-1.2000936269760132,-5.370792865753174,7.496245384216309
82,4100.0,-1.2000936269760132,-5.370792865753174,7.496245384216309
83,4150.0,-1.368884801864624,-5.4857144355773935,7.541735172271728
84,4200.0,-1.368884801864624,-5.4857144355773935,7.541735172271728
85,4250.0,-1.368884801864624,-5.4857144355773935,7.541735172271728
86,4300.0,-1.368884801864624,-5.4857144355773935,7.541735172271728
87,4350.0,-1.3844470977783203,-5.458181381225586,7.630919456481934
88,4400.0,-1.3844470977783203,-5.458181381225586,7.630919456481934
89,4450.0,-1.3844470977783203,-5.458181381225586,7.630919456481934
90,4500.0,-1.3844470977783203,-5.458181381225586,7.630919456481934
91,4550.0,-1.300650119781494,-5.495890140533447,7.615955829620361
92,4600.0,-1.300650119781494,-5.495890140533447,7.615955829620361
93,4650.0,-1.300650119781494,-5.495890140533447,7.615955829620361
94,4700.0,-1.405994892120361,-5.384559631347656,7.6590514183044425
95,4750.0,-1.405994892120361,-5.384559631347656,7.6590514183044425
96,4800.0,-1.405994892120361,-5.384559631347656,7.6590514183044425
97,4850.0,-1.405994892120361,-5.384559631347656,7.6590514183044425
98,4900.0,-1.4736311435699463,-5.383961200714111,7.56208610534668
99,4950.0,-1.4736311435699463,-5.383961200714111,7.56208610534668
100,5000.0,-1.4736311435699463,-5.383961200714111,7.56208610534668
101,5050.0,-1.3323732614517212,-5.392340660095215,7.709928035736084
102,5100.0,-1.3323732614517212,-5.392340660095215,7.709928035736084
103,5150.0,-1.3323732614517212,-5.392340660095215,7.709928035736084
104,5200.0,-1.3323732614517212,-5.392340660095215,7.709928035736084
105,5250.0,-1.3850456476211548,-5.430049419403076,7.640496253967285
106,5300.0,-1.3850456476211548,-5.430049419403076,7.640496253967285
107,5350.0,-1.3850456476211548,-5.430049419403076,7.640496253967285
108,5400.0,-1.3850456476211548,-5.430049419403076,7.640496253967285
109,5450.0,-1.2713210582733154,-5.472546577453613,7.609970092773437
110,5500.0,-1.2713210582733154,-5.472546577453613,7.609970092773437
111,5550.0,-1.2713210582733154,-5.472546577453613,7.609970092773437
112,5600.0,-1.3455413579940796,-5.414487361907959,7.553107738494872
113,5650.0,-1.3455413579940796,-5.414487361907959,7.553107738494872
114,5700.0,-1.3455413579940796,-5.414487361907959,7.553107738494872
115,5750.0,-1.3455413579940796,-5.414487361907959,7.553107738494872
116,5800.0,-1.1887211799621582,-5.393537998199463,7.599195957183838
117,5850.0,-1.1887211799621582,-5.393537998199463,7.599195957183838
118,5900.0,-1.1887211799621582,-5.393537998199463,7.599195957183838
119,5950.0,-1.48081374168396,-5.494692802429199,7.618948459625244
120,6000.0,-1.48081374168396,-5.494692802429199,7.618948459625244
121,6050.0,-1.48081374168396,-5.494692802429199,7.618948459625244
122,6100.0,-1.48081374168396,-5.494692802429199,7.618948459625244
123,6150.0,-1.392826795578003,-5.464765548706055,7.557297706604004
124,6200.0,-1.392826795578003,-5.464765548706055,7.557297706604004
125,6250.0,-1.392826795578003,-5.464765548706055,7.557297706604004
126,6300.0,-1.392826795578003,-5.464765548706055,7.557297706604004
127,6350.0,-1.3970166444778442,-5.458779811859131,7.561487674713135
128,6400.0,-1.3970166444778442,-5.458779811859131,7.561487674713135
129,6450.0,-1.3970166444778442,-5.458779811859131,7.561487674713135
130,6500.0,-1.4556746482849119,-5.444414615631104,7.598597526550293
131,6550.0,-1.4556746482849119,-5.444414615631104,7.598597526550293
132,6600.0,-1.4556746482849119,-5.444414615631104,7.598597526550293
133,6650.0,-1.4556746482849119,-5.444414615631104,7.598597526550293
134,6700.0,-1.4395138025283811,-5.383961200714111,7.581239700317383
135,6750.0,-1.4395138025283811,-5.383961200714111,7.581239700317383
136,6800.0,-1.4395138025283811,-5.383961200714111,7.581239700317383
137,6850.0,-1.4903905391693115,-5.43603515625,7.6327152252197275
138,6900.0,-1.4903905391693115,-5.43603515625,7.6327152252197275
139,6950.0,-1.4903905391693115,-5.43603515625,7.6327152252197275
140,7000.0,-1.4903905391693115,-5.43603515625,7.6327152252197275
141,7050.0,-1.4245500564575195,-5.389946460723877,7.687182903289795
142,7100.0,-1.4245500564575195,-5.389946460723877,7.687182903289795
143,7150.0,-1.4245500564575195,-5.389946460723877,7.687182903289795
144,7200.0,-1.4245500564575195,-5.389946460723877,7.687182903289795
145,7250.0,-1.4550760984420776,-5.52821159362793,7.537545680999756
146,7300.0,-1.4550760984420776,-5.52821159362793,7.537545680999756
147,7350.0,-1.4550760984420776,-5.52821159362793,7.537545680999756
148,7400.0,-1.3515268564224243,-5.371391296386719,7.600393295288086
149,7450.0,-1.3515268564224243,-5.371391296386719,7.600393295288086
150,7500.0,-1.3515268564224243,-5.371391296386719,7.600393295288086
151,7550.0,-1.3515268564224243,-5.371391296386719,7.600393295288086
152,7600.0,-1.4335283041000366,-5.385756492614746,7.534552574157715
153,7650.0,-1.4335283041000366,-5.385756492614746,7.534552574157715
154,7700.0,-1.4335283041000366,-5.385756492614746,7.534552574157715
155,7750.0,-1.5245078802108765,-5.325303077697754,7.690774440765381
156,7800.0,-1.5245078802108765,-5.325303077697754,7.690774440765381
157,7850.0,-1.5245078802108765,-5.325303077697754,7.690774440765381
158,7900.0,-1.5245078802108765,-5.325303077697754,7.690774440765381
159,7950.0,-1.4209587574005127,-5.499481201171875,7.576451301574707
160,8000.0,-1.4209587574005127,-5.499481201171875,7.576451301574707
161,8050.0,-1.4209587574005127,-5.499481201171875,7.576451301574707
162,8100.0,-1.4209587574005127,-5.499481201171875,7.576451301574707
163,8150.0,-1.3718775510787964,-5.462371349334717,7.524975776672362
164,8200.0,-1.3718775510787964,-5.462371349334717,7.524975776672362
165,8250.0,-1.3718775510787964,-5.462371349334717,7.524975776672362
166,8300.0,-1.427542805671692,-5.445013046264648,7.60637903213501
167,8350.0,-1.427542805671692,-5.445013046264648,7.60637903213501
168,8400.0,-1.427542805671692,-5.445013046264648,7.60637903213501
169,8450.0,-1.427542805671692,-5.445013046264648,7.60637903213501
170,8500.0,-1.4604630470275881,-5.3576250076293945,7.618350028991699
171,8550.0,-1.4604630470275881,-5.3576250076293945,7.618350028991699
172,8600.0,-1.4604630470275881,-5.3576250076293945,7.618350028991699
173,8650.0,-1.4604630470275881,-5.3576250076293945,7.618350028991699
174,8700.0,-1.4167689085006714,-5.376778602600098,7.536348342895508
175,8750.0,-1.4167689085006714,-5.376778602600098,7.536348342895508
176,8800.0,-1.4167689085006714,-5.376778602600098,7.536348342895508
177,8850.0,-1.380257248878479,-5.430647850036621,7.577648162841798
178,8900.0,-1.380257248878479,-5.430647850036621,7.577648162841798
179,8950.0,-1.380257248878479,-5.430647850036621,7.577648162841798
180,9000.0,-1.380257248878479,-5.430647850036621,7.577648162841798
181,9050.0,-1.4371196031570437,-5.395932197570801,7.5878238677978525
182,9100.0,-1.4371196031570437,-5.395932197570801,7.5878238677978525
183,9150.0,-1.4371196031570437,-5.395932197570801,7.5878238677978525
184,9200.0,-1.4065934419631958,-5.462969779968262,7.562684535980225
185,9250.0,-1.4065934419631958,-5.462969779968262,7.562684535980225
186,9300.0,-1.4065934419631958,-5.462969779968262,7.562684535980225
187,9350.0,-1.4065934419631958,-5.462969779968262,7.562684535980225
188,9400.0,-1.3976151943206787,-5.457582950592041,7.57944393157959
189,9450.0,-1.3976151943206787,-5.457582950592041,7.57944393157959
190,9500.0,-1.3976151943206787,-5.457582950592041,7.57944393157959
191,9550.0,-1.3976151943206787,-5.457582950592041,7.57944393157959
192,9600.0,-1.366490602493286,-5.430647850036621,7.576451301574707
193,9650.0,-1.366490602493286,-5.430647850036621,7.576451301574707
194,9700.0,-1.366490602493286,-5.430647850036621,7.576451301574707
195,9750.0,-1.3515268564224243,-5.444414615631104,7.5872249603271475
196,9800.0,-1.3515268564224243,-5.444414615631104,7.5872249603271475
197,9850.0,-1.3515268564224243,-5.444414615631104,7.5872249603271475
198,9900.0,-1.3515268564224243,-5.444414615631104,7.5872249603271475
199,9950.0,-1.432929754257202,-5.409698963165283,7.519588947296143
200,10000.0,-1.432929754257202,-5.409698963165283,7.519588947296143
201,10050.0,-1.432929754257202,-5.409698963165283,7.519588947296143
202,10100.0,-1.4215573072433472,-5.416282653808594,7.578845500946045
203,10150.0,-1.4215573072433472,-5.416282653808594,7.578845500946045
204,10200.0,-1.4215573072433472,-5.416282653808594,7.578845500946045
205,10250.0,-1.4215573072433472,-5.416282653808594,7.578845500946045
206,10300.0,-1.492186188697815,-5.355230808258057,7.624335289001465
207,10350.0,-1.492186188697815,-5.355230808258057,7.624335289001465
208,10400.0,-1.492186188697815,-5.355230808258057,7.624335289001465
209,10450.0,-1.4281413555145264,-5.36361026763916,7.615955829620361
210,10500.0,-1.4281413555145264,-5.36361026763916,7.615955829620361
211,10550.0,-1.4281413555145264,-5.36361026763916,7.615955829620361
212,10600.0,-1.4281413555145264,-5.36361026763916,7.615955829620361
213,10650.0,-1.4263457059860232,-5.416881561279297,7.556699275970459
214,10700.0,-1.4263457059860232,-5.416881561279297,7.556699275970459
215,10750.0,-1.4263457059860232,-5.416881561279297,7.556699275970459
216,10800.0,-1.4263457059860232,-5.416881561279297,7.556699275970459
217,10850.0,-1.392826795578003,-5.381567001342773,7.600393295288086
218,10900.0,-1.392826795578003,-5.381567001342773,7.600393295288086
219,10950.0,-1.392826795578003,-5.381567001342773,7.600393295288086
220,11000.0,-1.5185223817825315,-5.503671169281006,7.596203327178955
221,11050.0,-1.5185223817825315,-5.503671169281006,7.596203327178955
222,11100.0,-1.5185223817825315,-5.503671169281006,7.596203327178955
223,11150.0,-1.5185223817825315,-5.503671169281006,7.596203327178955
224,11200.0,-1.502361536026001,-5.339069843292236,7.630919456481934
225,11250.0,-1.502361536026001,-5.339069843292236,7.630919456481934
226,11300.0,-1.502361536026001,-5.339069843292236,7.630919456481934
227,11350.0,-1.502361536026001,-5.339069843292236,7.630919456481934
228,11400.0,-1.5005658864974976,-5.453991413116455,7.637503623962402
229,11450.0,-1.5005658864974976,-5.453991413116455,7.637503623962402
230,11500.0,-1.5005658864974976,-5.453991413116455,7.637503623962402
231,11550.0,-1.3036428689956665,-5.408501625061035,7.555501937866211
232,11600.0,-1.3036428689956665,-5.408501625061035,7.555501937866211
233,11650.0,-1.3036428689956665,-5.408501625061035,7.555501937866211
234,11700.0,-1.3036428689956665,-5.408501625061035,7.555501937866211
235,11750.0,-1.6322469711303709,-5.30076265335083,7.581239700317383
236,11800.0,-1.6322469711303709,-5.30076265335083,7.581239700317383
237,11850.0,-1.6322469711303709,-5.30076265335083,7.581239700317383
238,11900.0,-1.4520833492279053,-5.475539207458496,7.554305076599121
239,11950.0,-1.4520833492279053,-5.475539207458496,7.554305076599121
240,12000.0,-1.4520833492279053,-5.475539207458496,7.554305076599121
241,12050.0,-1.4520833492279053,-5.475539207458496,7.554305076599121
242,12100.0,-1.4024035930633545,-5.43723201751709,7.554903507232666
243,12150.0,-1.4024035930633545,-5.43723201751709,7.554903507232666
244,12200.0,-1.4024035930633545,-5.43723201751709,7.554903507232666
245,12250.0,-1.4024035930633545,-5.43723201751709,7.554903507232666
246,12300.0,-1.4299370050430298,-5.430049419403076,7.605181694030763
247,12350.0,-1.4299370050430298,-5.430049419403076,7.605181694030763
248,12400.0,-1.4299370050430298,-5.430049419403076,7.605181694030763
249,12450.0,-1.5161281824111938,-5.443217754364014,7.489661693572997
250,12500.0,-1.5161281824111938,-5.443217754364014,7.489661693572997
251,12550.0,-1.5161281824111938,-5.443217754364014,7.489661693572997
252,12600.0,-1.5161281824111938,-5.443217754364014,7.489661693572997
253,12650.0,-1.2964602708816528,-5.570708751678467,7.61296272277832
254,12700.0,-1.2964602708816528,-5.570708751678467,7.61296272277832
255,12750.0,-1.2964602708816528,-5.570708751678467,7.61296272277832
256,12800.0,-1.4221558570861816,-5.419275760650635,7.600991725921631
257,12850.0,-1.4221558570861816,-5.419275760650635,7.600991725921631
258,12900.0,-1.4221558570861816,-5.419275760650635,7.600991725921631
259,12950.0,-1.4221558570861816,-5.419275760650635,7.600991725921631
260,13000.0,-1.4311341047286987,-5.45339298248291,7.687781810760497
261,13050.0,-1.4311341047286987,-5.45339298248291,7.687781810760497
262,13100.0,-1.4311341047286987,-5.45339298248291,7.687781810760497
263,13150.0,-1.4311341047286987,-5.45339298248291,7.687781810760497
264,13200.0,-1.417367458343506,-5.519233703613281,7.58483076095581
265,13250.0,-1.417367458343506,-5.519233703613281,7.58483076095581
266,13300.0,-1.417367458343506,-5.519233703613281,7.58483076095581
267,13350.0,-1.4113819599151611,-5.3761796951293945,7.554305076599121
268,13400.0,-1.4113819599151611,-5.3761796951293945,7.554305076599121
269,13450.0,-1.4113819599151611,-5.3761796951293945,7.554305076599121
270,13500.0,-1.4113819599151611,-5.3761796951293945,7.554305076599121
271,13550.0,-1.4012064933776855,-5.497087001800537,7.601590633392334
272,13600.0,-1.4012064933776855,-5.497087001800537,7.601590633392334
273,13650.0,-1.4012064933776855,-5.497087001800537,7.601590633392334
274,13700.0,-1.4311341047286987,-5.473743438720703,7.551910877227782
275,13750.0,-1.4311341047286987,-5.473743438720703,7.551910877227782
276,13800.0,-1.4311341047286987,-5.473743438720703,7.551910877227782
277,13850.0,-1.4311341047286987,-5.473743438720703,7.551910877227782
278,13900.0,-1.4221558570861816,-5.492897033691406,7.541136741638184
279,13950.0,-1.4221558570861816,-5.492897033691406,7.541136741638184
280,14000.0,-1.4221558570861816,-5.492897033691406,7.541136741638184
281,14050.0,-1.4221558570861816,-5.492897033691406,7.541136741638184
282,14100.0,-1.459265947341919,-5.409698963165283,7.592013359069824
283,14150.0,-1.459265947341919,-5.409698963165283,7.592013359069824
284,14200.0,-1.459265947341919,-5.409698963165283,7.592013359069824
285,14250.0,-1.4718354940414429,-5.489904403686523,7.5872249603271475
286,14300.0,-1.4718354940414429,-5.489904403686523,7.5872249603271475
287,14350.0,-1.4718354940414429,-5.489904403686523,7.5872249603271475
288,14400.0,-1.4718354940414429,-5.489904403686523,7.5872249603271475
289,14450.0,-1.5167267322540283,-5.400720596313477,7.625532627105713
290,14500.0,-1.5167267322540283,-5.400720596313477,7.625532627105713
291,14550.0,-1.5167267322540283,-5.400720596313477,7.625532627105713
292,14600.0,-1.5269020795822144,-5.45458984375,7.575253963470459
293,14650.0,-1.5269020795822144,-5.45458984375,7.575253963470459
294,14700.0,-1.5269020795822144,-5.45458984375,7.575253963470459
295,14750.0,-1.5269020795822144,-5.45458984375,7.575253963470459
296,14800.0,-1.558625340461731,-5.377975463867188,7.6135616302490225
297,14850.0,-1.558625340461731,-5.377975463867188,7.6135616302490225
298,14900.0,-1.558625340461731,-5.377975463867188,7.6135616302490225
299,14950.0,-1.558625340461731,-5.377975463867188,7.6135616302490225
300,15000.0,-1.4454993009567259,-5.442618846893311,7.6057801246643075
301,15050.0,-1.4454993009567259,-5.442618846893311,7.6057801246643075
302,15100.0,-1.4454993009567259,-5.442618846893311,7.6057801246643075
303,15150.0,-1.371279001235962,-5.456385612487793,7.5447282791137695
304,15200.0,-1.371279001235962,-5.456385612487793,7.5447282791137695
305,15250.0,-1.371279001235962,-5.456385612487793,7.5447282791137695
306,15300.0,-1.371279001235962,-5.456385612487793,7.5447282791137695
307,15350.0,-1.4724340438842771,-5.3971290588378915,7.596203327178955
308,15400.0,-1.4724340438842771,-5.3971290588378915,7.596203327178955
309,15450.0,-1.4724340438842771,-5.3971290588378915,7.596203327178955
310,15500.0,-1.3527239561080933,-5.419275760650635,7.593809127807617
311,15550.0,-1.3527239561080933,-5.419275760650635,7.593809127807617
312,15600.0,-1.3527239561080933,-5.419275760650635,7.593809127807617
313,15650.0,-1.3527239561080933,-5.419275760650635,7.593809127807617
314,15700.0,-1.4628572463989258,-5.365406036376953,7.574655532836914
315,15750.0,-1.4628572463989258,-5.365406036376953,7.574655532836914
316,15800.0,-1.4628572463989258,-5.365406036376953,7.574655532836914
317,15850.0,-1.4628572463989258,-5.365406036376953,7.574655532836914
318,15900.0,-1.4191631078720093,-5.439626216888428,7.5459251403808585
319,15950.0,-1.4191631078720093,-5.439626216888428,7.5459251403808585
320,16000.0,-1.4191631078720093,-5.439626216888428,7.5459251403808585
321,16050.0,-1.7776948213577268,-5.396530628204347,7.511209487915039
322,16100.0,-1.7776948213577268,-5.396530628204347,7.511209487915039
323,16150.0,-1.7776948213577268,-5.396530628204347,7.511209487915039
324,16200.0,-1.7776948213577268,-5.396530628204347,7.511209487915039
325,16250.0,-0.8966285586357117,-5.233126163482666,7.359776020050049
326,16300.0,-0.8966285586357117,-5.233126163482666,7.359776020050049
327,16350.0,-0.8966285586357117,-5.233126163482666,7.359776020050049
328,16400.0,-1.5921441316604614,-5.427655220031738,7.649474620819093
329,16450.0,-1.5921441316604614,-5.427655220031738,7.649474620819093
330,16500.0,-1.5921441316604614,-5.427655220031738,7.649474620819093
331,16550.0,-1.5921441316604614,-5.427655220031738,7.649474620819093
332,16600.0,-1.4431051015853882,-5.477334976196289,7.5435309410095215
333,16650.0,-1.4431051015853882,-5.477334976196289,7.5435309410095215
334,16700.0,-1.4431051015853882,-5.477334976196289,7.5435309410095215
335,16750.0,-1.4431051015853882,-5.477334976196289,7.5435309410095215
336,16800.0,-1.5837644338607788,-5.438429355621338,7.536946773529053
337,16850.0,-1.5837644338607788,-5.438429355621338,7.536946773529053
338,16900.0,-1.5837644338607788,-5.438429355621338,7.536946773529053
339,16950.0,-1.5011644363403318,-5.445611953735352,7.5632829666137695
340,17000.0,-1.5011644363403318,-5.445611953735352,7.5632829666137695
341,17050.0,-1.5011644363403318,-5.445611953735352,7.5632829666137695
342,17100.0,-1.5011644363403318,-5.445611953735352,7.5632829666137695
343,17150.0,-1.5981296300888062,-5.398924827575684,7.580042362213135
344,17200.0,-1.5981296300888062,-5.398924827575684,7.580042362213135
345,17250.0,-1.5981296300888062,-5.398924827575684,7.580042362213135
346,17300.0,-1.511339783668518,-5.4234652519226065,7.5686702728271475
347,17350.0,-1.511339783668518,-5.4234652519226065,7.5686702728271475
348,17400.0,-1.511339783668518,-5.4234652519226065,7.5686702728271475
349,17450.0,-1.511339783668518,-5.4234652519226065,7.5686702728271475
350,17500.0,-1.5658079385757446,-5.410297393798828,7.557297706604004
351,17550.0,-1.5658079385757446,-5.410297393798828,7.557297706604004
352,17600.0,-1.5658079385757446,-5.410297393798828,7.557297706604004
353,17650.0,-1.5658079385757446,-5.410297393798828,7.557297706604004
354,17700.0,-1.4975731372833252,-5.401917457580566,7.618350028991699
355,17750.0,-1.4975731372833252,-5.401917457580566,7.618350028991699
356,17800.0,-1.4975731372833252,-5.401917457580566,7.618350028991699
357,17850.0,-1.6837223768234253,-5.363011837005615,7.616554260253906
358,17900.0,-1.6837223768234253,-5.363011837005615,7.616554260253906
359,17950.0,-1.6837223768234253,-5.363011837005615,7.616554260253906
360,18000.0,-1.6837223768234253,-5.363011837005615,7.616554260253906
361,18050.0,-1.5574282407760618,-5.4210710525512695,7.593809127807617
362,18100.0,-1.5574282407760618,-5.4210710525512695,7.593809127807617
363,18150.0,-1.5574282407760618,-5.4210710525512695,7.593809127807617
364,18200.0,-1.5634137392044067,-5.401917457580566,7.638102054595947
365,18250.0,-1.5634137392044067,-5.401917457580566,7.638102054595947
366,18300.0,-1.5634137392044067,-5.401917457580566,7.638102054595947
367,18350.0,-1.5634137392044067,-5.401917457580566,7.638102054595947
368,18400.0,-1.4951789379119873,-5.367800235748291,7.614758491516112
369,18450.0,-1.4951789379119873,-5.367800235748291,7.614758491516112
370,18500.0,-1.4951789379119873,-5.367800235748291,7.614758491516112
371,18550.0,-1.4951789379119873,-5.367800235748291,7.614758491516112
372,18600.0,-1.5209165811538696,-5.380369663238525,7.618350028991699
373,18650.0,-1.5209165811538696,-5.380369663238525,7.618350028991699
374,18700.0,-1.5209165811538696,-5.380369663238525,7.618350028991699
375,18750.0,-1.5837644338607788,-5.3336830139160165,7.6321163177490225
376,18800.0,-1.5837644338607788,-5.3336830139160165,7.6321163177490225
377,18850.0,-1.5837644338607788,-5.3336830139160165,7.6321163177490225
378,18900.0,-1.5837644338607788,-5.3336830139160165,7.6321163177490225
379,18950.0,-1.53169047832489,-5.385756492614746,7.591414928436278
380,19000.0,-1.53169047832489,-5.385756492614746,7.591414928436278
381,19050.0,-1.53169047832489,-5.385756492614746,7.591414928436278
382,19100.0,-1.53169047832489,-5.385756492614746,7.591414928436278
383,19150.0,-1.5071499347686768,-5.400122165679932,7.6075758934021
384,19200.0,-1.5071499347686768,-5.400122165679932,7.6075758934021
385,19250.0,-1.5071499347686768,-5.400122165679932,7.6075758934021
386,19300.0,-1.5191209316253662,-5.415684223175049,7.615955829620361
387,19350.0,-1.5191209316253662,-5.415684223175049,7.615955829620361
388,19400.0,-1.5191209316253662,-5.415684223175049,7.615955829620361
389,19450.0,-1.5191209316253662,-5.415684223175049,7.615955829620361
390,19500.0,-1.5059528350830078,-5.380369663238525,7.574655532836914
391,19550.0,-1.5059528350830078,-5.380369663238525,7.574655532836914
392,19600.0,-1.5059528350830078,-5.380369663238525,7.574655532836914
393,19650.0,-1.4640543460845947,-5.460575580596924,7.575253963470459
394,19700.0,-1.4640543460845947,-5.460575580596924,7.575253963470459
395,19750.0,-1.4640543460845947,-5.460575580596924,7.575253963470459
396,19800.0,-1.4640543460845947,-5.460575580596924,7.575253963470459
397,19850.0,-1.4706383943557741,-5.417479991912842,7.591414928436278
398,19900.0,-1.4706383943557741,-5.417479991912842,7.591414928436278
399,19950.0,-1.4706383943557741,-5.417479991912842,7.591414928436278
400,20000.0,-1.5089455842971802,-5.395932197570801,7.577648162841798
401,20050.0,-1.5089455842971802,-5.395932197570801,7.577648162841798
402,20100.0,-1.5089455842971802,-5.395932197570801,7.577648162841798
403,20150.0,-1.5089455842971802,-5.395932197570801,7.577648162841798
404,20200.0,-1.6801310777664185,-5.433042049407959,7.599794864654541
405,20250.0,-1.6801310777664185,-5.433042049407959,7.599794864654541
406,20300.0,-1.6801310777664185,-5.433042049407959,7.599794864654541
407,20350.0,-1.6801310777664185,-5.433042049407959,7.599794864654541
408,20400.0,-1.5346833467483518,-5.51085376739502,7.609970092773437
409,20450.0,-1.5346833467483518,-5.51085376739502,7.609970092773437
410,20500.0,-1.5346833467483518,-5.51085376739502,7.609970092773437
411,20550.0,-1.50355863571167,-5.408501625061035,7.5878238677978525
412,20600.0,-1.50355863571167,-5.408501625061035,7.5878238677978525
413,20650.0,-1.50355863571167,-5.408501625061035,7.5878238677978525
414,20700.0,-1.50355863571167,-5.408501625061035,7.5878238677978525
415,20750.0,-1.498770236968994,-5.486313343048097,7.5429325103759775
416,20800.0,-1.498770236968994,-5.486313343048097,7.5429325103759775
417,20850.0,-1.498770236968994,-5.486313343048097,7.5429325103759775
418,20900.0,-1.498770236968994,-5.486313343048097,7.5429325103759775
419,20950.0,-1.614290475845337,-5.495890140533447,7.568071365356445
420,21000.0,-1.614290475845337,-5.495890140533447,7.568071365356445
421,21050.0,-1.614290475845337,-5.495890140533447,7.568071365356445
422,21100.0,-1.5388731956481934,-5.40910005569458,7.583035469055176
423,21150.0,-1.5388731956481934,-5.40910005569458,7.583035469055176
424,21200.0,-1.5388731956481934,-5.40910005569458,7.583035469055176
425,21250.0,-1.5388731956481934,-5.40910005569458,7.583035469055176
426,21300.0,-1.6376339197158811,-5.451597213745117,7.5842323303222665
427,21350.0,-1.6376339197158811,-5.451597213745117,7.5842323303222665
428,21400.0,-1.6376339197158811,-5.451597213745117,7.5842323303222665
429,21450.0,-1.5400702953338623,-5.431246757507324,7.551910877227782
430,21500.0,-1.5400702953338623,-5.431246757507324,7.551910877227782
431,21550.0,-1.5400702953338623,-5.431246757507324,7.551910877227782
432,21600.0,-1.5400702953338623,-5.431246757507324,7.551910877227782
433,21650.0,-1.5682021379470823,-5.51085376739502,7.549516677856445
434,21700.0,-1.5682021379470823,-5.51085376739502,7.549516677856445
435,21750.0,-1.5682021379470823,-5.51085376739502,7.549516677856445
436,21800.0,-1.5682021379470823,-5.51085376739502,7.549516677856445
437,21850.0,-1.547252893447876,-5.407304763793945,7.60637903213501
438,21900.0,-1.547252893447876,-5.407304763793945,7.60637903213501
439,21950.0,-1.547252893447876,-5.407304763793945,7.60637903213501
440,22000.0,-1.6214730739593506,-5.403114795684815,7.577049732208253
441,22050.0,-1.6214730739593506,-5.403114795684815,7.577049732208253
442,22100.0,-1.6214730739593506,-5.403114795684815,7.577049732208253
443,22150.0,-1.6214730739593506,-5.403114795684815,7.577049732208253
444,22200.0,-1.6466121673583984,-5.370792865753174,7.562684535980225
445,22250.0,-1.6466121673583984,-5.370792865753174,7.562684535980225
446,22300.0,-1.6466121673583984,-5.370792865753174,7.562684535980225
447,22350.0,-1.5933412313461304,-5.371391296386719,7.586028099060059
448,22400.0,-1.5933412313461304,-5.371391296386719,7.586028099060059
449,22450.0,-1.5933412313461304,-5.371391296386719,7.586028099060059
450,22500.0,-1.5933412313461304,-5.371391296386719,7.586028099060059
451,22550.0,-1.5783774852752686,-5.400720596313477,7.6075758934021
452,22600.0,-1.5783774852752686,-5.400720596313477,7.6075758934021
453,22650.0,-1.5783774852752686,-5.400720596313477,7.6075758934021
454,22700.0,-1.5783774852752686,-5.400720596313477,7.6075758934021
455,22750.0,-1.5610195398330688,-5.474342346191406,7.577049732208253
456,22800.0,-1.5610195398330688,-5.474342346191406,7.577049732208253
457,22850.0,-1.5610195398330688,-5.474342346191406,7.577049732208253
458,22900.0,-1.6502034664154053,-5.464166641235352,7.653065681457519
459,22950.0,-1.6502034664154053,-5.464166641235352,7.653065681457519
460,23000.0,-1.6502034664154053,-5.464166641235352,7.653065681457519
461,23050.0,-1.6502034664154053,-5.464166641235352,7.653065681457519
462,23100.0,-1.7262194156646729,-5.360617637634277,7.6117658615112305
463,23150.0,-1.7262194156646729,-5.360617637634277,7.6117658615112305
464,23200.0,-1.7262194156646729,-5.360617637634277,7.6117658615112305
465,23250.0,-1.525106430053711,-5.388150691986084,7.555501937866211
466,23300.0,-1.525106430053711,-5.388150691986084,7.555501937866211
467,23350.0,-1.525106430053711,-5.388150691986084,7.555501937866211
468,23400.0,-1.525106430053711,-5.388150691986084,7.555501937866211
469,23450.0,-1.5831658840179443,-5.3348798751831055,7.588422298431396
470,23500.0,-1.5831658840179443,-5.3348798751831055,7.588422298431396
471,23550.0,-1.5831658840179443,-5.3348798751831055,7.588422298431396
472,23600.0,-1.5831658840179443,-5.3348798751831055,7.588422298431396
473,23650.0,-1.6089035272598269,-5.390544891357422,7.691971302032472
474,23700.0,-1.6089035272598269,-5.390544891357422,7.691971302032472
475,23750.0,-1.6089035272598269,-5.390544891357422,7.691971302032472
476,23800.0,-1.4077905416488647,-5.278017520904541,7.621342658996582
477,23850.0,-1.4077905416488647,-5.278017520904541,7.621342658996582
478,23900.0,-1.4077905416488647,-5.278017520904541,7.621342658996582
479,23950.0,-1.4077905416488647,-5.278017520904541,7.621342658996582
480,24000.0,-1.492186188697815,-5.446808815002441,7.616554260253906
481,24050.0,-1.492186188697815,-5.446808815002441,7.616554260253906
482,24100.0,-1.492186188697815,-5.446808815002441,7.616554260253906
483,24150.0,-1.5634137392044067,-5.385158061981201,7.644087314605713
484,24200.0,-1.5634137392044067,-5.385158061981201,7.644087314605713
485,24250.0,-1.5634137392044067,-5.385158061981201,7.644087314605713
486,24300.0,-1.5634137392044067,-5.385158061981201,7.644087314605713
487,24350.0,-1.5771803855895996,-5.37558126449585,7.606977462768555
488,24400.0,-1.5771803855895996,-5.37558126449585,7.606977462768555
489,24450.0,-1.5771803855895996,-5.37558126449585,7.606977462768555
490,24500.0,-1.5771803855895996,-5.37558126449585,7.606977462768555
491,24550.0,-1.6071078777313232,-5.353435039520264,7.560290336608888
492,24600.0,-1.6071078777313232,-5.353435039520264,7.560290336608888
493,24650.0,-1.6071078777313232,-5.353435039520264,7.560290336608888
494,24700.0,-1.5771803855895996,-5.4049105644226065,7.598597526550293
495,24750.0,-1.5771803855895996,-5.4049105644226065,7.598597526550293
496,24800.0,-1.5771803855895996,-5.4049105644226065,7.598597526550293
497,24850.0,-1.5771803855895996,-5.4049105644226065,7.598597526550293
498,24900.0,-1.525106430053711,-5.400122165679932,7.58483076095581
499,24950.0,-1.525106430053711,-5.400122165679932,7.58483076095581
500,25000.0,-1.525106430053711,-5.400122165679932,7.58483076095581
501,25050.0,-1.5592238903045654,-5.3773770332336435,7.63989782333374
502,25100.0,-1.5592238903045654,-5.3773770332336435,7.63989782333374
503,25150.0,-1.5592238903045654,-5.3773770332336435,7.63989782333374
504,25200.0,-1.5592238903045654,-5.3773770332336435,7.63989782333374
505,25250.0,-1.5544354915618896,-5.411494255065918,7.574655532836914
506,25300.0,-1.5544354915618896,-5.411494255065918,7.574655532836914
507,25350.0,-1.5544354915618896,-5.411494255065918,7.574655532836914
508,25400.0,-1.5544354915618896,-5.411494255065918,7.574655532836914
509,25450.0,-1.5981296300888062,-5.39174222946167,7.598597526550293
510,25500.0,-1.5981296300888062,-5.39174222946167,7.598597526550293
511,25550.0,-1.5981296300888062,-5.39174222946167,7.598597526550293
512,25600.0,-1.5490485429763794,-5.349245071411133,7.652467250823975
513,25650.0,-1.5490485429763794,-5.349245071411133,7.652467250823975
514,25700.0,-1.5490485429763794,-5.349245071411133,7.652467250823975
515,25750.0,-1.5490485429763794,-5.349245071411133,7.652467250823975
516,25800.0,-1.5646108388900757,-5.359420299530028,7.6141600608825675
517,25850.0,-1.5646108388900757,-5.359420299530028,7.6141600608825675
518,25900.0,-1.5646108388900757,-5.359420299530028,7.6141600608825675
519,25950.0,-1.5735890865325928,-5.4049105644226065,7.609970092773437
520,26000.0,-1.5735890865325928,-5.4049105644226065,7.609970092773437
521,26050.0,-1.5735890865325928,-5.4049105644226065,7.609970092773437
522,26100.0,-1.5735890865325928,-5.4049105644226065,7.609970092773437
523,26150.0,-1.52630352973938,-5.34625244140625,7.59560489654541
524,26200.0,-1.52630352973938,-5.34625244140625,7.59560489654541
525,26250.0,-1.52630352973938,-5.34625244140625,7.59560489654541
526,26300.0,-1.52630352973938,-5.34625244140625,7.59560489654541
527,26350.0,-1.5933412313461304,-5.350442409515381,7.68538761138916
528,26400.0,-1.5933412313461304,-5.350442409515381,7.68538761138916
529,26450.0,-1.5933412313461304,-5.350442409515381,7.68538761138916
530,26500.0,-1.5275006294250488,-5.331887245178223,7.609371662139893
531,26550.0,-1.5275006294250488,-5.331887245178223,7.609371662139893
532,26600.0,-1.5275006294250488,-5.331887245178223,7.609371662139893
533,26650.0,-1.5275006294250488,-5.331887245178223,7.609371662139893
534,26700.0,-1.5759832859039309,-5.346850872039795,7.602787494659424
535,26750.0,-1.5759832859039309,-5.346850872039795,7.602787494659424
536,26800.0,-1.5759832859039309,-5.346850872039795,7.602787494659424
537,26850.0,-1.533486247062683,-5.366004467010498,7.636904716491699
538,26900.0,-1.533486247062683,-5.366004467010498,7.636904716491699
539,26950.0,-1.533486247062683,-5.366004467010498,7.636904716491699
540,27000.0,-1.533486247062683,-5.366004467010498,7.636904716491699
541,27050.0,-1.4640543460845947,-5.349843502044678,7.6117658615112305
542,27100.0,-1.4640543460845947,-5.349843502044678,7.6117658615112305
543,27150.0,-1.4640543460845947,-5.349843502044678,7.6117658615112305
544,27200.0,-1.4640543460845947,-5.349843502044678,7.6117658615112305
545,27250.0,-1.511339783668518,-5.367201805114746,7.580042362213135
546,27300.0,-1.511339783668518,-5.367201805114746,7.580042362213135
547,27350.0,-1.511339783668518,-5.367201805114746,7.580042362213135
548,27400.0,-1.535880446434021,-5.352836608886719,7.6327152252197275
549,27450.0,-1.535880446434021,-5.352836608886719,7.6327152252197275
550,27500.0,-1.535880446434021,-5.352836608886719,7.6327152252197275
551,27550.0,-1.535880446434021,-5.352836608886719,7.6327152252197275
552,27600.0,-1.602918028831482,-5.382763862609863,7.55131196975708
553,27650.0,-1.602918028831482,-5.382763862609863,7.55131196975708
554,27700.0,-1.602918028831482,-5.382763862609863,7.55131196975708
555,27750.0,-1.5837644338607788,-5.369596004486084,7.575852870941162
556,27800.0,-1.5837644338607788,-5.369596004486084,7.575852870941162
557,27850.0,-1.5837644338607788,-5.369596004486084,7.575852870941162
558,27900.0,-1.5837644338607788,-5.369596004486084,7.575852870941162
559,27950.0,-1.5735890865325928,-5.336675643920898,7.6566572189331055
560,28000.0,-1.5735890865325928,-5.336675643920898,7.6566572189331055
561,28050.0,-1.5735890865325928,-5.336675643920898,7.6566572189331055
562,28100.0,-1.5735890865325928,-5.336675643920898,7.6566572189331055
563,28150.0,-1.623268723487854,-5.319916248321533,7.62373685836792
564,28200.0,-1.623268723487854,-5.319916248321533,7.62373685836792
565,28250.0,-1.623268723487854,-5.319916248321533,7.62373685836792
566,28300.0,-1.6023194789886477,-5.3133320808410645,7.6117658615112305
567,28350.0,-1.6023194789886477,-5.3133320808410645,7.6117658615112305
568,28400.0,-1.6023194789886477,-5.3133320808410645,7.6117658615112305
569,28450.0,-1.6023194789886477,-5.3133320808410645,7.6117658615112305
570,28500.0,-1.4077905416488647,-5.373785495758057,7.5447282791137695
571,28550.0,-1.4077905416488647,-5.373785495758057,7.5447282791137695
572,28600.0,-1.4077905416488647,-5.373785495758057,7.5447282791137695
573,28650.0,-1.5610195398330688,-5.394136428833008,7.5908164978027335
574,28700.0,-1.5610195398330688,-5.394136428833008,7.5908164978027335
575,28750.0,-1.5610195398330688,-5.394136428833008,7.5908164978027335
576,28800.0,-1.5610195398330688,-5.394136428833008,7.5908164978027335
577,28850.0,-1.4359225034713743,-5.2893900871276855,7.60637903213501
578,28900.0,-1.4359225034713743,-5.2893900871276855,7.60637903213501
579,28950.0,-1.4359225034713743,-5.2893900871276855,7.60637903213501
580,29000.0,-1.4359225034713743,-5.2893900871276855,7.60637903213501
581,29050.0,-1.5209165811538696,-5.38096809387207,7.519588947296143
582,29100.0,-1.5209165811538696,-5.38096809387207,7.519588947296143
583,29150.0,-1.5209165811538696,-5.38096809387207,7.519588947296143
584,29200.0,-1.5167267322540283,-5.324704647064209,7.6566572189331055
585,29250.0,-1.5167267322540283,-5.324704647064209,7.6566572189331055
586,29300.0,-1.5167267322540283,-5.324704647064209,7.6566572189331055
587,29350.0,-1.5167267322540283,-5.324704647064209,7.6566572189331055
588,29400.0,-1.4544775485992432,-5.325901508331299,7.636306285858153
589,29450.0,-1.4544775485992432,-5.325901508331299,7.636306285858153
590,29500.0,-1.4544775485992432,-5.325901508331299,7.636306285858153
591,29550.0,-1.5161281824111938,-5.383961200714111,7.6321163177490225
592,29600.0,-1.5161281824111938,-5.383961200714111,7.6321163177490225
593,29650.0,-1.5161281824111938,-5.383961200714111,7.6321163177490225
594,29700.0,-1.5161281824111938,-5.383961200714111,7.6321163177490225
595,29750.0,-1.5652093887329102,-5.2875943183898935,7.649474620819093
596,29800.0,-1.5652093887329102,-5.2875943183898935,7.649474620819093
597,29850.0,-1.5652093887329102,-5.2875943183898935,7.649474620819093
598,29900.0,-1.5652093887329102,-5.2875943183898935,7.649474620819093
599,29950.0,-1.5131354331970217,-5.31273365020752,7.681796073913574
600,30000.0,-1.5131354331970217,-5.31273365020752,7.681796073913574
601,30050.0,-1.5131354331970217,-5.31273365020752,7.681796073913574
602,30100.0,-1.5257049798965454,-5.3797712326049805,7.589619159698486
603,30150.0,-1.5257049798965454,-5.3797712326049805,7.589619159698486
604,30200.0,-1.5257049798965454,-5.3797712326049805,7.589619159698486
605,30250.0,-1.5257049798965454,-5.3797712326049805,7.589619159698486
606,30300.0,-1.5346833467483518,-5.3576250076293945,7.634510517120361
607,30350.0,-1.5346833467483518,-5.3576250076293945,7.634510517120361
608,30400.0,-1.5346833467483518,-5.3576250076293945,7.634510517120361
609,30450.0,-1.5346833467483518,-5.3576250076293945,7.634510517120361
610,30500.0,-1.5346833467483518,-5.35822343826294,7.641693115234375
611,30550.0,-1.5346833467483518,-5.35822343826294,7.641693115234375
612,30600.0,-1.5346833467483518,-5.35822343826294,7.641693115234375
613,30650.0,-1.5646108388900757,-5.4025163650512695,7.67461347579956
614,30700.0,-1.5646108388900757,-5.4025163650512695,7.67461347579956
615,30750.0,-1.5646108388900757,-5.4025163650512695,7.67461347579956
616,30800.0,-1.5646108388900757,-5.4025163650512695,7.67461347579956
617,30850.0,-1.5454572439193726,-5.3971290588378915,7.618350028991699
618,30900.0,-1.5454572439193726,-5.3971290588378915,7.618350028991699
619,30950.0,-1.5454572439193726,-5.3971290588378915,7.618350028991699
620,31000.0,-1.5723919868469238,-5.3336830139160165,7.533355712890625
621,31050.0,-1.5723919868469238,-5.3336830139160165,7.533355712890625
622,31100.0,-1.5723919868469238,-5.3336830139160165,7.533355712890625
623,31150.0,-1.5723919868469238,-5.3336830139160165,7.533355712890625
624,31200.0,-1.4036006927490234,-5.291185855865479,7.515997886657715
625,31250.0,-1.4036006927490234,-5.291185855865479,7.515997886657715
626,31300.0,-1.4036006927490234,-5.291185855865479,7.515997886657715
627,31350.0,-1.4036006927490234,-5.291185855865479,7.515997886657715
628,31400.0,-1.6466121673583984,-5.363011837005615,7.622539520263673
629,31450.0,-1.6466121673583984,-5.363011837005615,7.622539520263673
630,31500.0,-1.6466121673583984,-5.363011837005615,7.622539520263673
631,31550.0,-1.5735890865325928,-5.391143798828125,7.621941089630128
632,31600.0,-1.5735890865325928,-5.391143798828125,7.621941089630128
633,31650.0,-1.5735890865325928,-5.391143798828125,7.621941089630128
634,31700.0,-1.5735890865325928,-5.391143798828125,7.621941089630128
635,31750.0,-1.4862006902694702,-5.319317817687988,7.622539520263673
636,31800.0,-1.4862006902694702,-5.319317817687988,7.622539520263673
637,31850.0,-1.4862006902694702,-5.319317817687988,7.622539520263673
638,31900.0,-1.568800687789917,-5.337274074554443,7.603984832763673
639,31950.0,-1.568800687789917,-5.337274074554443,7.603984832763673
640,32000.0,-1.568800687789917,-5.337274074554443,7.603984832763673
641,32050.0,-1.568800687789917,-5.337274074554443,7.603984832763673
642,32100.0,-1.5346833467483518,-5.302558422088623,7.559093475341798
643,32150.0,-1.5346833467483518,-5.302558422088623,7.559093475341798
644,32200.0,-1.5346833467483518,-5.302558422088623,7.559093475341798
645,32250.0,-1.5346833467483518,-5.302558422088623,7.559093475341798
646,32300.0,-1.5466543436050415,-5.307346820831299,7.617751121520996
647,32350.0,-1.5466543436050415,-5.307346820831299,7.617751121520996
648,32400.0,-1.5466543436050415,-5.307346820831299,7.617751121520996
649,32450.0,-1.6316484212875366,-5.383362293243408,7.667430877685548
650,32500.0,-1.6316484212875366,-5.383362293243408,7.667430877685548
651,32550.0,-1.6316484212875366,-5.383362293243408,7.667430877685548
652,32600.0,-1.6316484212875366,-5.383362293243408,7.667430877685548
653,32650.0,-1.4299370050430298,-5.3330841064453125,7.645883083343506
654,32700.0,-1.4299370050430298,-5.3330841064453125,7.645883083343506
655,32750.0,-1.4299370050430298,-5.3330841064453125,7.645883083343506
656,32800.0,-1.4526818990707395,-5.321712017059326,7.617152690887451
657,32850.0,-1.4526818990707395,-5.321712017059326,7.617152690887451
658,32900.0,-1.4526818990707395,-5.321712017059326,7.617152690887451
659,32950.0,-1.4526818990707395,-5.321712017059326,7.617152690887451
660,33000.0,-1.493383288383484,-5.363011837005615,7.71471643447876
661,33050.0,-1.493383288383484,-5.363011837005615,7.71471643447876
662,33100.0,-1.493383288383484,-5.363011837005615,7.71471643447876
663,33150.0,-1.511339783668518,-5.397727966308594,7.669825077056885
664,33200.0,-1.511339783668518,-5.397727966308594,7.669825077056885
665,33250.0,-1.511339783668518,-5.397727966308594,7.669825077056885
666,33300.0,-1.511339783668518,-5.397727966308594,7.669825077056885
667,33350.0,-1.5179238319396973,-5.346850872039795,7.6991539001464835
668,33400.0,-1.5179238319396973,-5.346850872039795,7.6991539001464835
669,33450.0,-1.5179238319396973,-5.346850872039795,7.6991539001464835
670,33500.0,-1.5179238319396973,-5.346850872039795,7.6991539001464835
671,33550.0,-1.7423802614212036,-5.456984043121338,7.641693115234375
672,33600.0,-1.7423802614212036,-5.456984043121338,7.641693115234375
673,33650.0,-1.7423802614212036,-5.456984043121338,7.641693115234375
674,33700.0,-1.5059528350830078,-5.476137638092041,7.556699275970459
675,33750.0,-1.5059528350830078,-5.476137638092041,7.556699275970459
676,33800.0,-1.5059528350830078,-5.476137638092041,7.556699275970459
677,33850.0,-1.5059528350830078,-5.476137638092041,7.556699275970459
678,33900.0,-1.523909330368042,-5.345654010772705,7.521384716033935
679,33950.0,-1.523909330368042,-5.345654010772705,7.521384716033935
680,34000.0,-1.523909330368042,-5.345654010772705,7.521384716033935
681,34050.0,-1.523909330368042,-5.345654010772705,7.521384716033935
682,34100.0,-1.6238672733306885,-5.412691593170166,7.527369976043701
683,34150.0,-1.6238672733306885,-5.412691593170166,7.527369976043701
684,34200.0,-1.6238672733306885,-5.412691593170166,7.527369976043701
685,34250.0,-1.58795428276062,-5.330689907073975,7.614758491516112
686,34300.0,-1.58795428276062,-5.330689907073975,7.614758491516112
687,34350.0,-1.58795428276062,-5.330689907073975,7.614758491516112
688,34400.0,-1.58795428276062,-5.330689907073975,7.614758491516112
689,34450.0,-1.4574702978134155,-5.368997097015381,7.601590633392334
690,34500.0,-1.4574702978134155,-5.368997097015381,7.601590633392334
691,34550.0,-1.4574702978134155,-5.368997097015381,7.601590633392334
692,34600.0,-1.5939397811889648,-5.373187065124512,7.641693115234375
693,34650.0,-1.5939397811889648,-5.373187065124512,7.641693115234375
694,34700.0,-1.5939397811889648,-5.373187065124512,7.641693115234375
695,34750.0,-1.5939397811889648,-5.373187065124512,7.641693115234375
696,34800.0,-1.567603588104248,-5.4013190269470215,7.618948459625244
697,34850.0,-1.567603588104248,-5.4013190269470215,7.618948459625244
698,34900.0,-1.567603588104248,-5.4013190269470215,7.618948459625244
699,34950.0,-1.567603588104248,-5.4013190269470215,7.618948459625244
700,35000.0,-1.5520412921905518,-5.371391296386719,7.623138427734375
701,35050.0,-1.5520412921905518,-5.371391296386719,7.623138427734375
702,35100.0,-1.5520412921905518,-5.371391296386719,7.623138427734375
703,35150.0,-1.4688427448272705,-5.405508995056152,7.574057102203369
704,35200.0,-1.4688427448272705,-5.405508995056152,7.574057102203369
705,35250.0,-1.4688427448272705,-5.405508995056152,7.574057102203369
706,35300.0,-1.4688427448272705,-5.405508995056152,7.574057102203369
707,35350.0,-1.577778935432434,-5.325901508331299,7.6291236877441415
708,35400.0,-1.577778935432434,-5.325901508331299,7.6291236877441415
709,35450.0,-1.577778935432434,-5.325901508331299,7.6291236877441415
710,35500.0,-1.6059107780456543,-5.36361026763916,7.638102054595947
711,35550.0,-1.6059107780456543,-5.36361026763916,7.638102054595947
712,35600.0,-1.6059107780456543,-5.36361026763916,7.638102054595947
713,35650.0,-1.6059107780456543,-5.36361026763916,7.638102054595947
714,35700.0,-1.5275006294250488,-5.3588218688964835,7.645284652709961
715,35750.0,-1.5275006294250488,-5.3588218688964835,7.645284652709961
716,35800.0,-1.5275006294250488,-5.3588218688964835,7.645284652709961
717,35850.0,-1.5275006294250488,-5.3588218688964835,7.645284652709961
718,35900.0,-1.5041571855545044,-5.377975463867188,7.659649848937987
719,35950.0,-1.5041571855545044,-5.377975463867188,7.659649848937987
720,36000.0,-1.5041571855545044,-5.377975463867188,7.659649848937987
721,36050.0,-1.493383288383484,-5.382165431976318,7.594407558441162
722,36100.0,-1.493383288383484,-5.382165431976318,7.594407558441162
723,36150.0,-1.493383288383484,-5.382165431976318,7.594407558441162
724,36200.0,-1.493383288383484,-5.382165431976318,7.594407558441162
725,36250.0,-1.4526818990707395,-5.436633586883545,7.610568523406982
726,36300.0,-1.4526818990707395,-5.436633586883545,7.610568523406982
727,36350.0,-1.4526818990707395,-5.436633586883545,7.610568523406982
728,36400.0,-1.5179238319396973,-5.361814498901367,7.570465564727782
729,36450.0,-1.5179238319396973,-5.361814498901367,7.570465564727782
730,36500.0,-1.5179238319396973,-5.361814498901367,7.570465564727782
731,36550.0,-1.5179238319396973,-5.361814498901367,7.570465564727782
732,36600.0,-1.5460557937622068,-5.329493045806885,7.621342658996582
733,36650.0,-1.5460557937622068,-5.329493045806885,7.621342658996582
734,36700.0,-1.5460557937622068,-5.329493045806885,7.621342658996582
735,36750.0,-1.5460557937622068,-5.329493045806885,7.621342658996582
736,36800.0,-1.513733983039856,-5.331288814544678,7.6081743240356445
737,36850.0,-1.513733983039856,-5.331288814544678,7.6081743240356445
738,36900.0,-1.513733983039856,-5.331288814544678,7.6081743240356445
739,36950.0,-1.5795745849609375,-5.370194435119629,7.648875713348389
740,37000.0,-1.5795745849609375,-5.370194435119629,7.648875713348389
741,37050.0,-1.5795745849609375,-5.370194435119629,7.648875713348389
742,37100.0,-1.5795745849609375,-5.370194435119629,7.648875713348389
743,37150.0,-1.5771803855895996,-5.321113109588623,7.62493371963501
744,37200.0,-1.5771803855895996,-5.321113109588623,7.62493371963501
745,37250.0,-1.5771803855895996,-5.321113109588623,7.62493371963501
746,37300.0,-1.5747861862182615,-5.34625244140625,7.565078735351562
747,37350.0,-1.5747861862182615,-5.34625244140625,7.565078735351562
748,37400.0,-1.5747861862182615,-5.34625244140625,7.565078735351562
749,37450.0,-1.5747861862182615,-5.34625244140625,7.565078735351562
750,37500.0,-1.5705963373184204,-5.35822343826294,7.618350028991699
751,37550.0,-1.5705963373184204,-5.35822343826294,7.618350028991699
752,37600.0,-1.5705963373184204,-5.35822343826294,7.618350028991699
753,37650.0,-1.5705963373184204,-5.35822343826294,7.618350028991699
754,37700.0,-1.5514427423477173,-5.408501625061035,7.6117658615112305
755,37750.0,-1.5514427423477173,-5.408501625061035,7.6117658615112305
756,37800.0,-1.5514427423477173,-5.408501625061035,7.6117658615112305
757,37850.0,-1.5388731956481934,-5.382165431976318,7.610568523406982
758,37900.0,-1.5388731956481934,-5.382165431976318,7.610568523406982
759,37950.0,-1.5388731956481934,-5.382165431976318,7.610568523406982
760,38000.0,-1.5388731956481934,-5.382165431976318,7.610568523406982
761,38050.0,-1.53707754611969,-5.3995232582092285,7.610568523406982
762,38100.0,-1.53707754611969,-5.3995232582092285,7.610568523406982
763,38150.0,-1.53707754611969,-5.3995232582092285,7.610568523406982
764,38200.0,-1.5574282407760618,-5.410297393798828,7.574655532836914
765,38250.0,-1.5574282407760618,-5.410297393798828,7.574655532836914
766,38300.0,-1.5574282407760618,-5.410297393798828,7.574655532836914
767,38350.0,-1.5574282407760618,-5.410297393798828,7.574655532836914
768,38400.0,-1.5526398420333862,-5.3139305114746085,7.6135616302490225
769,38450.0,-1.5526398420333862,-5.3139305114746085,7.6135616302490225
770,38500.0,-1.5526398420333862,-5.3139305114746085,7.6135616302490225
771,38550.0,-1.5526398420333862,-5.3139305114746085,7.6135616302490225
772,38600.0,-1.5682021379470823,-5.366602897644043,7.622539520263673
773,38650.0,-1.5682021379470823,-5.366602897644043,7.622539520263673
774,38700.0,-1.5682021379470823,-5.366602897644043,7.622539520263673
775,38750.0,-1.5843629837036133,-5.489904403686523,7.6081743240356445
776,38800.0,-1.5843629837036133,-5.489904403686523,7.6081743240356445
777,38850.0,-1.5843629837036133,-5.489904403686523,7.6081743240356445
778,38900.0,-1.5843629837036133,-5.489904403686523,7.6081743240356445
779,38950.0,-1.5071499347686768,-5.338471412658691,7.678205013275146
780,39000.0,-1.5071499347686768,-5.338471412658691,7.678205013275146
781,39050.0,-1.5071499347686768,-5.338471412658691,7.678205013275146
782,39100.0,-1.5071499347686768,-5.338471412658691,7.678205013275146
783,39150.0,-1.4820108413696291,-5.4234652519226065,7.627327919006348
784,39200.0,-1.4820108413696291,-5.4234652519226065,7.627327919006348
785,39250.0,-1.4820108413696291,-5.4234652519226065,7.627327919006348
786,39300.0,-1.5951368808746338,-5.392340660095215,7.626131057739258
787,39350.0,-1.5951368808746338,-5.392340660095215,7.626131057739258
788,39400.0,-1.5951368808746338,-5.392340660095215,7.626131057739258
789,39450.0,-1.5951368808746338,-5.392340660095215,7.626131057739258
790,39500.0,-1.5957354307174685,-5.3348798751831055,7.627926826477051
791,39550.0,-1.5957354307174685,-5.3348798751831055,7.627926826477051
792,39600.0,-1.5957354307174685,-5.3348798751831055,7.627926826477051
793,39650.0,-1.4454993009567259,-5.4252610206604,7.630321025848389
794,39700.0,-1.4454993009567259,-5.4252610206604,7.630321025848389
795,39750.0,-1.4454993009567259,-5.4252610206604,7.630321025848389
796,39800.0,-1.4454993009567259,-5.4252610206604,7.630321025848389
797,39850.0,-1.4945803880691528,-5.364807605743408,7.592612266540527
798,39900.0,-1.4945803880691528,-5.364807605743408,7.592612266540527
799,39950.0,-1.4945803880691528,-5.364807605743408,7.592612266540527
800,40000.0,-1.5065513849258425,-5.34744930267334,7.626729488372803
801,40050.0,-1.5065513849258425,-5.34744930267334,7.626729488372803
802,40100.0,-1.5065513849258425,-5.34744930267334,7.626729488372803
803,40150.0,-1.5065513849258425,-5.34744930267334,7.626729488372803
804,40200.0,-1.6561890840530396,-5.416282653808594,7.597400665283202
805,40250.0,-1.6561890840530396,-5.416282653808594,7.597400665283202
806,40300.0,-1.6561890840530396,-5.416282653808594,7.597400665283202
807,40350.0,-1.6561890840530396,-5.416282653808594,7.597400665283202
808,40400.0,-1.6250643730163574,-5.392340660095215,7.6315178871154785
809,40450.0,-1.6250643730163574,-5.392340660095215,7.6315178871154785
810,40500.0,-1.6250643730163574,-5.392340660095215,7.6315178871154785
811,40550.0,-1.5382746458053589,-5.37558126449585,7.669825077056885
812,40600.0,-1.5382746458053589,-5.37558126449585,7.669825077056885
813,40650.0,-1.5382746458053589,-5.37558126449585,7.669825077056885
814,40700.0,-1.5382746458053589,-5.37558126449585,7.669825077056885
815,40750.0,-1.4317326545715332,-5.385158061981201,7.618350028991699
816,40800.0,-1.4317326545715332,-5.385158061981201,7.618350028991699
817,40850.0,-1.4317326545715332,-5.385158061981201,7.618350028991699
818,40900.0,-1.4317326545715332,-5.385158061981201,7.618350028991699
819,40950.0,-1.6364368200302124,-5.2049946784973145,7.700949668884277
820,41000.0,-1.6364368200302124,-5.2049946784973145,7.700949668884277
821,41050.0,-1.6364368200302124,-5.2049946784973145,7.700949668884277
822,41100.0,-2.213439464569092,-5.260659694671631,7.650073051452638
823,41150.0,-2.213439464569092,-5.260659694671631,7.650073051452638
824,41200.0,-2.213439464569092,-5.260659694671631,7.650073051452638
825,41250.0,-2.213439464569092,-5.260659694671631,7.650073051452638
826,41300.0,-1.236605167388916,-5.6018333435058585,7.352593421936035
827,41350.0,-1.236605167388916,-5.6018333435058585,7.352593421936035
828,41400.0,-1.236605167388916,-5.6018333435058585,7.352593421936035
829,41450.0,-1.324592113494873,-5.374982833862305,7.609371662139893
830,41500.0,-1.324592113494873,-5.374982833862305,7.609371662139893
831,41550.0,-1.324592113494873,-5.374982833862305,7.609371662139893
832,41600.0,-1.324592113494873,-5.374982833862305,7.609371662139893
833,41650.0,-1.625662922859192,-5.2504844665527335,7.67042350769043
834,41700.0,-1.625662922859192,-5.2504844665527335,7.67042350769043
835,41750.0,-1.625662922859192,-5.2504844665527335,7.67042350769043
836,41800.0,-1.3646949529647827,-5.345055103302002,7.55131196975708
837,41850.0,-1.3646949529647827,-5.345055103302002,7.55131196975708
838,41900.0,-1.3646949529647827,-5.345055103302002,7.55131196975708
839,41950.0,-1.3646949529647827,-5.345055103302002,7.55131196975708
840,42000.0,-1.6974890232086182,-5.361216068267822,7.6805992126464835
841,42050.0,-1.6974890232086182,-5.361216068267822,7.6805992126464835
842,42100.0,-1.6974890232086182,-5.361216068267822,7.6805992126464835
843,42150.0,-1.6974890232086182,-5.361216068267822,7.6805992126464835
844,42200.0,-1.5286977291107178,-5.342660903930664,7.627327919006348
845,42250.0,-1.5286977291107178,-5.342660903930664,7.627327919006348
846,42300.0,-1.5286977291107178,-5.342660903930664,7.627327919006348
847,42350.0,-1.5610195398330688,-5.410297393798828,7.642890453338622
848,42400.0,-1.5610195398330688,-5.410297393798828,7.642890453338622
849,42450.0,-1.5610195398330688,-5.410297393798828,7.642890453338622
850,42500.0,-1.5610195398330688,-5.410297393798828,7.642890453338622
851,42550.0,-1.483207941055298,-5.3336830139160165,7.645883083343506
852,42600.0,-1.483207941055298,-5.3336830139160165,7.645883083343506
853,42650.0,-1.483207941055298,-5.3336830139160165,7.645883083343506
854,42700.0,-1.634641170501709,-5.37558126449585,7.4980411529541025
855,42750.0,-1.634641170501709,-5.37558126449585,7.4980411529541025
856,42800.0,-1.634641170501709,-5.37558126449585,7.4980411529541025
857,42850.0,-1.634641170501709,-5.37558126449585,7.4980411529541025
858,42900.0,-1.4903905391693115,-5.370194435119629,7.592013359069824
859,42950.0,-1.4903905391693115,-5.370194435119629,7.592013359069824
860,43000.0,-1.4903905391693115,-5.370194435119629,7.592013359069824
861,43050.0,-1.4903905391693115,-5.370194435119629,7.592013359069824
862,43100.0,-1.4185645580291748,-5.372588634490967,7.565677165985107
863,43150.0,-1.4185645580291748,-5.372588634490967,7.565677165985107
864,43200.0,-1.4185645580291748,-5.372588634490967,7.565677165985107
865,43250.0,-1.5729905366897583,-5.516839504241943,7.507617950439452
866,43300.0,-1.5729905366897583,-5.516839504241943,7.507617950439452
867,43350.0,-1.5729905366897583,-5.516839504241943,7.507617950439452
868,43400.0,-1.5729905366897583,-5.516839504241943,7.507617950439452
869,43450.0,-1.4664485454559326,-5.383961200714111,7.706336498260497
870,43500.0,-1.4664485454559326,-5.383961200714111,7.706336498260497
871,43550.0,-1.4664485454559326,-5.383961200714111,7.706336498260497
872,43600.0,-1.521515130996704,-5.24030876159668,7.654263019561768
873,43650.0,-1.521515130996704,-5.24030876159668,7.654263019561768
874,43700.0,-1.521515130996704,-5.24030876159668,7.654263019561768
875,43750.0,-1.521515130996704,-5.24030876159668,7.654263019561768
876,43800.0,-1.543063044548035,-5.349843502044678,7.6117658615112305
877,43850.0,-1.543063044548035,-5.349843502044678,7.6117658615112305
878,43900.0,-1.543063044548035,-5.349843502044678,7.6117658615112305
879,43950.0,-1.543063044548035,-5.349843502044678,7.6117658615112305
880,44000.0,-1.5933412313461304,-5.4462103843688965,7.630321025848389
881,44050.0,-1.5933412313461304,-5.4462103843688965,7.630321025848389
882,44100.0,-1.5933412313461304,-5.4462103843688965,7.630321025848389
883,44150.0,-1.3311761617660522,-5.3761796951293945,7.605181694030763
884,44200.0,-1.3311761617660522,-5.3761796951293945,7.605181694030763
885,44250.0,-1.3311761617660522,-5.3761796951293945,7.605181694030763
886,44300.0,-1.3311761617660522,-5.3761796951293945,7.605181694030763
887,44350.0,-1.5173252820968628,-5.4049105644226065,7.571662902832031
888,44400.0,-1.5173252820968628,-5.4049105644226065,7.571662902832031
889,44450.0,-1.5173252820968628,-5.4049105644226065,7.571662902832031
890,44500.0,-1.5173252820968628,-5.4049105644226065,7.571662902832031
891,44550.0,-1.3982137441635132,-5.447407245635986,7.581838130950928
892,44600.0,-1.3982137441635132,-5.447407245635986,7.581838130950928
893,44650.0,-1.3982137441635132,-5.447407245635986,7.581838130950928
894,44700.0,-1.535880446434021,-5.3342814445495605,7.634510517120361
895,44750.0,-1.535880446434021,-5.3342814445495605,7.634510517120361
896,44800.0,-1.535880446434021,-5.3342814445495605,7.634510517120361
897,44850.0,-1.535880446434021,-5.3342814445495605,7.634510517120361
898,44900.0,-1.486799240112305,-5.408501625061035,7.565677165985107
899,44950.0,-1.486799240112305,-5.408501625061035,7.565677165985107
900,45000.0,-1.486799240112305,-5.408501625061035,7.565677165985107
901,45050.0,-1.5233107805252075,-5.364807605743408,7.605181694030763
902,45100.0,-1.5233107805252075,-5.364807605743408,7.605181694030763
903,45150.0,-1.5233107805252075,-5.364807605743408,7.605181694030763
904,45200.0,-1.5233107805252075,-5.364807605743408,7.605181694030763
905,45250.0,-1.513733983039856,-5.357026100158691,7.629722118377685
906,45300.0,-1.513733983039856,-5.357026100158691,7.629722118377685
907,45350.0,-1.513733983039856,-5.357026100158691,7.629722118377685
908,45400.0,-1.513733983039856,-5.357026100158691,7.629722118377685
909,45450.0,-1.5047557353973389,-5.329493045806885,7.640496253967285
910,45500.0,-1.5047557353973389,-5.329493045806885,7.640496253967285
911,45550.0,-1.5047557353973389,-5.329493045806885,7.640496253967285
912,45600.0,-1.53169047832489,-5.370792865753174,7.669825077056885
913,45650.0,-1.53169047832489,-5.370792865753174,7.669825077056885
914,45700.0,-1.53169047832489,-5.370792865753174,7.669825077056885
915,45750.0,-1.53169047832489,-5.370792865753174,7.669825077056885
916,45800.0,-1.5478514432907104,-5.321712017059326,7.655459880828857
917,45850.0,-1.5478514432907104,-5.321712017059326,7.655459880828857
918,45900.0,-1.5478514432907104,-5.321712017059326,7.655459880828857
919,45950.0,-1.5759832859039309,-5.353435039520264,7.703343868255615
920,46000.0,-1.5759832859039309,-5.353435039520264,7.703343868255615
921,46050.0,-1.5759832859039309,-5.353435039520264,7.703343868255615
922,46100.0,-1.5759832859039309,-5.353435039520264,7.703343868255615
923,46150.0,-1.569997787475586,-5.3139305114746085,7.6327152252197275
924,46200.0,-1.569997787475586,-5.3139305114746085,7.6327152252197275
925,46250.0,-1.569997787475586,-5.3139305114746085,7.6327152252197275
926,46300.0,-1.569997787475586,-5.3139305114746085,7.6327152252197275
927,46350.0,-1.3066356182098389,-5.3336830139160165,7.646481513977051
928,46400.0,-1.3066356182098389,-5.3336830139160165,7.646481513977051
929,46450.0,-1.3066356182098389,-5.3336830139160165,7.646481513977051
930,46500.0,-1.4526818990707395,-5.359420299530028,7.68538761138916
931,46550.0,-1.4526818990707395,-5.359420299530028,7.68538761138916
932,46600.0,-1.4526818990707395,-5.359420299530028,7.68538761138916
933,46650.0,-1.4526818990707395,-5.359420299530028,7.68538761138916
934,46700.0,-1.5933412313461304,-5.349245071411133,7.614758491516112
935,46750.0,-1.5933412313461304,-5.349245071411133,7.614758491516112
936,46800.0,-1.5933412313461304,-5.349245071411133,7.614758491516112
937,46850.0,-1.5478514432907104,-5.371990203857422,7.678803443908691
938,46900.0,-1.5478514432907104,-5.371990203857422,7.678803443908691
939,46950.0,-1.5478514432907104,-5.371990203857422,7.678803443908691
940,47000.0,-1.5478514432907104,-5.371990203857422,7.678803443908691
941,47050.0,-1.523909330368042,-5.327697277069092,7.665036678314209
942,47100.0,-1.523909330368042,-5.327697277069092,7.665036678314209
943,47150.0,-1.523909330368042,-5.327697277069092,7.665036678314209
944,47200.0,-1.523909330368042,-5.327697277069092,7.665036678314209
945,47250.0,-1.4903905391693115,-5.370194435119629,7.6752119064331055
946,47300.0,-1.4903905391693115,-5.370194435119629,7.6752119064331055
947,47350.0,-1.4903905391693115,-5.370194435119629,7.6752119064331055
948,47400.0,-1.5454572439193726,-5.385158061981201,7.639298915863037
949,47450.0,-1.5454572439193726,-5.385158061981201,7.639298915863037
950,47500.0,-1.5454572439193726,-5.385158061981201,7.639298915863037
951,47550.0,-1.5454572439193726,-5.385158061981201,7.639298915863037
952,47600.0,-1.469441294670105,-5.292981624603272,7.653664112091064
953,47650.0,-1.469441294670105,-5.292981624603272,7.653664112091064
954,47700.0,-1.469441294670105,-5.292981624603272,7.653664112091064
955,47750.0,-1.4766238927841189,-5.366004467010498,7.688380241394043
956,47800.0,-1.4766238927841189,-5.366004467010498,7.688380241394043
957,47850.0,-1.4766238927841189,-5.366004467010498,7.688380241394043
958,47900.0,-1.4766238927841189,-5.366004467010498,7.688380241394043
959,47950.0,-1.4826093912124634,-5.322908878326416,7.645883083343506
960,48000.0,-1.4826093912124634,-5.322908878326416,7.645883083343506
961,48050.0,-1.4826093912124634,-5.322908878326416,7.645883083343506
962,48100.0,-1.4826093912124634,-5.322908878326416,7.645883083343506
963,48150.0,-1.3988122940063477,-5.291185855865479,7.735665798187256
964,48200.0,-1.3988122940063477,-5.291185855865479,7.735665798187256
965,48250.0,-1.3988122940063477,-5.291185855865479,7.735665798187256
966,48300.0,-1.4437036514282229,-5.385158061981201,7.589020729064941
967,48350.0,-1.4437036514282229,-5.385158061981201,7.589020729064941
968,48400.0,-1.4437036514282229,-5.385158061981201,7.589020729064941
969,48450.0,-1.4437036514282229,-5.385158061981201,7.589020729064941
970,48500.0,-1.4371196031570437,-5.3564276695251465,7.620744228363037
971,48550.0,-1.4371196031570437,-5.3564276695251465,7.620744228363037
972,48600.0,-1.4371196031570437,-5.3564276695251465,7.620744228363037
973,48650.0,-1.5017629861831665,-5.327697277069092,7.638102054595947
974,48700.0,-1.5017629861831665,-5.327697277069092,7.638102054595947
975,48750.0,-1.5017629861831665,-5.327697277069092,7.638102054595947
976,48800.0,-1.5017629861831665,-5.327697277069092,7.638102054595947
977,48850.0,-1.4664485454559326,-5.366004467010498,7.628525257110597
978,48900.0,-1.4664485454559326,-5.366004467010498,7.628525257110597
979,48950.0,-1.4664485454559326,-5.366004467010498,7.628525257110597
980,49000.0,-1.4664485454559326,-5.366004467010498,7.628525257110597
981,49050.0,-1.4742296934127808,-5.339069843292236,7.646481513977051
982,49100.0,-1.4742296934127808,-5.339069843292236,7.646481513977051
983,49150.0,-1.4742296934127808,-5.339069843292236,7.646481513977051
984,49200.0,-1.4514847993850708,-5.294776916503906,7.6776061058044425
985,49250.0,-1.4514847993850708,-5.294776916503906,7.6776061058044425
986,49300.0,-1.4514847993850708,-5.294776916503906,7.6776061058044425
987,49350.0,-1.4514847993850708,-5.294776916503906,7.6776061058044425
988,49400.0,-1.4646528959274292,-5.324106216430664,7.688978672027588
989,49450.0,-1.4646528959274292,-5.324106216430664,7.688978672027588
990,49500.0,-1.4646528959274292,-5.324106216430664,7.688978672027588
991,49550.0,-1.4814122915267944,-5.301361083984375,7.671022415161133
992,49600.0,-1.4814122915267944,-5.301361083984375,7.671022415161133
993,49650.0,-1.4814122915267944,-5.301361083984375,7.671022415161133
994,49700.0,-1.4814122915267944,-5.301361083984375,7.671022415161133
995,49750.0,-1.4179660081863403,-5.298368453979492,7.668628215789795
996,49800.0,-1.4179660081863403,-5.298368453979492,7.668628215789795
997,49850.0,-1.4179660081863403,-5.298368453979492,7.668628215789795
998,49900.0,-1.4179660081863403,-5.298368453979492,7.668628215789795
999,49950.0,-1.543063044548035,-5.361814498901367,7.618948459625244
1000,50000.0,-1.543063044548035,-5.361814498901367,7.618948459625244
1001,50050.0,-1.543063044548035,-5.361814498901367,7.618948459625244
1002,50100.0,-1.4574702978134155,-5.262455463409424,7.648277282714844
1003,50150.0,-1.4574702978134155,-5.262455463409424,7.648277282714844
1004,50200.0,-1.4574702978134155,-5.262455463409424,7.648277282714844
1005,50250.0,-1.4574702978134155,-5.262455463409424,7.648277282714844
1006,50300.0,-1.5328876972198486,-5.450998783111572,7.5872249603271475
1007,50350.0,-1.5328876972198486,-5.450998783111572,7.5872249603271475
1008,50400.0,-1.5328876972198486,-5.450998783111572,7.5872249603271475
1009,50450.0,-1.3778630495071411,-5.254673957824707,7.708730697631836
1010,50500.0,-1.3778630495071411,-5.254673957824707,7.708730697631836
1011,50550.0,-1.3778630495071411,-5.254673957824707,7.708730697631836
1012,50600.0,-1.3778630495071411,-5.254673957824707,7.708730697631836
1013,50650.0,-1.447893500328064,-5.352836608886719,7.644686222076416
1014,50700.0,-1.447893500328064,-5.352836608886719,7.644686222076416
1015,50750.0,-1.447893500328064,-5.352836608886719,7.644686222076416
1016,50800.0,-1.447893500328064,-5.352836608886719,7.644686222076416
1017,50850.0,-1.5185223817825315,-5.433042049407959,7.653065681457519
1018,50900.0,-1.5185223817825315,-5.433042049407959,7.653065681457519
1019,50950.0,-1.5185223817825315,-5.433042049407959,7.653065681457519
1020,51000.0,-1.492186188697815,-5.410297393798828,7.572261333465576
1021,51050.0,-1.492186188697815,-5.410297393798828,7.572261333465576
1022,51100.0,-1.492186188697815,-5.410297393798828,7.572261333465576
1023,51150.0,-1.492186188697815,-5.410297393798828,7.572261333465576
1024,51200.0,-1.5388731956481934,-5.40790319442749,7.573458671569824
1025,51250.0,-1.5388731956481934,-5.40790319442749,7.573458671569824
1026,51300.0,-1.5388731956481934,-5.40790319442749,7.573458671569824
1027,51350.0,-1.5143325328826904,-5.397727966308594,7.558494567871094
1028,51400.0,-1.5143325328826904,-5.397727966308594,7.558494567871094
1029,51450.0,-1.5143325328826904,-5.397727966308594,7.558494567871094
1030,51500.0,-1.5143325328826904,-5.397727966308594,7.558494567871094
1031,51550.0,-1.5125368833541868,-5.321712017059326,7.664438247680664
1032,51600.0,-1.5125368833541868,-5.321712017059326,7.664438247680664
1033,51650.0,-1.5125368833541868,-5.321712017059326,7.664438247680664
1034,51700.0,-1.5125368833541868,-5.321712017059326,7.664438247680664
1035,51750.0,-1.5089455842971802,-5.360617637634277,7.637503623962402
1036,51800.0,-1.5089455842971802,-5.360617637634277,7.637503623962402
1037,51850.0,-1.5089455842971802,-5.360617637634277,7.637503623962402
1038,51900.0,-1.4460978507995603,-5.370194435119629,7.638700485229492
1039,51950.0,-1.4460978507995603,-5.370194435119629,7.638700485229492
1040,52000.0,-1.4460978507995603,-5.370194435119629,7.638700485229492
1041,52050.0,-1.4460978507995603,-5.370194435119629,7.638700485229492
1042,52100.0,-1.4826093912124634,-5.331887245178223,7.617751121520996
1043,52150.0,-1.4826093912124634,-5.331887245178223,7.617751121520996
1044,52200.0,-1.4826093912124634,-5.331887245178223,7.617751121520996
1045,52250.0,-1.493383288383484,-5.34744930267334,7.644087314605713
1046,52300.0,-1.493383288383484,-5.34744930267334,7.644087314605713
1047,52350.0,-1.493383288383484,-5.34744930267334,7.644087314605713
1048,52400.0,-1.493383288383484,-5.34744930267334,7.644087314605713
1049,52450.0,-1.5460557937622068,-5.336675643920898,7.63989782333374
1050,52500.0,-1.5460557937622068,-5.336675643920898,7.63989782333374
1051,52550.0,-1.5460557937622068,-5.336675643920898,7.63989782333374
1052,52600.0,-1.5460557937622068,-5.336675643920898,7.63989782333374
1053,52650.0,-1.447893500328064,-5.343259811401367,7.6291236877441415
1054,52700.0,-1.447893500328064,-5.343259811401367,7.6291236877441415
1055,52750.0,-1.447893500328064,-5.343259811401367,7.6291236877441415
1056,52800.0,-1.5017629861831665,-5.307945251464844,7.65725564956665
1057,52850.0,-1.5017629861831665,-5.307945251464844,7.65725564956665
1058,52900.0,-1.5017629861831665,-5.307945251464844,7.65725564956665
1059,52950.0,-1.5017629861831665,-5.307945251464844,7.65725564956665
1060,53000.0,-1.4131776094436646,-5.348646640777588,7.615356922149657
1061,53050.0,-1.4131776094436646,-5.348646640777588,7.615356922149657
1062,53100.0,-1.4131776094436646,-5.348646640777588,7.615356922149657
1063,53150.0,-1.4718354940414429,-5.34744930267334,7.644087314605713
1064,53200.0,-1.4718354940414429,-5.34744930267334,7.644087314605713
1065,53250.0,-1.4718354940414429,-5.34744930267334,7.644087314605713
1066,53300.0,-1.4718354940414429,-5.34744930267334,7.644087314605713
1067,53350.0,-1.4975731372833252,-5.376778602600098,7.541136741638184
1068,53400.0,-1.4975731372833252,-5.376778602600098,7.541136741638184
1069,53450.0,-1.4975731372833252,-5.376778602600098,7.541136741638184
1070,53500.0,-1.4975731372833252,-5.376778602600098,7.541136741638184
1071,53550.0,-1.4873977899551392,-5.351040840148926,7.550713539123535
1072,53600.0,-1.4873977899551392,-5.351040840148926,7.550713539123535
1073,53650.0,-1.4873977899551392,-5.351040840148926,7.550713539123535
1074,53700.0,-1.4981716871261597,-5.389946460723877,7.6141600608825675
1075,53750.0,-1.4981716871261597,-5.389946460723877,7.6141600608825675
1076,53800.0,-1.4981716871261597,-5.389946460723877,7.6141600608825675
1077,53850.0,-1.4981716871261597,-5.389946460723877,7.6141600608825675
1078,53900.0,-1.5478514432907104,-5.369596004486084,7.65725564956665
1079,53950.0,-1.5478514432907104,-5.369596004486084,7.65725564956665
1080,54000.0,-1.5478514432907104,-5.369596004486084,7.65725564956665
1081,54050.0,-1.5478514432907104,-5.369596004486084,7.65725564956665
1082,54100.0,-1.4712369441986084,-5.4013190269470215,7.583633899688722
1083,54150.0,-1.4712369441986084,-5.4013190269470215,7.583633899688722
1084,54200.0,-1.4712369441986084,-5.4013190269470215,7.583633899688722
1085,54250.0,-1.569997787475586,-5.370194435119629,7.6315178871154785
1086,54300.0,-1.569997787475586,-5.370194435119629,7.6315178871154785
1087,54350.0,-1.569997787475586,-5.370194435119629,7.6315178871154785
1088,54400.0,-1.569997787475586,-5.370194435119629,7.6315178871154785
1089,54450.0,-1.5544354915618896,-5.336675643920898,7.640496253967285
1090,54500.0,-1.5544354915618896,-5.336675643920898,7.640496253967285
1091,54550.0,-1.5544354915618896,-5.336675643920898,7.640496253967285
1092,54600.0,-1.543063044548035,-5.418676853179932,7.592013359069824
1093,54650.0,-1.543063044548035,-5.418676853179932,7.592013359069824
1094,54700.0,-1.543063044548035,-5.418676853179932,7.592013359069824
1095,54750.0,-1.543063044548035,-5.418676853179932,7.592013359069824
1096,54800.0,-1.4969745874404907,-5.364208698272705,7.619546890258789
1097,54850.0,-1.4969745874404907,-5.364208698272705,7.619546890258789
1098,54900.0,-1.4969745874404907,-5.364208698272705,7.619546890258789
1099,54950.0,-1.4969745874404907,-5.364208698272705,7.619546890258789
1100,55000.0,-1.5514427423477173,-5.422866821289063,7.5878238677978525
1101,55050.0,-1.5514427423477173,-5.422866821289063,7.5878238677978525
1102,55100.0,-1.5514427423477173,-5.422866821289063,7.5878238677978525
1103,55150.0,-1.5047557353973389,-5.341464042663574,7.617751121520996
1104,55200.0,-1.5047557353973389,-5.341464042663574,7.617751121520996
1105,55250.0,-1.5047557353973389,-5.341464042663574,7.617751121520996
1106,55300.0,-1.5047557353973389,-5.341464042663574,7.617751121520996
1107,55350.0,-1.5634137392044067,-5.35822343826294,7.6566572189331055
1108,55400.0,-1.5634137392044067,-5.35822343826294,7.6566572189331055
1109,55450.0,-1.5634137392044067,-5.35822343826294,7.6566572189331055
1110,55500.0,-1.5508441925048828,-5.309142112731934,7.678205013275146
1111,55550.0,-1.5508441925048828,-5.309142112731934,7.678205013275146
1112,55600.0,-1.5508441925048828,-5.309142112731934,7.678205013275146
1113,55650.0,-1.5508441925048828,-5.309142112731934,7.678205013275146
1114,55700.0,-1.4778209924697876,-5.311536312103272,7.645883083343506
1115,55750.0,-1.4778209924697876,-5.311536312103272,7.645883083343506
1116,55800.0,-1.4778209924697876,-5.311536312103272,7.645883083343506
1117,55850.0,-1.4778209924697876,-5.311536312103272,7.645883083343506
1118,55900.0,-1.5442601442337036,-5.342062473297119,7.648875713348389
1119,55950.0,-1.5442601442337036,-5.342062473297119,7.648875713348389
1120,56000.0,-1.5442601442337036,-5.342062473297119,7.648875713348389
1121,56050.0,-1.511339783668518,-5.336675643920898,7.6315178871154785
1122,56100.0,-1.511339783668518,-5.336675643920898,7.6315178871154785
1123,56150.0,-1.511339783668518,-5.336675643920898,7.6315178871154785
1124,56200.0,-1.511339783668518,-5.336675643920898,7.6315178871154785
1125,56250.0,-1.5089455842971802,-5.36361026763916,7.597400665283202
1126,56300.0,-1.5089455842971802,-5.36361026763916,7.597400665283202
1127,56350.0,-1.5089455842971802,-5.36361026763916,7.597400665283202
1128,56400.0,-1.5089455842971802,-5.36361026763916,7.597400665283202
1129,56450.0,-1.5382746458053589,-5.336675643920898,7.655459880828857
1130,56500.0,-1.5382746458053589,-5.336675643920898,7.655459880828857
1131,56550.0,-1.5382746458053589,-5.336675643920898,7.655459880828857
1132,56600.0,-1.5071499347686768,-5.3151278495788565,7.6141600608825675
1133,56650.0,-1.5071499347686768,-5.3151278495788565,7.6141600608825675
1134,56700.0,-1.5071499347686768,-5.3151278495788565,7.6141600608825675
1135,56750.0,-1.5071499347686768,-5.3151278495788565,7.6141600608825675
1136,56800.0,-1.483207941055298,-5.32889461517334,7.666234016418457
1137,56850.0,-1.483207941055298,-5.32889461517334,7.666234016418457
1138,56900.0,-1.483207941055298,-5.32889461517334,7.666234016418457
1139,56950.0,-1.5179238319396973,-5.318718910217285,7.642292022705077
1140,57000.0,-1.5179238319396973,-5.318718910217285,7.642292022705077
1141,57050.0,-1.5179238319396973,-5.318718910217285,7.642292022705077
1142,57100.0,-1.5179238319396973,-5.318718910217285,7.642292022705077
1143,57150.0,-1.5298948287963867,-5.349843502044678,7.638700485229492
1144,57200.0,-1.5298948287963867,-5.349843502044678,7.638700485229492
1145,57250.0,-1.5298948287963867,-5.349843502044678,7.638700485229492
1146,57300.0,-1.5298948287963867,-5.3600192070007315,7.647080421447754
1147,57350.0,-1.5298948287963867,-5.3600192070007315,7.647080421447754
1148,57400.0,-1.5298948287963867,-5.3600192070007315,7.647080421447754
1149,57450.0,-1.5298948287963867,-5.3600192070007315,7.647080421447754
1150,57500.0,-1.5119383335113523,-5.281010627746582,7.659649848937987
1151,57550.0,-1.5119383335113523,-5.281010627746582,7.659649848937987
1152,57600.0,-1.5119383335113523,-5.281010627746582,7.659649848937987
1153,57650.0,-1.5119383335113523,-5.281010627746582,7.659649848937987
1154,57700.0,-1.5310919284820557,-5.311536312103272,7.657854080200195
1155,57750.0,-1.5310919284820557,-5.311536312103272,7.657854080200195
1156,57800.0,-1.5310919284820557,-5.311536312103272,7.657854080200195
1157,57850.0,-1.4927847385406494,-5.342062473297119,7.65186882019043
1158,57900.0,-1.4927847385406494,-5.342062473297119,7.65186882019043
1159,57950.0,-1.4927847385406494,-5.342062473297119,7.65186882019043
1160,58000.0,-1.4927847385406494,-5.342062473297119,7.65186882019043
1161,58050.0,-1.5502456426620483,-5.364208698272705,7.630321025848389
1162,58100.0,-1.5502456426620483,-5.364208698272705,7.630321025848389
1163,58150.0,-1.5502456426620483,-5.364208698272705,7.630321025848389
1164,58200.0,-1.5885528326034546,-5.352836608886719,7.642890453338622
1165,58250.0,-1.5885528326034546,-5.352836608886719,7.642890453338622
1166,58300.0,-1.5885528326034546,-5.352836608886719,7.642890453338622
1167,58350.0,-1.5885528326034546,-5.352836608886719,7.642890453338622
1168,58400.0,-1.5670050382614136,-5.340865612030028,7.697957038879394
1169,58450.0,-1.5670050382614136,-5.340865612030028,7.697957038879394
1170,58500.0,-1.5670050382614136,-5.340865612030028,7.697957038879394
1171,58550.0,-1.5670050382614136,-5.340865612030028,7.697957038879394
1172,58600.0,-1.5861586332321167,-5.298966884613037,7.672817707061768
1173,58650.0,-1.5861586332321167,-5.298966884613037,7.672817707061768
1174,58700.0,-1.5861586332321167,-5.298966884613037,7.672817707061768
1175,58750.0,-1.4083890914916992,-5.3522377014160165,7.599195957183838
1176,58800.0,-1.4083890914916992,-5.3522377014160165,7.599195957183838
1177,58850.0,-1.4083890914916992,-5.3522377014160165,7.599195957183838
1178,58900.0,-1.4083890914916992,-5.3522377014160165,7.599195957183838
1179,58950.0,-1.6011223793029783,-5.276222229003906,7.649474620819093
1180,59000.0,-1.6011223793029783,-5.276222229003906,7.649474620819093
1181,59050.0,-1.6011223793029783,-5.276222229003906,7.649474620819093
1182,59100.0,-1.5753847360610962,-5.379172801971436,7.710526466369629
1183,59150.0,-1.5753847360610962,-5.379172801971436,7.710526466369629
1184,59200.0,-1.5753847360610962,-5.379172801971436,7.710526466369629
1185,59250.0,-1.5753847360610962,-5.379172801971436,7.710526466369629
1186,59300.0,-1.5167267322540283,-5.330689907073975,7.668628215789795
1187,59350.0,-1.5167267322540283,-5.330689907073975,7.668628215789795
1188,59400.0,-1.5167267322540283,-5.330689907073975,7.668628215789795
1189,59450.0,-1.5167267322540283,-5.330689907073975,7.668628215789795
1190,59500.0,-1.4754267930984497,-5.308543682098389,7.672817707061768
1191,59550.0,-1.4754267930984497,-5.308543682098389,7.672817707061768
1192,59600.0,-1.4754267930984497,-5.308543682098389,7.672817707061768
1193,59650.0,-1.4927847385406494,-5.309142112731934,7.6512699127197275
1194,59700.0,-1.4927847385406494,-5.309142112731934,7.6512699127197275
1195,59750.0,-1.4927847385406494,-5.309142112731934,7.6512699127197275
1196,59800.0,-1.4927847385406494,-5.309142112731934,7.6512699127197275
1197,59850.0,-1.5460557937622068,-5.3522377014160165,7.6566572189331055
1198,59900.0,-1.5460557937622068,-5.3522377014160165,7.6566572189331055
1199,59950.0,-1.5460557937622068,-5.3522377014160165,7.6566572189331055
1200,60000.0,-1.5269020795822144,-5.311536312103272,7.656058311462402
1201,60050.0,-1.5269020795822144,-5.311536312103272,7.656058311462402
1202,60100.0,-1.5269020795822144,-5.311536312103272,7.656058311462402
1203,60150.0,-1.5269020795822144,-5.311536312103272,7.656058311462402
1204,60200.0,-1.4053963422775269,-5.279813289642334,7.664438247680664
1205,60250.0,-1.4053963422775269,-5.279813289642334,7.664438247680664
1206,60300.0,-1.4053963422775269,-5.279813289642334,7.664438247680664
1207,60350.0,-1.4053963422775269,-5.279813289642334,7.664438247680664
1208,60400.0,-1.5083470344543457,-5.368398666381836,7.588422298431396
1209,60450.0,-1.5083470344543457,-5.368398666381836,7.588422298431396
1210,60500.0,-1.5083470344543457,-5.368398666381836,7.588422298431396
1211,60550.0,-1.5280991792678833,-5.34744930267334,7.63989782333374
1212,60600.0,-1.5280991792678833,-5.34744930267334,7.63989782333374
1213,60650.0,-1.5280991792678833,-5.34744930267334,7.63989782333374
1214,60700.0,-1.5280991792678833,-5.34744930267334,7.63989782333374
1215,60750.0,-1.5592238903045654,-5.292981624603272,7.663240909576416
1216,60800.0,-1.5592238903045654,-5.292981624603272,7.663240909576416
1217,60850.0,-1.5592238903045654,-5.292981624603272,7.663240909576416
1218,60900.0,-1.5532383918762207,-5.350442409515381,7.6357078552246085
1219,60950.0,-1.5532383918762207,-5.350442409515381,7.6357078552246085
1220,61000.0,-1.5532383918762207,-5.350442409515381,7.6357078552246085
1221,61050.0,-1.5532383918762207,-5.350442409515381,7.6357078552246085
1222,61100.0,-1.6136919260025024,-5.34625244140625,7.672219276428223
1223,61150.0,-1.6136919260025024,-5.34625244140625,7.672219276428223
1224,61200.0,-1.6136919260025024,-5.34625244140625,7.672219276428223
1225,61250.0,-1.6136919260025024,-5.34625244140625,7.672219276428223
1226,61300.0,-1.4706383943557741,-5.3588218688964835,7.581239700317383
1227,61350.0,-1.4706383943557741,-5.3588218688964835,7.581239700317383
1228,61400.0,-1.4706383943557741,-5.3588218688964835,7.581239700317383
1229,61450.0,-1.578976035118103,-5.338471412658691,7.629722118377685
1230,61500.0,-1.578976035118103,-5.338471412658691,7.629722118377685
1231,61550.0,-1.578976035118103,-5.338471412658691,7.629722118377685
1232,61600.0,-1.578976035118103,-5.338471412658691,7.629722118377685
1233,61650.0,-1.5376760959625244,-5.281010627746582,7.709329605102539
1234,61700.0,-1.5376760959625244,-5.281010627746582,7.709329605102539
1235,61750.0,-1.5376760959625244,-5.281010627746582,7.709329605102539
1236,61800.0,-1.5741876363754272,-5.3797712326049805,7.6985554695129395
1237,61850.0,-1.5741876363754272,-5.3797712326049805,7.6985554695129395
1238,61900.0,-1.5741876363754272,-5.3797712326049805,7.6985554695129395
1239,61950.0,-1.5741876363754272,-5.3797712326049805,7.6985554695129395
1240,62000.0,-1.5107412338256836,-5.292981624603272,7.703343868255615
1241,62050.0,-1.5107412338256836,-5.292981624603272,7.703343868255615
1242,62100.0,-1.5107412338256836,-5.292981624603272,7.703343868255615
1243,62150.0,-1.5107412338256836,-5.292981624603272,7.703343868255615
1244,62200.0,-1.5765818357467651,-5.343259811401367,7.6315178871154785
1245,62250.0,-1.5765818357467651,-5.343259811401367,7.6315178871154785
1246,62300.0,-1.5765818357467651,-5.343259811401367,7.6315178871154785
1247,62350.0,-1.4538789987564087,-5.284003257751465,7.654861450195312
1248,62400.0,-1.4538789987564087,-5.284003257751465,7.654861450195312
1249,62450.0,-1.4538789987564087,-5.284003257751465,7.654861450195312
1250,62500.0,-1.4538789987564087,-5.284003257751465,7.654861450195312
1251,62550.0,-1.5526398420333862,-5.298368453979492,7.684190273284912
1252,62600.0,-1.5526398420333862,-5.298368453979492,7.684190273284912
1253,62650.0,-1.5526398420333862,-5.298368453979492,7.684190273284912
1254,62700.0,-1.5526398420333862,-5.298368453979492,7.684190273284912
1255,62750.0,-1.447893500328064,-5.405508995056152,7.574655532836914
1256,62800.0,-1.447893500328064,-5.405508995056152,7.574655532836914
1257,62850.0,-1.447893500328064,-5.405508995056152,7.574655532836914
1258,62900.0,-1.5849615335464478,-5.308543682098389,7.647080421447754
1259,62950.0,-1.5849615335464478,-5.308543682098389,7.647080421447754
1260,63000.0,-1.5849615335464478,-5.308543682098389,7.647080421447754
1261,63050.0,-1.5849615335464478,-5.308543682098389,7.647080421447754
1262,63100.0,-1.567603588104248,-5.343858242034912,7.6327152252197275
1263,63150.0,-1.567603588104248,-5.343858242034912,7.6327152252197275
1264,63200.0,-1.567603588104248,-5.343858242034912,7.6327152252197275
1265,63250.0,-1.40180504322052,-5.270834922790527,7.6997528076171875
1266,63300.0,-1.40180504322052,-5.270834922790527,7.6997528076171875
1267,63350.0,-1.40180504322052,-5.270834922790527,7.6997528076171875
1268,63400.0,-1.40180504322052,-5.270834922790527,7.6997528076171875
1269,63450.0,-1.4419080018997192,-5.436633586883545,7.638102054595947
1270,63500.0,-1.4419080018997192,-5.436633586883545,7.638102054595947
1271,63550.0,-1.4419080018997192,-5.436633586883545,7.638102054595947
1272,63600.0,-1.581370234489441,-5.309142112731934,7.618948459625244
1273,63650.0,-1.581370234489441,-5.309142112731934,7.618948459625244
1274,63700.0,-1.581370234489441,-5.309142112731934,7.618948459625244
1275,63750.0,-1.581370234489441,-5.309142112731934,7.618948459625244
1276,63800.0,-1.544858694076538,-5.318718910217285,7.65186882019043
1277,63850.0,-1.544858694076538,-5.318718910217285,7.65186882019043
1278,63900.0,-1.544858694076538,-5.318718910217285,7.65186882019043
1279,63950.0,-1.544858694076538,-5.318718910217285,7.65186882019043
1280,64000.0,-1.5592238903045654,-5.278017520904541,7.70274543762207
1281,64050.0,-1.5592238903045654,-5.278017520904541,7.70274543762207
1282,64100.0,-1.5592238903045654,-5.278017520904541,7.70274543762207
1283,64150.0,-1.5568296909332275,-5.291784286499023,7.646481513977051
1284,64200.0,-1.5568296909332275,-5.291784286499023,7.646481513977051
1285,64250.0,-1.5568296909332275,-5.291784286499023,7.646481513977051
1286,64300.0,-1.5568296909332275,-5.291784286499023,7.646481513977051
1287,64350.0,-1.5580267906188965,-5.282207489013672,7.6752119064331055
1288,64400.0,-1.5580267906188965,-5.282207489013672,7.6752119064331055
1289,64450.0,-1.5580267906188965,-5.282207489013672,7.6752119064331055
1290,64500.0,-1.61069917678833,-5.321113109588623,7.657854080200195
1291,64550.0,-1.61069917678833,-5.321113109588623,7.657854080200195
1292,64600.0,-1.61069917678833,-5.321113109588623,7.657854080200195
1293,64650.0,-1.61069917678833,-5.321113109588623,7.657854080200195
1294,64700.0,-1.5442601442337036,-5.28340482711792,7.644686222076416
1295,64750.0,-1.5442601442337036,-5.28340482711792,7.644686222076416
1296,64800.0,-1.5442601442337036,-5.28340482711792,7.644686222076416
1297,64850.0,-1.5442601442337036,-5.28340482711792,7.644686222076416
1298,64900.0,-1.5304933786392212,-5.291185855865479,7.647080421447754
1299,64950.0,-1.5304933786392212,-5.291185855865479,7.647080421447754
1300,65000.0,-1.5304933786392212,-5.291185855865479,7.647080421447754
1301,65050.0,-1.5292962789535522,-5.258863925933838,7.635109424591064
1302,65100.0,-1.5292962789535522,-5.258863925933838,7.635109424591064
1303,65150.0,-1.5292962789535522,-5.258863925933838,7.635109424591064
1304,65200.0,-1.5292962789535522,-5.258863925933838,7.635109424591064
1305,65250.0,-1.5328876972198486,-5.319317817687988,7.668029308319093
1306,65300.0,-1.5328876972198486,-5.319317817687988,7.668029308319093
1307,65350.0,-1.5328876972198486,-5.319317817687988,7.668029308319093
1308,65400.0,-1.5328876972198486,-5.319317817687988,7.668029308319093
1309,65450.0,-1.5574282407760618,-5.295974254608153,7.627926826477051
1310,65500.0,-1.5574282407760618,-5.295974254608153,7.627926826477051
1311,65550.0,-1.5574282407760618,-5.295974254608153,7.627926826477051
1312,65600.0,-1.5460557937622068,-5.294776916503906,7.65725564956665
1313,65650.0,-1.5460557937622068,-5.294776916503906,7.65725564956665
1314,65700.0,-1.5460557937622068,-5.294776916503906,7.65725564956665
1315,65750.0,-1.5460557937622068,-5.294776916503906,7.65725564956665
1316,65800.0,-1.5711948871612549,-5.28340482711792,7.659649848937987
1317,65850.0,-1.5711948871612549,-5.28340482711792,7.659649848937987
1318,65900.0,-1.5711948871612549,-5.28340482711792,7.659649848937987
1319,65950.0,-1.5119383335113523,-5.288193225860597,7.640496253967285
1320,66000.0,-1.5119383335113523,-5.288193225860597,7.640496253967285
1321,66050.0,-1.5119383335113523,-5.288193225860597,7.640496253967285
1322,66100.0,-1.5119383335113523,-5.288193225860597,7.640496253967285
1323,66150.0,-1.533486247062683,-5.293580055236816,7.666832447052003
1324,66200.0,-1.533486247062683,-5.293580055236816,7.666832447052003
1325,66250.0,-1.533486247062683,-5.293580055236816,7.666832447052003
1326,66300.0,-1.533486247062683,-5.293580055236816,7.666832447052003
1327,66350.0,-1.5711948871612549,-5.325303077697754,7.657854080200195
1328,66400.0,-1.5711948871612549,-5.325303077697754,7.657854080200195
1329,66450.0,-1.5711948871612549,-5.325303077697754,7.657854080200195
1330,66500.0,-1.5376760959625244,-5.2684407234191895,7.662642478942871
1331,66550.0,-1.5376760959625244,-5.2684407234191895,7.662642478942871
1332,66600.0,-1.5376760959625244,-5.2684407234191895,7.662642478942871
1333,66650.0,-1.5376760959625244,-5.2684407234191895,7.662642478942871
1334,66700.0,-1.483207941055298,-5.263652324676514,7.682993412017822
1335,66750.0,-1.483207941055298,-5.263652324676514,7.682993412017822
1336,66800.0,-1.483207941055298,-5.263652324676514,7.682993412017822
1337,66850.0,-1.5077484846115112,-5.297770023345947,7.678803443908691
1338,66900.0,-1.5077484846115112,-5.297770023345947,7.678803443908691
1339,66950.0,-1.5077484846115112,-5.297770023345947,7.678803443908691
1340,67000.0,-1.5077484846115112,-5.297770023345947,7.678803443908691
1341,67050.0,-1.5442601442337036,-5.2893900871276855,7.660248279571532
1342,67100.0,-1.5442601442337036,-5.2893900871276855,7.660248279571532
1343,67150.0,-1.5442601442337036,-5.2893900871276855,7.660248279571532
1344,67200.0,-1.5442601442337036,-5.2893900871276855,7.660248279571532
1345,67250.0,-1.5538369417190552,-5.279813289642334,7.69735860824585
1346,67300.0,-1.5538369417190552,-5.279813289642334,7.69735860824585
1347,67350.0,-1.5538369417190552,-5.279813289642334,7.69735860824585
1348,67400.0,-1.5322890281677246,-5.2893900871276855,7.6985554695129395
1349,67450.0,-1.5322890281677246,-5.2893900871276855,7.6985554695129395
1350,67500.0,-1.5322890281677246,-5.2893900871276855,7.6985554695129395
1351,67550.0,-1.5322890281677246,-5.2893900871276855,7.6985554695129395
1352,67600.0,-1.548449993133545,-5.2875943183898935,7.688380241394043
1353,67650.0,-1.548449993133545,-5.2875943183898935,7.688380241394043
1354,67700.0,-1.548449993133545,-5.2875943183898935,7.688380241394043
1355,67750.0,-1.5628151893615725,-5.252279758453369,7.666234016418457
1356,67800.0,-1.5628151893615725,-5.252279758453369,7.666234016418457
1357,67850.0,-1.5628151893615725,-5.252279758453369,7.666234016418457
1358,67900.0,-1.5628151893615725,-5.252279758453369,7.666234016418457
1359,67950.0,-1.5723919868469238,-5.2953758239746085,7.65845251083374
1360,68000.0,-1.5723919868469238,-5.2953758239746085,7.65845251083374
1361,68050.0,-1.5723919868469238,-5.2953758239746085,7.65845251083374
1362,68100.0,-1.5723919868469238,-5.2953758239746085,7.65845251083374
1363,68150.0,-1.5544354915618896,-5.2690391540527335,7.648277282714844
1364,68200.0,-1.5544354915618896,-5.2690391540527335,7.648277282714844
1365,68250.0,-1.5544354915618896,-5.2690391540527335,7.648277282714844
1366,68300.0,-1.5322890281677246,-5.218760967254639,7.733271598815918
1367,68350.0,-1.5322890281677246,-5.218760967254639,7.733271598815918
1368,68400.0,-1.5322890281677246,-5.218760967254639,7.733271598815918
1369,68450.0,-1.5322890281677246,-5.218760967254639,7.733271598815918
1370,68500.0,-1.5735890865325928,-5.3133320808410645,7.638700485229492
1371,68550.0,-1.5735890865325928,-5.3133320808410645,7.638700485229492
1372,68600.0,-1.5735890865325928,-5.3133320808410645,7.638700485229492
1373,68650.0,-1.522712230682373,-5.252878665924072,7.6081743240356445
1374,68700.0,-1.522712230682373,-5.252878665924072,7.6081743240356445
1375,68750.0,-1.522712230682373,-5.252878665924072,7.6081743240356445
1376,68800.0,-1.522712230682373,-5.252878665924072,7.6081743240356445
1377,68850.0,-1.6328455209732056,-5.312135219573975,7.5866265296936035
1378,68900.0,-1.6328455209732056,-5.312135219573975,7.5866265296936035
1379,68950.0,-1.6328455209732056,-5.312135219573975,7.5866265296936035
1380,69000.0,-1.6328455209732056,-5.312135219573975,7.5866265296936035
1381,69050.0,-1.4993687868118286,-5.390544891357422,7.594407558441162
1382,69100.0,-1.4993687868118286,-5.390544891357422,7.594407558441162
1383,69150.0,-1.4993687868118286,-5.390544891357422,7.594407558441162
1384,69200.0,-1.5556325912475586,-5.2055931091308585,7.616554260253906
1385,69250.0,-1.5556325912475586,-5.2055931091308585,7.616554260253906
1386,69300.0,-1.5556325912475586,-5.2055931091308585,7.616554260253906
1387,69350.0,-1.5556325912475586,-5.2055931091308585,7.616554260253906
1388,69400.0,-1.5203180313110352,-5.342660903930664,7.70394229888916
1389,69450.0,-1.5203180313110352,-5.342660903930664,7.70394229888916
1390,69500.0,-1.5203180313110352,-5.342660903930664,7.70394229888916
1391,69550.0,-1.558625340461731,-5.293580055236816,7.703343868255615
1392,69600.0,-1.558625340461731,-5.293580055236816,7.703343868255615
1393,69650.0,-1.558625340461731,-5.293580055236816,7.703343868255615
1394,69700.0,-1.558625340461731,-5.293580055236816,7.703343868255615
1395,69750.0,-1.5646108388900757,-5.219958305358887,7.659649848937987
1396,69800.0,-1.5646108388900757,-5.219958305358887,7.659649848937987
1397,69850.0,-1.5646108388900757,-5.219958305358887,7.659649848937987
1398,69900.0,-1.5646108388900757,-5.219958305358887,7.659649848937987
1399,69950.0,-1.4538789987564087,-5.242104530334473,7.661445617675781
1400,70000.0,-1.4538789987564087,-5.242104530334473,7.661445617675781
1401,70050.0,-1.4538789987564087,-5.242104530334473,7.661445617675781
1402,70100.0,-1.52630352973938,-5.281010627746582,7.672219276428223
1403,70150.0,-1.52630352973938,-5.281010627746582,7.672219276428223
1404,70200.0,-1.52630352973938,-5.281010627746582,7.672219276428223
1405,70250.0,-1.52630352973938,-5.281010627746582,7.672219276428223
1406,70300.0,-1.4718354940414429,-5.286995887756348,7.644087314605713
1407,70350.0,-1.4718354940414429,-5.286995887756348,7.644087314605713
1408,70400.0,-1.4718354940414429,-5.286995887756348,7.644087314605713
1409,70450.0,-1.548449993133545,-5.369596004486084,7.6590514183044425
1410,70500.0,-1.548449993133545,-5.369596004486084,7.6590514183044425
1411,70550.0,-1.548449993133545,-5.369596004486084,7.6590514183044425
1412,70600.0,-1.548449993133545,-5.369596004486084,7.6590514183044425
1413,70650.0,-1.5622166395187378,-5.322908878326416,7.5872249603271475
1414,70700.0,-1.5622166395187378,-5.322908878326416,7.5872249603271475
1415,70750.0,-1.5622166395187378,-5.322908878326416,7.5872249603271475
1416,70800.0,-1.5622166395187378,-5.322908878326416,7.5872249603271475
1417,70850.0,-1.4981716871261597,-5.278616428375244,7.675810813903809
1418,70900.0,-1.4981716871261597,-5.278616428375244,7.675810813903809
1419,70950.0,-1.4981716871261597,-5.278616428375244,7.675810813903809
1420,71000.0,-1.499967336654663,-5.249885559082031,7.690774440765381
1421,71050.0,-1.499967336654663,-5.249885559082031,7.690774440765381
1422,71100.0,-1.499967336654663,-5.249885559082031,7.690774440765381
1423,71150.0,-1.499967336654663,-5.249885559082031,7.690774440765381
1424,71200.0,-1.594538331031799,-5.2887916564941415,7.709329605102539
1425,71250.0,-1.594538331031799,-5.2887916564941415,7.709329605102539
1426,71300.0,-1.594538331031799,-5.2887916564941415,7.709329605102539
1427,71350.0,-1.6394295692443848,-5.31273365020752,7.63989782333374
1428,71400.0,-1.6394295692443848,-5.31273365020752,7.63989782333374
1429,71450.0,-1.6394295692443848,-5.31273365020752,7.63989782333374
1430,71500.0,-1.6394295692443848,-5.31273365020752,7.63989782333374
1431,71550.0,-1.6735470294952393,-5.444414615631104,7.5207862854003915
1432,71600.0,-1.6735470294952393,-5.444414615631104,7.5207862854003915
1433,71650.0,-1.6735470294952393,-5.444414615631104,7.5207862854003915
1434,71700.0,-1.6735470294952393,-5.444414615631104,7.5207862854003915
1435,71750.0,-1.561618089675903,-5.570110321044922,7.429806232452393
1436,71800.0,-1.561618089675903,-5.570110321044922,7.429806232452393
1437,71850.0,-1.561618089675903,-5.570110321044922,7.429806232452393
1438,71900.0,-1.620874524116516,-5.458181381225586,7.596203327178955
1439,71950.0,-1.620874524116516,-5.458181381225586,7.596203327178955
1440,72000.0,-1.620874524116516,-5.458181381225586,7.596203327178955
1441,72050.0,-1.620874524116516,-5.458181381225586,7.596203327178955
1442,72100.0,-1.4790180921554563,-5.281609058380127,7.673416614532472
1443,72150.0,-1.4790180921554563,-5.281609058380127,7.673416614532472
1444,72200.0,-1.4790180921554563,-5.281609058380127,7.673416614532472
1445,72250.0,-1.5101426839828491,-5.220556735992432,7.6752119064331055
1446,72300.0,-1.5101426839828491,-5.220556735992432,7.6752119064331055
1447,72350.0,-1.5101426839828491,-5.220556735992432,7.6752119064331055
1448,72400.0,-1.5101426839828491,-5.220556735992432,7.6752119064331055
1449,72450.0,-1.690904974937439,-5.288193225860597,7.72010326385498
1450,72500.0,-1.690904974937439,-5.288193225860597,7.72010326385498
1451,72550.0,-1.690904974937439,-5.288193225860597,7.72010326385498
1452,72600.0,-1.690904974937439,-5.288193225860597,7.72010326385498
1453,72650.0,-1.4269442558288574,-5.286397457122803,7.682993412017822
1454,72700.0,-1.4269442558288574,-5.286397457122803,7.682993412017822
1455,72750.0,-1.4269442558288574,-5.286397457122803,7.682993412017822
1456,72800.0,-1.6968904733657837,-5.190629482269287,7.712920665740968
1457,72850.0,-1.6968904733657837,-5.190629482269287,7.712920665740968
1458,72900.0,-1.6968904733657837,-5.190629482269287,7.712920665740968
1459,72950.0,-1.6968904733657837,-5.190629482269287,7.712920665740968
1460,73000.0,-1.523909330368042,-5.3522377014160165,7.689577102661133
1461,73050.0,-1.523909330368042,-5.3522377014160165,7.689577102661133
1462,73100.0,-1.523909330368042,-5.3522377014160165,7.689577102661133
1463,73150.0,-1.61069917678833,-5.32889461517334,7.710526466369629
1464,73200.0,-1.61069917678833,-5.32889461517334,7.710526466369629
1465,73250.0,-1.61069917678833,-5.32889461517334,7.710526466369629
1466,73300.0,-1.61069917678833,-5.32889461517334,7.710526466369629
1467,73350.0,-1.6843209266662598,-5.325901508331299,7.590218067169189
1468,73400.0,-1.6843209266662598,-5.325901508331299,7.590218067169189
1469,73450.0,-1.6843209266662598,-5.325901508331299,7.590218067169189
1470,73500.0,-1.6843209266662598,-5.325901508331299,7.590218067169189
1471,73550.0,-1.5771803855895996,-5.276820659637451,7.644686222076416
1472,73600.0,-1.5771803855895996,-5.276820659637451,7.644686222076416
1473,73650.0,-1.5771803855895996,-5.276820659637451,7.644686222076416
1474,73700.0,-1.7369933128356934,-5.291784286499023,7.799710750579834
1475,73750.0,-1.7369933128356934,-5.291784286499023,7.799710750579834
1476,73800.0,-1.7369933128356934,-5.291784286499023,7.799710750579834
1477,73850.0,-1.7369933128356934,-5.291784286499023,7.799710750579834
1478,73900.0,-1.502361536026001,-5.4665608406066895,7.589619159698486
1479,73950.0,-1.502361536026001,-5.4665608406066895,7.589619159698486
1480,74000.0,-1.502361536026001,-5.4665608406066895,7.589619159698486
1481,74050.0,-1.6717513799667358,-5.339069843292236,7.558494567871094
1482,74100.0,-1.6717513799667358,-5.339069843292236,7.558494567871094
1483,74150.0,-1.6717513799667358,-5.339069843292236,7.558494567871094
1484,74200.0,-1.6717513799667358,-5.339069843292236,7.558494567871094
1485,74250.0,-1.5155296325683594,-5.232527732849121,7.668029308319093
1486,74300.0,-1.5155296325683594,-5.232527732849121,7.668029308319093
1487,74350.0,-1.5155296325683594,-5.232527732849121,7.668029308319093
1488,74400.0,-1.5155296325683594,-5.232527732849121,7.668029308319093
1489,74450.0,-1.4065934419631958,-5.565920352935791,7.394492149353027
1490,74500.0,-1.4065934419631958,-5.565920352935791,7.394492149353027
1491,74550.0,-1.4065934419631958,-5.565920352935791,7.394492149353027
1492,74600.0,-1.4335283041000366,-5.489904403686523,7.634510517120361
1493,74650.0,-1.4335283041000366,-5.489904403686523,7.634510517120361
1494,74700.0,-1.4335283041000366,-5.489904403686523,7.634510517120361
1495,74750.0,-1.4335283041000366,-5.489904403686523,7.634510517120361
1496,74800.0,-1.936310648918152,-5.2049946784973145,7.690774440765381
1497,74850.0,-1.936310648918152,-5.2049946784973145,7.690774440765381
1498,74900.0,-1.936310648918152,-5.2049946784973145,7.690774440765381
1499,74950.0,-1.7405846118927002,-5.309142112731934,7.775768756866455
1500,75000.0,-1.7405846118927002,-5.309142112731934,7.775768756866455
1501,75050.0,-1.7405846118927002,-5.309142112731934,7.775768756866455
1502,75100.0,-1.7405846118927002,-5.309142112731934,7.775768756866455
1503,75150.0,-1.9057846069335935,-5.411494255065918,7.6506714820861825
1504,75200.0,-1.9057846069335935,-5.411494255065918,7.6506714820861825
1505,75250.0,-1.9057846069335935,-5.411494255065918,7.6506714820861825
1506,75300.0,-1.9057846069335935,-5.411494255065918,7.6506714820861825
1507,75350.0,-1.5987281799316406,-5.2702364921569815,7.652467250823975
1508,75400.0,-1.5987281799316406,-5.2702364921569815,7.652467250823975
1509,75450.0,-1.5987281799316406,-5.2702364921569815,7.652467250823975
1510,75500.0,-1.6472107172012331,-5.338471412658691,7.6081743240356445
1511,75550.0,-1.6472107172012331,-5.338471412658691,7.6081743240356445
1512,75600.0,-1.6472107172012331,-5.338471412658691,7.6081743240356445
1513,75650.0,-1.6472107172012331,-5.338471412658691,7.6081743240356445
1514,75700.0,-1.6717513799667358,-5.363011837005615,7.515997886657715
1515,75750.0,-1.6717513799667358,-5.363011837005615,7.515997886657715
1516,75800.0,-1.6717513799667358,-5.363011837005615,7.515997886657715
1517,75850.0,-1.6717513799667358,-5.363011837005615,7.515997886657715
1518,75900.0,-1.702277421951294,-5.316324710845947,7.637503623962402
1519,75950.0,-1.702277421951294,-5.316324710845947,7.637503623962402
1520,76000.0,-1.702277421951294,-5.316324710845947,7.637503623962402
1521,76050.0,-1.6879122257232666,-5.345654010772705,7.594407558441162
1522,76100.0,-1.6879122257232666,-5.345654010772705,7.594407558441162
1523,76150.0,-1.6879122257232666,-5.345654010772705,7.594407558441162
1524,76200.0,-1.6879122257232666,-5.345654010772705,7.594407558441162
1525,76250.0,-1.5939397811889648,-5.331288814544678,7.5908164978027335
1526,76300.0,-1.5939397811889648,-5.331288814544678,7.5908164978027335
1527,76350.0,-1.5939397811889648,-5.331288814544678,7.5908164978027335
1528,76400.0,-1.6861165761947632,-5.367800235748291,7.5632829666137695
1529,76450.0,-1.6861165761947632,-5.367800235748291,7.5632829666137695
1530,76500.0,-1.6861165761947632,-5.367800235748291,7.5632829666137695
1531,76550.0,-1.6861165761947632,-5.367800235748291,7.5632829666137695
1532,76600.0,-1.7058687210083008,-5.3133320808410645,7.617152690887451
1533,76650.0,-1.7058687210083008,-5.3133320808410645,7.617152690887451
1534,76700.0,-1.7058687210083008,-5.3133320808410645,7.617152690887451
1535,76750.0,-1.7058687210083008,-5.3133320808410645,7.617152690887451
1536,76800.0,-1.7184382677078247,-5.352836608886719,7.648277282714844
1537,76850.0,-1.7184382677078247,-5.352836608886719,7.648277282714844
1538,76900.0,-1.7184382677078247,-5.352836608886719,7.648277282714844
1539,76950.0,-1.6478092670440674,-5.282805919647217,7.679401874542236
1540,77000.0,-1.6478092670440674,-5.282805919647217,7.679401874542236
1541,77050.0,-1.6478092670440674,-5.282805919647217,7.679401874542236
1542,77100.0,-1.6478092670440674,-5.282805919647217,7.679401874542236
1543,77150.0,-1.7393875122070312,-5.28460168838501,7.625532627105713
1544,77200.0,-1.7393875122070312,-5.28460168838501,7.625532627105713
1545,77250.0,-1.7393875122070312,-5.28460168838501,7.625532627105713
1546,77300.0,-1.5322890281677246,-5.27263069152832,7.62373685836792
1547,77350.0,-1.5322890281677246,-5.27263069152832,7.62373685836792
1548,77400.0,-1.5322890281677246,-5.27263069152832,7.62373685836792
1549,77450.0,-1.5322890281677246,-5.27263069152832,7.62373685836792
1550,77500.0,-1.648407816886902,-5.299565315246582,7.708132266998291
1551,77550.0,-1.648407816886902,-5.299565315246582,7.708132266998291
1552,77600.0,-1.648407816886902,-5.299565315246582,7.708132266998291
1553,77650.0,-1.648407816886902,-5.299565315246582,7.708132266998291
1554,77700.0,-1.5436615943908691,-5.2480902671813965,7.678803443908691
1555,77750.0,-1.5436615943908691,-5.2480902671813965,7.678803443908691
1556,77800.0,-1.5436615943908691,-5.2480902671813965,7.678803443908691
1557,77850.0,-1.6651673316955566,-5.258863925933838,7.663839817047119
1558,77900.0,-1.6651673316955566,-5.258863925933838,7.663839817047119
1559,77950.0,-1.6651673316955566,-5.258863925933838,7.663839817047119
1560,78000.0,-1.6651673316955566,-5.258863925933838,7.663839817047119
1561,78050.0,-1.6663644313812256,-5.2504844665527335,7.689577102661133
1562,78100.0,-1.6663644313812256,-5.2504844665527335,7.689577102661133
1563,78150.0,-1.6663644313812256,-5.2504844665527335,7.689577102661133
1564,78200.0,-1.6262614727020264,-5.285799026489258,7.6291236877441415
1565,78250.0,-1.6262614727020264,-5.285799026489258,7.6291236877441415
1566,78300.0,-1.6262614727020264,-5.285799026489258,7.6291236877441415
1567,78350.0,-1.6262614727020264,-5.285799026489258,7.6291236877441415
1568,78400.0,-1.646013617515564,-5.249885559082031,7.665635108947754
1569,78450.0,-1.646013617515564,-5.249885559082031,7.665635108947754
1570,78500.0,-1.646013617515564,-5.249885559082031,7.665635108947754
1571,78550.0,-1.646013617515564,-5.249885559082031,7.665635108947754
1572,78600.0,-1.6250643730163574,-5.237914562225342,7.646481513977051
1573,78650.0,-1.6250643730163574,-5.237914562225342,7.646481513977051
1574,78700.0,-1.6250643730163574,-5.237914562225342,7.646481513977051
1575,78750.0,-1.6160861253738403,-5.213972568511963,7.684190273284912
1576,78800.0,-1.6160861253738403,-5.213972568511963,7.684190273284912
1577,78850.0,-1.6160861253738403,-5.213972568511963,7.684190273284912
1578,78900.0,-1.6160861253738403,-5.213972568511963,7.684190273284912
1579,78950.0,-1.7118542194366455,-5.3588218688964835,7.635109424591064
1580,79000.0,-1.7118542194366455,-5.3588218688964835,7.635109424591064
1581,79050.0,-1.7118542194366455,-5.3588218688964835,7.635109424591064
1582,79100.0,-1.634641170501709,-5.218162536621094,7.648875713348389
1583,79150.0,-1.634641170501709,-5.218162536621094,7.648875713348389
1584,79200.0,-1.634641170501709,-5.218162536621094,7.648875713348389
1585,79250.0,-1.634641170501709,-5.218162536621094,7.648875713348389
1586,79300.0,-1.71245276927948,-5.240907669067383,7.694964408874513
1587,79350.0,-1.71245276927948,-5.240907669067383,7.694964408874513
1588,79400.0,-1.71245276927948,-5.240907669067383,7.694964408874513
1589,79450.0,-1.71245276927948,-5.240907669067383,7.694964408874513
1590,79500.0,-1.6041151285171509,-5.278616428375244,7.653065681457519
1591,79550.0,-1.6041151285171509,-5.278616428375244,7.653065681457519
1592,79600.0,-1.6041151285171509,-5.278616428375244,7.653065681457519
1593,79650.0,-1.5909470319747925,-5.215768337249756,7.67461347579956
1594,79700.0,-1.5909470319747925,-5.215768337249756,7.67461347579956
1595,79750.0,-1.5909470319747925,-5.215768337249756,7.67461347579956
1596,79800.0,-1.5909470319747925,-5.215768337249756,7.67461347579956
1597,79850.0,-1.5592238903045654,-5.207987308502197,7.750030994415282
1598,79900.0,-1.5592238903045654,-5.207987308502197,7.750030994415282
1599,79950.0,-1.5592238903045654,-5.207987308502197,7.750030994415282
1600,80000.0,-1.5693992376327517,-5.212775707244873,7.675810813903809
1601,80050.0,-1.5693992376327517,-5.212775707244873,7.675810813903809
1602,80100.0,-1.5693992376327517,-5.212775707244873,7.675810813903809
1603,80150.0,-1.5693992376327517,-5.212775707244873,7.675810813903809
1604,80200.0,-1.5921441316604614,-5.226542472839356,7.700351238250732
1605,80250.0,-1.5921441316604614,-5.226542472839356,7.700351238250732
1606,80300.0,-1.5921441316604614,-5.226542472839356,7.700351238250732
1607,80350.0,-1.5921441316604614,-5.226542472839356,7.700351238250732
1608,80400.0,-1.5939397811889648,-5.292981624603272,7.67042350769043
1609,80450.0,-1.5939397811889648,-5.292981624603272,7.67042350769043
1610,80500.0,-1.5939397811889648,-5.292981624603272,7.67042350769043
1611,80550.0,-1.722628116607666,-5.206191539764403,7.733271598815918
1612,80600.0,-1.722628116607666,-5.206191539764403,7.733271598815918
1613,80650.0,-1.722628116607666,-5.206191539764403,7.733271598815918
1614,80700.0,-1.722628116607666,-5.206191539764403,7.733271598815918
1615,80750.0,-1.5388731956481934,-5.206191539764403,7.668628215789795
1616,80800.0,-1.5388731956481934,-5.206191539764403,7.668628215789795
1617,80850.0,-1.5388731956481934,-5.206191539764403,7.668628215789795
1618,80900.0,-1.6466121673583984,-5.249287128448486,7.665635108947754
1619,80950.0,-1.6466121673583984,-5.249287128448486,7.665635108947754
1620,81000.0,-1.6466121673583984,-5.249287128448486,7.665635108947754
1621,81050.0,-1.6466121673583984,-5.249287128448486,7.665635108947754
1622,81100.0,-1.670554280281067,-5.22833776473999,7.67461347579956
1623,81150.0,-1.670554280281067,-5.22833776473999,7.67461347579956
1624,81200.0,-1.670554280281067,-5.22833776473999,7.67461347579956
1625,81250.0,-1.670554280281067,-5.22833776473999,7.67461347579956
1626,81300.0,-1.6549919843673706,-5.251082897186278,7.7224974632263175
1627,81350.0,-1.6549919843673706,-5.251082897186278,7.7224974632263175
1628,81400.0,-1.6549919843673706,-5.251082897186278,7.7224974632263175
1629,81450.0,-1.648407816886902,-5.251082897186278,7.75900936126709
1630,81500.0,-1.648407816886902,-5.251082897186278,7.75900936126709
1631,81550.0,-1.648407816886902,-5.251082897186278,7.75900936126709
1632,81600.0,-1.648407816886902,-5.251082897186278,7.75900936126709
1633,81650.0,-1.6280571222305298,-5.191227912902832,7.709928035736084
1634,81700.0,-1.6280571222305298,-5.191227912902832,7.709928035736084
1635,81750.0,-1.6280571222305298,-5.191227912902832,7.709928035736084
1636,81800.0,-1.6130933761596682,-5.184045314788818,7.705738067626952
1637,81850.0,-1.6130933761596682,-5.184045314788818,7.705738067626952
1638,81900.0,-1.6130933761596682,-5.184045314788818,7.705738067626952
1639,81950.0,-1.6130933761596682,-5.184045314788818,7.705738067626952
1640,82000.0,-1.6400281190872192,-5.249885559082031,7.68538761138916
1641,82050.0,-1.6400281190872192,-5.249885559082031,7.68538761138916
1642,82100.0,-1.6400281190872192,-5.249885559082031,7.68538761138916
1643,82150.0,-1.6400281190872192,-5.249885559082031,7.68538761138916
1644,82200.0,-1.6226701736450195,-5.239710330963135,7.726687431335449
1645,82250.0,-1.6226701736450195,-5.239710330963135,7.726687431335449
1646,82300.0,-1.6226701736450195,-5.239710330963135,7.726687431335449
1647,82350.0,-1.6047136783599854,-5.232527732849121,7.6512699127197275
1648,82400.0,-1.6047136783599854,-5.232527732849121,7.6512699127197275
1649,82450.0,-1.6047136783599854,-5.232527732849121,7.6512699127197275
1650,82500.0,-1.6047136783599854,-5.232527732849121,7.6512699127197275
1651,82550.0,-1.631049871444702,-5.212177276611328,7.726687431335449
1652,82600.0,-1.631049871444702,-5.212177276611328,7.726687431335449
1653,82650.0,-1.631049871444702,-5.212177276611328,7.726687431335449
1654,82700.0,-1.5783774852752686,-5.245097160339356,7.671620845794678
1655,82750.0,-1.5783774852752686,-5.245097160339356,7.671620845794678
1656,82800.0,-1.5783774852752686,-5.245097160339356,7.671620845794678
1657,82850.0,-1.5783774852752686,-5.245097160339356,7.671620845794678
1658,82900.0,-1.5963339805603027,-5.206789970397949,7.700351238250732
1659,82950.0,-1.5963339805603027,-5.206789970397949,7.700351238250732
1660,83000.0,-1.5963339805603027,-5.206789970397949,7.700351238250732
1661,83050.0,-1.5963339805603027,-5.206789970397949,7.700351238250732
1662,83100.0,-1.6136919260025024,-5.28340482711792,7.663240909576416
1663,83150.0,-1.6136919260025024,-5.28340482711792,7.663240909576416
1664,83200.0,-1.6136919260025024,-5.28340482711792,7.663240909576416
1665,83250.0,-1.6394295692443848,-5.237316131591797,7.6805992126464835
1666,83300.0,-1.6394295692443848,-5.237316131591797,7.6805992126464835
1667,83350.0,-1.6394295692443848,-5.237316131591797,7.6805992126464835
1668,83400.0,-1.6394295692443848,-5.237316131591797,7.6805992126464835
1669,83450.0,-1.6561890840530396,-5.227739334106445,7.655459880828857
1670,83500.0,-1.6561890840530396,-5.227739334106445,7.655459880828857
1671,83550.0,-1.6561890840530396,-5.227739334106445,7.655459880828857
1672,83600.0,-1.6514005661010742,-5.212177276611328,7.688380241394043
1673,83650.0,-1.6514005661010742,-5.212177276611328,7.688380241394043
1674,83700.0,-1.6514005661010742,-5.212177276611328,7.688380241394043
1675,83750.0,-1.6514005661010742,-5.212177276611328,7.688380241394043
1676,83800.0,-1.6573861837387085,-5.215169906616211,7.65725564956665
1677,83850.0,-1.6573861837387085,-5.215169906616211,7.65725564956665
1678,83900.0,-1.6573861837387085,-5.215169906616211,7.65725564956665
1679,83950.0,-1.6573861837387085,-5.215169906616211,7.65725564956665
1680,84000.0,-1.6525976657867432,-5.219359874725342,7.650073051452638
1681,84050.0,-1.6525976657867432,-5.219359874725342,7.650073051452638
1682,84100.0,-1.6525976657867432,-5.219359874725342,7.650073051452638
1683,84150.0,-1.6172832250595093,-5.228936672210693,7.672219276428223
1684,84200.0,-1.6172832250595093,-5.228936672210693,7.672219276428223
1685,84250.0,-1.6172832250595093,-5.228936672210693,7.672219276428223
1686,84300.0,-1.6172832250595093,-5.228936672210693,7.672219276428223
1687,84350.0,-1.6316484212875366,-5.272032260894775,7.692570209503174
1688,84400.0,-1.6316484212875366,-5.272032260894775,7.692570209503174
1689,84450.0,-1.6316484212875366,-5.272032260894775,7.692570209503174
1690,84500.0,-1.6956933736801147,-5.2241482734680185,7.678205013275146
1691,84550.0,-1.6956933736801147,-5.2241482734680185,7.678205013275146
1692,84600.0,-1.6956933736801147,-5.2241482734680185,7.678205013275146
1693,84650.0,-1.6956933736801147,-5.2241482734680185,7.678205013275146
1694,84700.0,-1.6023194789886477,-5.2678422927856445,7.696759700775146
1695,84750.0,-1.6023194789886477,-5.2678422927856445,7.696759700775146
1696,84800.0,-1.6023194789886477,-5.2678422927856445,7.696759700775146
1697,84850.0,-1.6023194789886477,-5.2678422927856445,7.696759700775146
1698,84900.0,-1.6531962156295776,-5.207388877868652,7.6805992126464835
1699,84950.0,-1.6531962156295776,-5.207388877868652,7.6805992126464835
1700,85000.0,-1.6531962156295776,-5.207388877868652,7.6805992126464835
1701,85050.0,-1.61069917678833,-5.167285919189453,7.697957038879394
1702,85100.0,-1.61069917678833,-5.167285919189453,7.697957038879394
1703,85150.0,-1.61069917678833,-5.167285919189453,7.697957038879394
1704,85200.0,-1.61069917678833,-5.167285919189453,7.697957038879394
1705,85250.0,-1.6340426206588743,-5.261258125305176,7.665635108947754
1706,85300.0,-1.6340426206588743,-5.261258125305176,7.665635108947754
1707,85350.0,-1.6340426206588743,-5.261258125305176,7.665635108947754
1708,85400.0,-1.6340426206588743,-5.261258125305176,7.665635108947754
1709,85450.0,-1.6663644313812256,-5.200206279754639,7.666832447052003
1710,85500.0,-1.6663644313812256,-5.200206279754639,7.666832447052003
1711,85550.0,-1.6663644313812256,-5.200206279754639,7.666832447052003
1712,85600.0,-1.6430208683013916,-5.275024890899658,7.6740150451660165
1713,85650.0,-1.6430208683013916,-5.275024890899658,7.6740150451660165
1714,85700.0,-1.6430208683013916,-5.275024890899658,7.6740150451660165
1715,85750.0,-1.6430208683013916,-5.275024890899658,7.6740150451660165
1716,85800.0,-1.6519991159439087,-5.240907669067383,7.6985554695129395
1717,85850.0,-1.6519991159439087,-5.240907669067383,7.6985554695129395
1718,85900.0,-1.6519991159439087,-5.240907669067383,7.6985554695129395
1719,85950.0,-1.648407816886902,-5.2439002990722665,7.646481513977051
1720,86000.0,-1.648407816886902,-5.2439002990722665,7.646481513977051
1721,86050.0,-1.648407816886902,-5.2439002990722665,7.646481513977051
1722,86100.0,-1.648407816886902,-5.2439002990722665,7.646481513977051
1723,86150.0,-1.6322469711303709,-5.233725070953369,7.682993412017822
1724,86200.0,-1.6322469711303709,-5.233725070953369,7.682993412017822
1725,86250.0,-1.6322469711303709,-5.233725070953369,7.682993412017822
1726,86300.0,-1.6322469711303709,-5.233725070953369,7.682993412017822
1727,86350.0,-1.7208324670791626,-5.216965675354004,7.663839817047119
1728,86400.0,-1.7208324670791626,-5.216965675354004,7.663839817047119
1729,86450.0,-1.7208324670791626,-5.216965675354004,7.663839817047119
1730,86500.0,-1.6723499298095703,-5.169680118560791,7.713519096374513
1731,86550.0,-1.6723499298095703,-5.169680118560791,7.713519096374513
1732,86600.0,-1.6723499298095703,-5.169680118560791,7.713519096374513
1733,86650.0,-1.6723499298095703,-5.169680118560791,7.713519096374513
1734,86700.0,-1.6035165786743164,-5.219359874725342,7.706336498260497
1735,86750.0,-1.6035165786743164,-5.219359874725342,7.706336498260497
1736,86800.0,-1.6035165786743164,-5.219359874725342,7.706336498260497
1737,86850.0,-1.6298527717590332,-5.227739334106445,7.711124897003174
1738,86900.0,-1.6298527717590332,-5.227739334106445,7.711124897003174
1739,86950.0,-1.6298527717590332,-5.227739334106445,7.711124897003174
1740,87000.0,-1.6298527717590332,-5.227739334106445,7.711124897003174
1741,87050.0,-1.6047136783599854,-5.241506099700928,7.645284652709961
1742,87100.0,-1.6047136783599854,-5.241506099700928,7.645284652709961
1743,87150.0,-1.6047136783599854,-5.241506099700928,7.645284652709961
1744,87200.0,-1.6047136783599854,-5.241506099700928,7.645284652709961
1745,87250.0,-1.6430208683013916,-5.191227912902832,7.638700485229492
1746,87300.0,-1.6430208683013916,-5.191227912902832,7.638700485229492
1747,87350.0,-1.6430208683013916,-5.191227912902832,7.638700485229492
1748,87400.0,-1.6406266689300537,-5.19481897354126,7.7224974632263175
1749,87450.0,-1.6406266689300537,-5.19481897354126,7.7224974632263175
1750,87500.0,-1.6406266689300537,-5.19481897354126,7.7224974632263175
1751,87550.0,-1.6406266689300537,-5.19481897354126,7.7224974632263175
1752,87600.0,-1.7675193548202517,-5.255871295928955,7.6770076751708975
1753,87650.0,-1.7675193548202517,-5.255871295928955,7.6770076751708975
1754,87700.0,-1.7675193548202517,-5.255871295928955,7.6770076751708975
1755,87750.0,-1.6184803247451782,-5.158905982971191,7.7218990325927725
1756,87800.0,-1.6184803247451782,-5.158905982971191,7.7218990325927725
1757,87850.0,-1.6184803247451782,-5.158905982971191,7.7218990325927725
1758,87900.0,-1.6184803247451782,-5.158905982971191,7.7218990325927725
1759,87950.0,-1.6148890256881714,-5.2229509353637695,7.691971302032472
1760,88000.0,-1.6148890256881714,-5.2229509353637695,7.691971302032472
1761,88050.0,-1.6148890256881714,-5.2229509353637695,7.691971302032472
1762,88100.0,-1.6148890256881714,-5.2229509353637695,7.691971302032472
1763,88150.0,-1.6496049165725708,-5.2229509353637695,7.685986042022705
1764,88200.0,-1.6496049165725708,-5.2229509353637695,7.685986042022705
1765,88250.0,-1.6496049165725708,-5.2229509353637695,7.685986042022705
1766,88300.0,-1.6136919260025024,-5.233725070953369,7.683591842651367
1767,88350.0,-1.6136919260025024,-5.233725070953369,7.683591842651367
1768,88400.0,-1.6136919260025024,-5.233725070953369,7.683591842651367
1769,88450.0,-1.6136919260025024,-5.233725070953369,7.683591842651367
1770,88500.0,-1.6400281190872192,-5.1792569160461435,7.700949668884277
1771,88550.0,-1.6400281190872192,-5.1792569160461435,7.700949668884277
1772,88600.0,-1.6400281190872192,-5.1792569160461435,7.700949668884277
1773,88650.0,-1.5759832859039309,-5.181052684783936,7.731475830078125
1774,88700.0,-1.5759832859039309,-5.181052684783936,7.731475830078125
1775,88750.0,-1.5759832859039309,-5.181052684783936,7.731475830078125
1776,88800.0,-1.5759832859039309,-5.181052684783936,7.731475830078125
1777,88850.0,-1.6549919843673706,-5.230731964111328,7.728483200073242
1778,88900.0,-1.6549919843673706,-5.230731964111328,7.728483200073242
1779,88950.0,-1.6549919843673706,-5.230731964111328,7.728483200073242
1780,89000.0,-1.6549919843673706,-5.230731964111328,7.728483200073242
1781,89050.0,-1.5753847360610962,-5.151124954223633,7.7218990325927725
1782,89100.0,-1.5753847360610962,-5.151124954223633,7.7218990325927725
1783,89150.0,-1.5753847360610962,-5.151124954223633,7.7218990325927725
1784,89200.0,-1.594538331031799,-5.178658485412598,7.681796073913574
1785,89250.0,-1.594538331031799,-5.178658485412598,7.681796073913574
1786,89300.0,-1.594538331031799,-5.178658485412598,7.681796073913574
1787,89350.0,-1.594538331031799,-5.178658485412598,7.681796073913574
1788,89400.0,-1.6244658231735232,-5.230133533477783,7.6740150451660165
1789,89450.0,-1.6244658231735232,-5.230133533477783,7.6740150451660165
1790,89500.0,-1.6244658231735232,-5.230133533477783,7.6740150451660165
1791,89550.0,-1.678335428237915,-5.163095951080322,7.794922351837157
1792,89600.0,-1.678335428237915,-5.163095951080322,7.794922351837157
1793,89650.0,-1.678335428237915,-5.163095951080322,7.794922351837157
1794,89700.0,-1.678335428237915,-5.163095951080322,7.794922351837157
1795,89750.0,-1.6603789329528809,-5.1804537773132315,7.625532627105713
1796,89800.0,-1.6603789329528809,-5.1804537773132315,7.625532627105713
1797,89850.0,-1.6603789329528809,-5.1804537773132315,7.625532627105713
1798,89900.0,-1.6603789329528809,-5.1804537773132315,7.625532627105713
1799,89950.0,-1.701080322265625,-5.19481897354126,7.688978672027588
1800,90000.0,-1.701080322265625,-5.19481897354126,7.688978672027588
1801,90050.0,-1.701080322265625,-5.19481897354126,7.688978672027588
1802,90100.0,-1.5849615335464478,-5.2480902671813965,7.633912086486816
1803,90150.0,-1.5849615335464478,-5.2480902671813965,7.633912086486816
1804,90200.0,-1.5849615335464478,-5.2480902671813965,7.633912086486816
1805,90250.0,-1.5849615335464478,-5.2480902671813965,7.633912086486816
1806,90300.0,-1.5604209899902344,-5.265448093414307,7.688978672027588
1807,90350.0,-1.5604209899902344,-5.265448093414307,7.688978672027588
1808,90400.0,-1.5604209899902344,-5.265448093414307,7.688978672027588
1809,90450.0,-1.5580267906188965,-5.248688697814941,7.706336498260497
1810,90500.0,-1.5580267906188965,-5.248688697814941,7.706336498260497
1811,90550.0,-1.5580267906188965,-5.248688697814941,7.706336498260497
1812,90600.0,-1.5580267906188965,-5.248688697814941,7.706336498260497
1813,90650.0,-1.6124948263168335,-5.206191539764403,7.690774440765381
1814,90700.0,-1.6124948263168335,-5.206191539764403,7.690774440765381
1815,90750.0,-1.6124948263168335,-5.206191539764403,7.690774440765381
1816,90800.0,-1.6124948263168335,-5.206191539764403,7.690774440765381
1817,90850.0,-1.5849615335464478,-5.184643745422363,7.730278968811035
1818,90900.0,-1.5849615335464478,-5.184643745422363,7.730278968811035
1819,90950.0,-1.5849615335464478,-5.184643745422363,7.730278968811035
1820,91000.0,-1.5568296909332275,-5.241506099700928,7.72010326385498
1821,91050.0,-1.5568296909332275,-5.241506099700928,7.72010326385498
1822,91100.0,-1.5568296909332275,-5.241506099700928,7.72010326385498
1823,91150.0,-1.5568296909332275,-5.241506099700928,7.72010326385498
1824,91200.0,-1.5376760959625244,-5.2564697265625,7.693168640136719
1825,91250.0,-1.5376760959625244,-5.2564697265625,7.693168640136719
1826,91300.0,-1.5376760959625244,-5.2564697265625,7.693168640136719
1827,91350.0,-1.6214730739593506,-5.234323501586914,7.672219276428223
1828,91400.0,-1.6214730739593506,-5.234323501586914,7.672219276428223
1829,91450.0,-1.6214730739593506,-5.234323501586914,7.672219276428223
1830,91500.0,-1.6214730739593506,-5.234323501586914,7.672219276428223
1831,91550.0,-1.634641170501709,-5.236119270324707,7.661445617675781
1832,91600.0,-1.634641170501709,-5.236119270324707,7.661445617675781
1833,91650.0,-1.634641170501709,-5.236119270324707,7.661445617675781
1834,91700.0,-1.634641170501709,-5.236119270324707,7.661445617675781
1835,91750.0,-1.4706383943557741,-5.19481897354126,7.71471643447876
1836,91800.0,-1.4706383943557741,-5.19481897354126,7.71471643447876
1837,91850.0,-1.4706383943557741,-5.19481897354126,7.71471643447876
1838,91900.0,-1.594538331031799,-5.259462356567383,7.678205013275146
1839,91950.0,-1.594538331031799,-5.259462356567383,7.678205013275146
1840,92000.0,-1.594538331031799,-5.259462356567383,7.678205013275146
1841,92050.0,-1.594538331031799,-5.259462356567383,7.678205013275146
1842,92100.0,-1.6226701736450195,-5.245696067810059,7.680000305175781
1843,92150.0,-1.6226701736450195,-5.245696067810059,7.680000305175781
1844,92200.0,-1.6226701736450195,-5.245696067810059,7.680000305175781
1845,92250.0,-1.4036006927490234,-5.173271179199219,7.652467250823975
1846,92300.0,-1.4036006927490234,-5.173271179199219,7.652467250823975
1847,92350.0,-1.4036006927490234,-5.173271179199219,7.652467250823975
1848,92400.0,-1.4036006927490234,-5.173271179199219,7.652467250823975
1849,92450.0,-1.6944962739944458,-5.319916248321533,7.684788703918457
1850,92500.0,-1.6944962739944458,-5.319916248321533,7.684788703918457
1851,92550.0,-1.6944962739944458,-5.319916248321533,7.684788703918457
1852,92600.0,-1.6944962739944458,-5.319916248321533,7.684788703918457
1853,92650.0,-1.6651673316955566,-5.251681327819824,7.784746646881103
1854,92700.0,-1.6651673316955566,-5.251681327819824,7.784746646881103
1855,92750.0,-1.6651673316955566,-5.251681327819824,7.784746646881103
1856,92800.0,-1.614290475845337,-5.259462356567383,7.643488883972168
1857,92850.0,-1.614290475845337,-5.259462356567383,7.643488883972168
1858,92900.0,-1.614290475845337,-5.259462356567383,7.643488883972168
1859,92950.0,-1.614290475845337,-5.259462356567383,7.643488883972168
1860,93000.0,-1.6891093254089355,-5.329493045806885,7.705139636993407
1861,93050.0,-1.6891093254089355,-5.329493045806885,7.705139636993407
1862,93100.0,-1.6891093254089355,-5.329493045806885,7.705139636993407
1863,93150.0,-1.656787633895874,-5.373785495758057,7.573458671569824
1864,93200.0,-1.656787633895874,-5.373785495758057,7.573458671569824
1865,93250.0,-1.656787633895874,-5.373785495758057,7.573458671569824
1866,93300.0,-1.656787633895874,-5.373785495758057,7.573458671569824
1867,93350.0,-1.6693571805953982,-5.227739334106445,7.617152690887451
1868,93400.0,-1.6693571805953982,-5.227739334106445,7.617152690887451
1869,93450.0,-1.6693571805953982,-5.227739334106445,7.617152690887451
1870,93500.0,-1.6693571805953982,-5.227739334106445,7.617152690887451
1871,93550.0,-1.498770236968994,-5.238513469696045,7.5878238677978525
1872,93600.0,-1.498770236968994,-5.238513469696045,7.5878238677978525
1873,93650.0,-1.498770236968994,-5.238513469696045,7.5878238677978525
1874,93700.0,-1.681926727294922,-5.386953830718994,7.5692687034606925
1875,93750.0,-1.681926727294922,-5.386953830718994,7.5692687034606925
1876,93800.0,-1.681926727294922,-5.386953830718994,7.5692687034606925
1877,93850.0,-1.681926727294922,-5.386953830718994,7.5692687034606925
1878,93900.0,-1.7705121040344238,-5.273828029632568,7.717709064483643
1879,93950.0,-1.7705121040344238,-5.273828029632568,7.717709064483643
1880,94000.0,-1.7705121040344238,-5.273828029632568,7.717709064483643
1881,94050.0,-1.4628572463989258,-5.076904773712158,7.678803443908691
1882,94100.0,-1.4628572463989258,-5.076904773712158,7.678803443908691
1883,94150.0,-1.4628572463989258,-5.076904773712158,7.678803443908691
1884,94200.0,-1.4628572463989258,-5.076904773712158,7.678803443908691
1885,94250.0,-1.5843629837036133,-5.480327606201172,7.603385925292969
1886,94300.0,-1.5843629837036133,-5.480327606201172,7.603385925292969
1887,94350.0,-1.5843629837036133,-5.480327606201172,7.603385925292969
1888,94400.0,-1.5843629837036133,-5.480327606201172,7.603385925292969
1889,94450.0,-1.5759832859039309,-5.282207489013672,7.564480304718018
1890,94500.0,-1.5759832859039309,-5.282207489013672,7.564480304718018
1891,94550.0,-1.5759832859039309,-5.282207489013672,7.564480304718018
1892,94600.0,-1.5861586332321167,-5.298966884613037,7.621941089630128
1893,94650.0,-1.5861586332321167,-5.298966884613037,7.621941089630128
1894,94700.0,-1.5861586332321167,-5.298966884613037,7.621941089630128
1895,94750.0,-1.5861586332321167,-5.298966884613037,7.621941089630128
1896,94800.0,-1.5502456426620483,-5.279214859008789,7.679401874542236
1897,94850.0,-1.5502456426620483,-5.279214859008789,7.679401874542236
1898,94900.0,-1.5502456426620483,-5.279214859008789,7.679401874542236
1899,94950.0,-1.5502456426620483,-5.279214859008789,7.679401874542236
1900,95000.0,-1.5556325912475586,-5.249885559082031,7.668029308319093
1901,95050.0,-1.5556325912475586,-5.249885559082031,7.668029308319093
1902,95100.0,-1.5556325912475586,-5.249885559082031,7.668029308319093
1903,95150.0,-1.6855180263519287,-5.2444987297058105,7.684788703918457
1904,95200.0,-1.6855180263519287,-5.2444987297058105,7.684788703918457
1905,95250.0,-1.6855180263519287,-5.2444987297058105,7.684788703918457
1906,95300.0,-1.6855180263519287,-5.2444987297058105,7.684788703918457
1907,95350.0,-1.5747861862182615,-5.258265495300293,7.694964408874513
1908,95400.0,-1.5747861862182615,-5.258265495300293,7.694964408874513
1909,95450.0,-1.5747861862182615,-5.258265495300293,7.694964408874513
1910,95500.0,-1.6849194765090942,-5.276820659637451,7.662044048309326
1911,95550.0,-1.6849194765090942,-5.276820659637451,7.662044048309326
1912,95600.0,-1.6849194765090942,-5.276820659637451,7.662044048309326
1913,95650.0,-1.6849194765090942,-5.276820659637451,7.662044048309326
1914,95700.0,-1.687313675880432,-5.249885559082031,7.727285861968994
1915,95750.0,-1.687313675880432,-5.249885559082031,7.727285861968994
1916,95800.0,-1.687313675880432,-5.249885559082031,7.727285861968994
1917,95850.0,-1.687313675880432,-5.249885559082031,7.727285861968994
1918,95900.0,-1.5861586332321167,-5.2444987297058105,7.72010326385498
1919,95950.0,-1.5861586332321167,-5.2444987297058105,7.72010326385498
1920,96000.0,-1.5861586332321167,-5.2444987297058105,7.72010326385498
1921,96050.0,-1.6011223793029783,-5.216965675354004,7.703343868255615
1922,96100.0,-1.6011223793029783,-5.216965675354004,7.703343868255615
1923,96150.0,-1.6011223793029783,-5.216965675354004,7.703343868255615
1924,96200.0,-1.6011223793029783,-5.216965675354004,7.703343868255615
1925,96250.0,-1.580173134803772,-5.206789970397949,7.6776061058044425
1926,96300.0,-1.580173134803772,-5.206789970397949,7.6776061058044425
1927,96350.0,-1.580173134803772,-5.206789970397949,7.6776061058044425
1928,96400.0,-1.6801310777664185,-5.368398666381836,7.751826763153076
1929,96450.0,-1.6801310777664185,-5.368398666381836,7.751826763153076
1930,96500.0,-1.6801310777664185,-5.368398666381836,7.751826763153076
1931,96550.0,-1.6801310777664185,-5.368398666381836,7.751826763153076
1932,96600.0,-1.5340847969055176,-5.252279758453369,7.6955628395080575
1933,96650.0,-1.5340847969055176,-5.252279758453369,7.6955628395080575
1934,96700.0,-1.5340847969055176,-5.252279758453369,7.6955628395080575
1935,96750.0,-1.5340847969055176,-5.252279758453369,7.6955628395080575
1936,96800.0,-1.8189947605133057,-5.272032260894775,7.604583263397218
1937,96850.0,-1.8189947605133057,-5.272032260894775,7.604583263397218
1938,96900.0,-1.8189947605133057,-5.272032260894775,7.604583263397218
1939,96950.0,-1.8177976608276367,-5.348646640777588,7.5459251403808585
1940,97000.0,-1.8177976608276367,-5.348646640777588,7.5459251403808585
1941,97050.0,-1.8177976608276367,-5.348646640777588,7.5459251403808585
1942,97100.0,-1.8177976608276367,-5.348646640777588,7.5459251403808585
1943,97150.0,-1.6867151260375977,-5.3564276695251465,7.529165744781494
1944,97200.0,-1.6867151260375977,-5.3564276695251465,7.529165744781494
1945,97250.0,-1.6867151260375977,-5.3564276695251465,7.529165744781494
1946,97300.0,-1.702277421951294,-5.304952621459961,7.653065681457519
1947,97350.0,-1.702277421951294,-5.304952621459961,7.653065681457519
1948,97400.0,-1.702277421951294,-5.304952621459961,7.653065681457519
1949,97450.0,-1.702277421951294,-5.304952621459961,7.653065681457519
1950,97500.0,-1.523909330368042,-5.19481897354126,7.665036678314209
1951,97550.0,-1.523909330368042,-5.19481897354126,7.665036678314209
1952,97600.0,-1.523909330368042,-5.19481897354126,7.665036678314209
1953,97650.0,-1.7932571172714231,-5.33547830581665,7.653664112091064
1954,97700.0,-1.7932571172714231,-5.33547830581665,7.653664112091064
1955,97750.0,-1.7932571172714231,-5.33547830581665,7.653664112091064
1956,97800.0,-1.7932571172714231,-5.33547830581665,7.653664112091064
1957,97850.0,-1.6286556720733645,-5.22175407409668,7.6566572189331055
1958,97900.0,-1.6286556720733645,-5.22175407409668,7.6566572189331055
1959,97950.0,-1.6286556720733645,-5.22175407409668,7.6566572189331055
1960,98000.0,-1.6286556720733645,-5.22175407409668,7.6566572189331055
1961,98050.0,-1.611896276473999,-5.128978729248047,7.733271598815918
1962,98100.0,-1.611896276473999,-5.128978729248047,7.733271598815918
1963,98150.0,-1.611896276473999,-5.128978729248047,7.733271598815918
1964,98200.0,-1.7507599592208862,-5.3151278495788565,7.687781810760497
1965,98250.0,-1.7507599592208862,-5.3151278495788565,7.687781810760497
1966,98300.0,-1.7507599592208862,-5.3151278495788565,7.687781810760497
1967,98350.0,-1.7507599592208862,-5.3151278495788565,7.687781810760497
1968,98400.0,-1.6148890256881714,-5.245696067810059,7.628525257110597
1969,98450.0,-1.6148890256881714,-5.245696067810059,7.628525257110597
1970,98500.0,-1.6148890256881714,-5.245696067810059,7.628525257110597
1971,98550.0,-1.6148890256881714,-5.245696067810059,7.628525257110597
1972,98600.0,-1.7196353673934937,-5.28460168838501,7.597999095916747
1973,98650.0,-1.7196353673934937,-5.28460168838501,7.597999095916747
1974,98700.0,-1.7196353673934937,-5.28460168838501,7.597999095916747
1975,98750.0,-1.6244658231735232,-5.278017520904541,7.636306285858153
1976,98800.0,-1.6244658231735232,-5.278017520904541,7.636306285858153
1977,98850.0,-1.6244658231735232,-5.278017520904541,7.636306285858153
1978,98900.0,-1.6244658231735232,-5.278017520904541,7.636306285858153
1979,98950.0,-1.6418237686157229,-5.206789970397949,7.637503623962402
1980,99000.0,-1.6418237686157229,-5.206789970397949,7.637503623962402
1981,99050.0,-1.6418237686157229,-5.206789970397949,7.637503623962402
1982,99100.0,-1.6400281190872192,-5.2564697265625,7.694365501403809
1983,99150.0,-1.6400281190872192,-5.2564697265625,7.694365501403809
1984,99200.0,-1.6400281190872192,-5.2564697265625,7.694365501403809
1985,99250.0,-1.6400281190872192,-5.2564697265625,7.694365501403809
1986,99300.0,-1.644816517829895,-5.226542472839356,7.709928035736084
1987,99350.0,-1.644816517829895,-5.226542472839356,7.709928035736084
1988,99400.0,-1.644816517829895,-5.226542472839356,7.709928035736084
1989,99450.0,-1.5975310802459717,-5.209184169769287,7.666234016418457
1990,99500.0,-1.5975310802459717,-5.209184169769287,7.666234016418457
1991,99550.0,-1.5975310802459717,-5.209184169769287,7.666234016418457
1992,99600.0,-1.5975310802459717,-5.209184169769287,7.666234016418457
1993,99650.0,-1.6035165786743164,-5.386355400085449,7.6955628395080575
1994,99700.0,-1.6035165786743164,-5.386355400085449,7.6955628395080575
1995,99750.0,-1.6035165786743164,-5.386355400085449,7.6955628395080575
1996,99800.0,-1.6035165786743164,-5.386355400085449,7.6955628395080575
1997,99850.0,-1.6885107755661009,-5.264250755310059,7.636306285858153
1998,99900.0,-1.6885107755661009,-5.264250755310059,7.636306285858153
1999,99950.0,-1.6885107755661009,-5.264250755310059,7.636306285858153
2000,100000.0,-1.6316484212875366,-5.119401931762695,7.684190273284912
2001,100050.0,-1.6316484212875366,-5.119401931762695,7.684190273284912
2002,100100.0,-1.6316484212875366,-5.119401931762695,7.684190273284912
2003,100150.0,-1.6316484212875366,-5.119401931762695,7.684190273284912
2004,100200.0,-1.627458572387695,-5.312135219573975,7.697957038879394
2005,100250.0,-1.627458572387695,-5.312135219573975,7.697957038879394
2006,100300.0,-1.627458572387695,-5.312135219573975,7.697957038879394
2007,100350.0,-1.627458572387695,-5.312135219573975,7.697957038879394
2008,100400.0,-1.569997787475586,-5.260061264038086,7.644686222076416
2009,100450.0,-1.569997787475586,-5.260061264038086,7.644686222076416
2010,100500.0,-1.569997787475586,-5.260061264038086,7.644686222076416
2011,100550.0,-1.693897724151611,-5.254673957824707,7.6770076751708975
2012,100600.0,-1.693897724151611,-5.254673957824707,7.6770076751708975
2013,100650.0,-1.693897724151611,-5.254673957824707,7.6770076751708975
2014,100700.0,-1.693897724151611,-5.254673957824707,7.6770076751708975
2015,100750.0,-1.6124948263168335,-5.195417881011963,7.710526466369629
2016,100800.0,-1.6124948263168335,-5.195417881011963,7.710526466369629
2017,100850.0,-1.6124948263168335,-5.195417881011963,7.710526466369629
2018,100900.0,-1.6400281190872192,-5.273229122161865,7.706336498260497
2019,100950.0,-1.6400281190872192,-5.273229122161865,7.706336498260497
2020,101000.0,-1.6400281190872192,-5.273229122161865,7.706336498260497
2021,101050.0,-1.6400281190872192,-5.273229122161865,7.706336498260497
2022,101100.0,-1.5867571830749512,-5.184643745422363,7.709928035736084
2023,101150.0,-1.5867571830749512,-5.184643745422363,7.709928035736084
2024,101200.0,-1.5867571830749512,-5.184643745422363,7.709928035736084
2025,101250.0,-1.5867571830749512,-5.184643745422363,7.709928035736084
2026,101300.0,-1.6645687818527222,-5.258863925933838,7.668628215789795
2027,101350.0,-1.6645687818527222,-5.258863925933838,7.668628215789795
2028,101400.0,-1.6645687818527222,-5.258863925933838,7.668628215789795
2029,101450.0,-1.6615760326385498,-5.218162536621094,7.709928035736084
2030,101500.0,-1.6615760326385498,-5.218162536621094,7.709928035736084
2031,101550.0,-1.6615760326385498,-5.218162536621094,7.709928035736084
2032,101600.0,-1.6615760326385498,-5.218162536621094,7.709928035736084
2033,101650.0,-1.6406266689300537,-5.247491359710693,7.784746646881103
2034,101700.0,-1.6406266689300537,-5.247491359710693,7.784746646881103
2035,101750.0,-1.6406266689300537,-5.247491359710693,7.784746646881103
2036,101800.0,-1.6011223793029783,-5.230133533477783,7.67461347579956
2037,101850.0,-1.6011223793029783,-5.230133533477783,7.67461347579956
2038,101900.0,-1.6011223793029783,-5.230133533477783,7.67461347579956
2039,101950.0,-1.6011223793029783,-5.230133533477783,7.67461347579956
2040,102000.0,-1.589151382446289,-5.190030574798584,7.729081630706787
2041,102050.0,-1.589151382446289,-5.190030574798584,7.729081630706787
2042,102100.0,-1.589151382446289,-5.190030574798584,7.729081630706787
2043,102150.0,-1.589151382446289,-5.190030574798584,7.729081630706787
2044,102200.0,-1.590348482131958,-5.237316131591797,7.703343868255615
2045,102250.0,-1.590348482131958,-5.237316131591797,7.703343868255615
2046,102300.0,-1.590348482131958,-5.237316131591797,7.703343868255615
2047,102350.0,-1.6519991159439087,-5.190030574798584,7.712920665740968
2048,102400.0,-1.6519991159439087,-5.190030574798584,7.712920665740968
2049,102450.0,-1.6519991159439087,-5.190030574798584,7.712920665740968
2050,102500.0,-1.6519991159439087,-5.190030574798584,7.712920665740968
2051,102550.0,-1.6693571805953982,-5.236119270324707,7.714118003845215
2052,102600.0,-1.6693571805953982,-5.236119270324707,7.714118003845215
2053,102650.0,-1.6693571805953982,-5.236119270324707,7.714118003845215
2054,102700.0,-1.5837644338607788,-5.1990089416503915,7.696759700775146
2055,102750.0,-1.5837644338607788,-5.1990089416503915,7.696759700775146
2056,102800.0,-1.5837644338607788,-5.1990089416503915,7.696759700775146
2057,102850.0,-1.5837644338607788,-5.1990089416503915,7.696759700775146
2058,102900.0,-1.5747861862182615,-5.253477096557617,7.729081630706787
2059,102950.0,-1.5747861862182615,-5.253477096557617,7.729081630706787
2060,103000.0,-1.5747861862182615,-5.253477096557617,7.729081630706787
2061,103050.0,-1.5747861862182615,-5.253477096557617,7.729081630706787
2062,103100.0,-1.7310078144073486,-5.249885559082031,7.701548099517822
2063,103150.0,-1.7310078144073486,-5.249885559082031,7.701548099517822
2064,103200.0,-1.7310078144073486,-5.249885559082031,7.701548099517822
2065,103250.0,-1.568800687789917,-5.1565117835998535,7.7440452575683585
2066,103300.0,-1.568800687789917,-5.1565117835998535,7.7440452575683585
2067,103350.0,-1.568800687789917,-5.1565117835998535,7.7440452575683585
2068,103400.0,-1.568800687789917,-5.1565117835998535,7.7440452575683585
2069,103450.0,-1.6490063667297363,-5.217564105987549,7.667430877685548
2070,103500.0,-1.6490063667297363,-5.217564105987549,7.667430877685548
2071,103550.0,-1.6490063667297363,-5.217564105987549,7.667430877685548
2072,103600.0,-1.634641170501709,-5.186439514160156,7.685986042022705
2073,103650.0,-1.634641170501709,-5.186439514160156,7.685986042022705
2074,103700.0,-1.634641170501709,-5.186439514160156,7.685986042022705
2075,103750.0,-1.634641170501709,-5.186439514160156,7.685986042022705
2076,103800.0,-1.5490485429763794,-5.242104530334473,7.6566572189331055
2077,103850.0,-1.5490485429763794,-5.242104530334473,7.6566572189331055
2078,103900.0,-1.5490485429763794,-5.242104530334473,7.6566572189331055
2079,103950.0,-1.5490485429763794,-5.242104530334473,7.6566572189331055
2080,104000.0,-1.6687586307525637,-5.230133533477783,7.691971302032472
2081,104050.0,-1.6687586307525637,-5.230133533477783,7.691971302032472
2082,104100.0,-1.6687586307525637,-5.230133533477783,7.691971302032472
2083,104150.0,-1.6298527717590332,-5.240907669067383,7.6752119064331055
2084,104200.0,-1.6298527717590332,-5.240907669067383,7.6752119064331055
2085,104250.0,-1.6298527717590332,-5.240907669067383,7.6752119064331055
2086,104300.0,-1.6298527717590332,-5.240907669067383,7.6752119064331055
2087,104350.0,-1.6388310194015503,-5.189432144165039,7.691971302032472
2088,104400.0,-1.6388310194015503,-5.189432144165039,7.691971302032472
2089,104450.0,-1.6388310194015503,-5.189432144165039,7.691971302032472
2090,104500.0,-1.611896276473999,-5.2271409034729,7.662642478942871
2091,104550.0,-1.611896276473999,-5.2271409034729,7.662642478942871
2092,104600.0,-1.611896276473999,-5.2271409034729,7.662642478942871
2093,104650.0,-1.611896276473999,-5.2271409034729,7.662642478942871
2094,104700.0,-1.6095020771026611,-5.214571475982666,7.712322235107423
2095,104750.0,-1.6095020771026611,-5.214571475982666,7.712322235107423
2096,104800.0,-1.6095020771026611,-5.214571475982666,7.712322235107423
2097,104850.0,-1.6095020771026611,-5.214571475982666,7.712322235107423
2098,104900.0,-1.4879963397979736,-5.127781391143799,7.714118003845215
2099,104950.0,-1.4879963397979736,-5.127781391143799,7.714118003845215
2100,105000.0,-1.4879963397979736,-5.127781391143799,7.714118003845215
2101,105050.0,-1.6226701736450195,-5.190030574798584,7.707533836364746
2102,105100.0,-1.6226701736450195,-5.190030574798584,7.707533836364746
2103,105150.0,-1.6226701736450195,-5.190030574798584,7.707533836364746
2104,105200.0,-1.6226701736450195,-5.190030574798584,7.707533836364746
2105,105250.0,-1.611896276473999,-5.19481897354126,7.707533836364746
2106,105300.0,-1.611896276473999,-5.19481897354126,7.707533836364746
2107,105350.0,-1.611896276473999,-5.19481897354126,7.707533836364746
2108,105400.0,-1.5975310802459717,-5.197812080383301,7.705738067626952
2109,105450.0,-1.5975310802459717,-5.197812080383301,7.705738067626952
2110,105500.0,-1.5975310802459717,-5.197812080383301,7.705738067626952
2111,105550.0,-1.5975310802459717,-5.197812080383301,7.705738067626952
2112,105600.0,-1.6202759742736816,-5.175665378570557,7.713519096374513
2113,105650.0,-1.6202759742736816,-5.175665378570557,7.713519096374513
2114,105700.0,-1.6202759742736816,-5.175665378570557,7.713519096374513
2115,105750.0,-1.6202759742736816,-5.175665378570557,7.713519096374513
2116,105800.0,-1.6561890840530396,-5.230133533477783,7.7224974632263175
2117,105850.0,-1.6561890840530396,-5.230133533477783,7.7224974632263175
2118,105900.0,-1.6561890840530396,-5.230133533477783,7.7224974632263175
2119,105950.0,-1.6172832250595093,-5.221155166625977,7.6776061058044425
2120,106000.0,-1.6172832250595093,-5.221155166625977,7.6776061058044425
2121,106050.0,-1.6172832250595093,-5.221155166625977,7.6776061058044425
2122,106100.0,-1.6172832250595093,-5.221155166625977,7.6776061058044425
2123,106150.0,-1.6376339197158811,-5.142146587371826,7.708730697631836
2124,106200.0,-1.6376339197158811,-5.142146587371826,7.708730697631836
2125,106250.0,-1.6376339197158811,-5.142146587371826,7.708730697631836
2126,106300.0,-1.6376339197158811,-5.142146587371826,7.708730697631836
2127,106350.0,-1.6579847335815432,-5.213972568511963,7.67042350769043
2128,106400.0,-1.6579847335815432,-5.213972568511963,7.67042350769043
2129,106450.0,-1.6579847335815432,-5.213972568511963,7.67042350769043
2130,106500.0,-1.6101006269454956,-5.176862716674805,7.728483200073242
2131,106550.0,-1.6101006269454956,-5.176862716674805,7.728483200073242
2132,106600.0,-1.6101006269454956,-5.176862716674805,7.728483200073242
2133,106650.0,-1.6101006269454956,-5.176862716674805,7.728483200073242
2134,106700.0,-1.6454150676727295,-5.212775707244873,7.6991539001464835
2135,106750.0,-1.6454150676727295,-5.212775707244873,7.6991539001464835
2136,106800.0,-1.6454150676727295,-5.212775707244873,7.6991539001464835
2137,106850.0,-1.6861165761947632,-5.207987308502197,7.729081630706787
2138,106900.0,-1.6861165761947632,-5.207987308502197,7.729081630706787
2139,106950.0,-1.6861165761947632,-5.207987308502197,7.729081630706787
2140,107000.0,-1.6861165761947632,-5.207987308502197,7.729081630706787
2141,107050.0,-1.6615760326385498,-5.230731964111328,7.684190273284912
2142,107100.0,-1.6615760326385498,-5.230731964111328,7.684190273284912
2143,107150.0,-1.6615760326385498,-5.230731964111328,7.684190273284912
2144,107200.0,-1.6675615310668943,-5.191227912902832,7.694365501403809
2145,107250.0,-1.6675615310668943,-5.191227912902832,7.694365501403809
2146,107300.0,-1.6675615310668943,-5.191227912902832,7.694365501403809
2147,107350.0,-1.6675615310668943,-5.191227912902832,7.694365501403809
2148,107400.0,-1.6071078777313232,-5.2247467041015625,7.679401874542236
2149,107450.0,-1.6071078777313232,-5.2247467041015625,7.679401874542236
2150,107500.0,-1.6071078777313232,-5.2247467041015625,7.679401874542236
2151,107550.0,-1.6071078777313232,-5.2247467041015625,7.679401874542236
2152,107600.0,-1.6633716821670532,-5.234323501586914,7.704541206359862
2153,107650.0,-1.6633716821670532,-5.234323501586914,7.704541206359862
2154,107700.0,-1.6633716821670532,-5.234323501586914,7.704541206359862
2155,107750.0,-1.6687586307525637,-5.213374137878418,7.706935405731201
2156,107800.0,-1.6687586307525637,-5.213374137878418,7.706935405731201
2157,107850.0,-1.6687586307525637,-5.213374137878418,7.706935405731201
2158,107900.0,-1.6687586307525637,-5.213374137878418,7.706935405731201
2159,107950.0,-1.6412252187728882,-5.2049946784973145,7.702147006988525
2160,108000.0,-1.6412252187728882,-5.2049946784973145,7.702147006988525
2161,108050.0,-1.6412252187728882,-5.2049946784973145,7.702147006988525
2162,108100.0,-1.6412252187728882,-5.2049946784973145,7.702147006988525
2163,108150.0,-1.5939397811889648,-5.164891719818115,7.6997528076171875
2164,108200.0,-1.5939397811889648,-5.164891719818115,7.6997528076171875
2165,108250.0,-1.5939397811889648,-5.164891719818115,7.6997528076171875
2166,108300.0,-1.6172832250595093,-5.2049946784973145,7.735067367553711
2167,108350.0,-1.6172832250595093,-5.2049946784973145,7.735067367553711
2168,108400.0,-1.6172832250595093,-5.2049946784973145,7.735067367553711
2169,108450.0,-1.6172832250595093,-5.2049946784973145,7.735067367553711
2170,108500.0,-1.6059107780456543,-5.2049946784973145,7.708132266998291
2171,108550.0,-1.6059107780456543,-5.2049946784973145,7.708132266998291
2172,108600.0,-1.6059107780456543,-5.2049946784973145,7.708132266998291
2173,108650.0,-1.6298527717590332,-5.158905982971191,7.684788703918457
2174,108700.0,-1.6298527717590332,-5.158905982971191,7.684788703918457
2175,108750.0,-1.6298527717590332,-5.158905982971191,7.684788703918457
2176,108800.0,-1.6298527717590332,-5.158905982971191,7.684788703918457
2177,108850.0,-1.611896276473999,-5.199607372283936,7.694365501403809
2178,108900.0,-1.611896276473999,-5.199607372283936,7.694365501403809
2179,108950.0,-1.611896276473999,-5.199607372283936,7.694365501403809
2180,109000.0,-1.611896276473999,-5.199607372283936,7.694365501403809
2181,109050.0,-1.6304513216018677,-5.16010332107544,7.680000305175781
2182,109100.0,-1.6304513216018677,-5.16010332107544,7.680000305175781
2183,109150.0,-1.6304513216018677,-5.16010332107544,7.680000305175781
2184,109200.0,-1.6364368200302124,-5.207987308502197,7.702147006988525
2185,109250.0,-1.6364368200302124,-5.207987308502197,7.702147006988525
2186,109300.0,-1.6364368200302124,-5.207987308502197,7.702147006988525
2187,109350.0,-1.6364368200302124,-5.207987308502197,7.702147006988525
2188,109400.0,-1.6376339197158811,-5.200206279754639,7.6955628395080575
2189,109450.0,-1.6376339197158811,-5.200206279754639,7.6955628395080575
2190,109500.0,-1.6376339197158811,-5.200206279754639,7.6955628395080575
2191,109550.0,-1.6921020746231081,-5.189432144165039,7.735665798187256
2192,109600.0,-1.6921020746231081,-5.189432144165039,7.735665798187256
2193,109650.0,-1.6921020746231081,-5.189432144165039,7.735665798187256
2194,109700.0,-1.6921020746231081,-5.189432144165039,7.735665798187256
2195,109750.0,-1.6011223793029783,-5.176862716674805,7.7446441650390625
2196,109800.0,-1.6011223793029783,-5.176862716674805,7.7446441650390625
2197,109850.0,-1.6011223793029783,-5.176862716674805,7.7446441650390625
2198,109900.0,-1.6011223793029783,-5.176862716674805,7.7446441650390625
2199,109950.0,-1.6077064275741575,-5.202600479125977,7.723694801330566
2200,110000.0,-1.6077064275741575,-5.202600479125977,7.723694801330566
2201,110050.0,-1.6077064275741575,-5.202600479125977,7.723694801330566
2202,110100.0,-1.6807296276092532,-5.366602897644043,7.773374557495117
2203,110150.0,-1.6807296276092532,-5.366602897644043,7.773374557495117
2204,110200.0,-1.6807296276092532,-5.366602897644043,7.773374557495117
2205,110250.0,-1.6807296276092532,-5.366602897644043,7.773374557495117
2206,110300.0,-1.6867151260375977,-5.196016311645508,7.575852870941162
2207,110350.0,-1.6867151260375977,-5.196016311645508,7.575852870941162
2208,110400.0,-1.6867151260375977,-5.196016311645508,7.575852870941162
2209,110450.0,-1.7962498664855957,-5.1355624198913565,7.794323444366455
2210,110500.0,-1.7962498664855957,-5.1355624198913565,7.794323444366455
2211,110550.0,-1.7962498664855957,-5.1355624198913565,7.794323444366455
2212,110600.0,-1.7962498664855957,-5.1355624198913565,7.794323444366455
2213,110650.0,-1.561618089675903,-5.197812080383301,7.6506714820861825
2214,110700.0,-1.561618089675903,-5.197812080383301,7.6506714820861825
2215,110750.0,-1.561618089675903,-5.197812080383301,7.6506714820861825
2216,110800.0,-1.561618089675903,-5.197812080383301,7.6506714820861825
2217,110850.0,-1.5981296300888062,-5.200804710388184,7.716512203216553
2218,110900.0,-1.5981296300888062,-5.200804710388184,7.716512203216553
2219,110950.0,-1.5981296300888062,-5.200804710388184,7.716512203216553
2220,111000.0,-1.6101006269454956,-5.1804537773132315,7.708132266998291
2221,111050.0,-1.6101006269454956,-5.1804537773132315,7.708132266998291
2222,111100.0,-1.6101006269454956,-5.1804537773132315,7.708132266998291
2223,111150.0,-1.6101006269454956,-5.1804537773132315,7.708132266998291
2224,111200.0,-1.566406488418579,-5.2241482734680185,7.713519096374513
2225,111250.0,-1.566406488418579,-5.2241482734680185,7.713519096374513
2226,111300.0,-1.566406488418579,-5.2241482734680185,7.713519096374513
2227,111350.0,-1.6101006269454956,-5.163095951080322,7.681796073913574
2228,111400.0,-1.6101006269454956,-5.163095951080322,7.681796073913574
2229,111450.0,-1.6101006269454956,-5.163095951080322,7.681796073913574
2230,111500.0,-1.6101006269454956,-5.163095951080322,7.681796073913574
2231,111550.0,-1.6328455209732056,-5.164891719818115,7.6997528076171875
2232,111600.0,-1.6328455209732056,-5.164891719818115,7.6997528076171875
2233,111650.0,-1.6328455209732056,-5.164891719818115,7.6997528076171875
2234,111700.0,-1.6328455209732056,-5.164891719818115,7.6997528076171875
2235,111750.0,-1.6095020771026611,-5.217564105987549,7.6752119064331055
2236,111800.0,-1.6095020771026611,-5.217564105987549,7.6752119064331055
2237,111850.0,-1.6095020771026611,-5.217564105987549,7.6752119064331055
2238,111900.0,-1.6328455209732056,-5.1607017517089835,7.7673888206481925
2239,111950.0,-1.6328455209732056,-5.1607017517089835,7.7673888206481925
2240,112000.0,-1.6328455209732056,-5.1607017517089835,7.7673888206481925
2241,112050.0,-1.6328455209732056,-5.1607017517089835,7.7673888206481925
2242,112100.0,-1.5442601442337036,-5.210381507873535,7.762600421905518
2243,112150.0,-1.5442601442337036,-5.210381507873535,7.762600421905518
2244,112200.0,-1.5442601442337036,-5.210381507873535,7.762600421905518
2245,112250.0,-1.5765818357467651,-5.170278549194336,7.688380241394043
2246,112300.0,-1.5765818357467651,-5.170278549194336,7.688380241394043
2247,112350.0,-1.5765818357467651,-5.170278549194336,7.688380241394043
2248,112400.0,-1.5765818357467651,-5.170278549194336,7.688380241394043
2249,112450.0,-1.6095020771026611,-5.208585739135742,7.726687431335449
2250,112500.0,-1.6095020771026611,-5.208585739135742,7.726687431335449
2251,112550.0,-1.6095020771026611,-5.208585739135742,7.726687431335449
2252,112600.0,-1.6095020771026611,-5.208585739135742,7.726687431335449
2253,112650.0,-1.5705963373184204,-5.169081687927246,7.738658428192139
2254,112700.0,-1.5705963373184204,-5.169081687927246,7.738658428192139
2255,112750.0,-1.5705963373184204,-5.169081687927246,7.738658428192139
2256,112800.0,-1.6490063667297363,-5.20978307723999,7.684190273284912
2257,112850.0,-1.6490063667297363,-5.20978307723999,7.684190273284912
2258,112900.0,-1.6490063667297363,-5.20978307723999,7.684190273284912
2259,112950.0,-1.6490063667297363,-5.20978307723999,7.684190273284912
2260,113000.0,-1.5837644338607788,-5.155913352966309,7.726687431335449
2261,113050.0,-1.5837644338607788,-5.155913352966309,7.726687431335449
2262,113100.0,-1.5837644338607788,-5.155913352966309,7.726687431335449
2263,113150.0,-1.5987281799316406,-5.260061264038086,7.729680061340332
2264,113200.0,-1.5987281799316406,-5.260061264038086,7.729680061340332
2265,113250.0,-1.5987281799316406,-5.260061264038086,7.729680061340332
2266,113300.0,-1.5987281799316406,-5.260061264038086,7.729680061340332
2267,113350.0,-1.5346833467483518,-5.181052684783936,7.700351238250732
2268,113400.0,-1.5346833467483518,-5.181052684783936,7.700351238250732
2269,113450.0,-1.5346833467483518,-5.181052684783936,7.700351238250732
2270,113500.0,-1.5346833467483518,-5.181052684783936,7.700351238250732
2271,113550.0,-1.5735890865325928,-5.185841083526611,7.6997528076171875
2272,113600.0,-1.5735890865325928,-5.185841083526611,7.6997528076171875
2273,113650.0,-1.5735890865325928,-5.185841083526611,7.6997528076171875
2274,113700.0,-1.6687586307525637,-5.222352504730225,7.729680061340332
2275,113750.0,-1.6687586307525637,-5.222352504730225,7.729680061340332
2276,113800.0,-1.6687586307525637,-5.222352504730225,7.729680061340332
2277,113850.0,-1.6687586307525637,-5.222352504730225,7.729680061340332
2278,113900.0,-1.568800687789917,-5.140350818634033,7.681197643280028
2279,113950.0,-1.568800687789917,-5.140350818634033,7.681197643280028
2280,114000.0,-1.568800687789917,-5.140350818634033,7.681197643280028
2281,114050.0,-1.6202759742736816,-5.1816511154174805,7.702147006988525
2282,114100.0,-1.6202759742736816,-5.1816511154174805,7.702147006988525
2283,114150.0,-1.6202759742736816,-5.1816511154174805,7.702147006988525
2284,114200.0,-1.6202759742736816,-5.1816511154174805,7.702147006988525
2285,114250.0,-1.535880446434021,-5.173870086669922,7.7224974632263175
2286,114300.0,-1.535880446434021,-5.173870086669922,7.7224974632263175
2287,114350.0,-1.535880446434021,-5.173870086669922,7.7224974632263175
2288,114400.0,-1.535880446434021,-5.173870086669922,7.7224974632263175
2289,114450.0,-1.6124948263168335,-5.148730754852295,7.7667903900146475
2290,114500.0,-1.6124948263168335,-5.148730754852295,7.7667903900146475
2291,114550.0,-1.6124948263168335,-5.148730754852295,7.7667903900146475
2292,114600.0,-1.6250643730163574,-5.181052684783936,7.76020622253418
2293,114650.0,-1.6250643730163574,-5.181052684783936,7.76020622253418
2294,114700.0,-1.6250643730163574,-5.181052684783936,7.76020622253418
2295,114750.0,-1.6250643730163574,-5.181052684783936,7.76020622253418
2296,114800.0,-1.5670050382614136,-5.207987308502197,7.726687431335449
2297,114850.0,-1.5670050382614136,-5.207987308502197,7.726687431335449
2298,114900.0,-1.5670050382614136,-5.207987308502197,7.726687431335449
2299,114950.0,-1.6136919260025024,-5.184045314788818,7.745242595672607
2300,115000.0,-1.6136919260025024,-5.184045314788818,7.745242595672607
2301,115050.0,-1.6136919260025024,-5.184045314788818,7.745242595672607
2302,115100.0,-1.6136919260025024,-5.184045314788818,7.745242595672607
2303,115150.0,-1.6071078777313232,-5.194220542907715,7.73207426071167
2304,115200.0,-1.6071078777313232,-5.194220542907715,7.73207426071167
2305,115250.0,-1.6071078777313232,-5.194220542907715,7.73207426071167
2306,115300.0,-1.6071078777313232,-5.194220542907715,7.73207426071167
2307,115350.0,-1.6214730739593506,-5.167285919189453,7.733870029449463
2308,115400.0,-1.6214730739593506,-5.167285919189453,7.733870029449463
2309,115450.0,-1.6214730739593506,-5.167285919189453,7.733870029449463
2310,115500.0,-1.5939397811889648,-5.234323501586914,7.7643961906433105
2311,115550.0,-1.5939397811889648,-5.234323501586914,7.7643961906433105
2312,115600.0,-1.5939397811889648,-5.234323501586914,7.7643961906433105
2313,115650.0,-1.5939397811889648,-5.234323501586914,7.7643961906433105
2314,115700.0,-1.6190788745880127,-5.188235282897949,7.733271598815918
2315,115750.0,-1.6190788745880127,-5.188235282897949,7.733271598815918
2316,115800.0,-1.6190788745880127,-5.188235282897949,7.733271598815918
2317,115850.0,-1.5735890865325928,-5.183446884155273,7.755417823791504
2318,115900.0,-1.5735890865325928,-5.183446884155273,7.755417823791504
2319,115950.0,-1.5735890865325928,-5.183446884155273,7.755417823791504
2320,116000.0,-1.5735890865325928,-5.183446884155273,7.755417823791504
2321,116050.0,-1.5658079385757446,-5.164891719818115,7.701548099517822
2322,116100.0,-1.5658079385757446,-5.164891719818115,7.701548099517822
2323,116150.0,-1.5658079385757446,-5.164891719818115,7.701548099517822
2324,116200.0,-1.5658079385757446,-5.164891719818115,7.701548099517822
2325,116250.0,-1.5885528326034546,-5.2014031410217285,7.734468460083008
2326,116300.0,-1.5885528326034546,-5.2014031410217285,7.734468460083008
2327,116350.0,-1.5885528326034546,-5.2014031410217285,7.734468460083008
2328,116400.0,-1.6041151285171509,-5.173271179199219,7.764994621276855
2329,116450.0,-1.6041151285171509,-5.173271179199219,7.764994621276855
2330,116500.0,-1.6041151285171509,-5.173271179199219,7.764994621276855
2331,116550.0,-1.6041151285171509,-5.173271179199219,7.764994621276855
2332,116600.0,-1.6041151285171509,-5.1565117835998535,7.71591329574585
2333,116650.0,-1.6041151285171509,-5.1565117835998535,7.71591329574585
2334,116700.0,-1.6041151285171509,-5.1565117835998535,7.71591329574585
2335,116750.0,-1.5849615335464478,-5.117606163024902,7.735665798187256
2336,116800.0,-1.5849615335464478,-5.117606163024902,7.735665798187256
2337,116850.0,-1.5849615335464478,-5.117606163024902,7.735665798187256
2338,116900.0,-1.5849615335464478,-5.117606163024902,7.735665798187256
2339,116950.0,-1.5574282407760618,-5.146336555480957,7.76020622253418
2340,117000.0,-1.5574282407760618,-5.146336555480957,7.76020622253418
2341,117050.0,-1.5574282407760618,-5.146336555480957,7.76020622253418
2342,117100.0,-1.5574282407760618,-5.146336555480957,7.76020622253418
2343,117150.0,-1.558625340461731,-5.198410511016847,7.753023624420166
2344,117200.0,-1.558625340461731,-5.198410511016847,7.753023624420166
2345,117250.0,-1.558625340461731,-5.198410511016847,7.753023624420166
2346,117300.0,-1.5843629837036133,-5.19481897354126,7.70274543762207
2347,117350.0,-1.5843629837036133,-5.19481897354126,7.70274543762207
2348,117400.0,-1.5843629837036133,-5.19481897354126,7.70274543762207
2349,117450.0,-1.5843629837036133,-5.19481897354126,7.70274543762207
2350,117500.0,-1.6166846752166748,-5.1541175842285165,7.7440452575683585
2351,117550.0,-1.6166846752166748,-5.1541175842285165,7.7440452575683585
2352,117600.0,-1.6166846752166748,-5.1541175842285165,7.7440452575683585
2353,117650.0,-1.644816517829895,-5.1618990898132315,7.728483200073242
2354,117700.0,-1.644816517829895,-5.1618990898132315,7.728483200073242
2355,117750.0,-1.644816517829895,-5.1618990898132315,7.728483200073242
2356,117800.0,-1.644816517829895,-5.1618990898132315,7.728483200073242
2357,117850.0,-1.5670050382614136,-5.146336555480957,7.723694801330566
2358,117900.0,-1.5670050382614136,-5.146336555480957,7.723694801330566
2359,117950.0,-1.5670050382614136,-5.146336555480957,7.723694801330566
2360,118000.0,-1.5670050382614136,-5.146336555480957,7.723694801330566
2361,118050.0,-1.5933412313461304,-5.221155166625977,7.754220962524414
2362,118100.0,-1.5933412313461304,-5.221155166625977,7.754220962524414
2363,118150.0,-1.5933412313461304,-5.221155166625977,7.754220962524414
2364,118200.0,-1.6017209291458132,-5.203797340393066,7.70394229888916
2365,118250.0,-1.6017209291458132,-5.203797340393066,7.70394229888916
2366,118300.0,-1.6017209291458132,-5.203797340393066,7.70394229888916
2367,118350.0,-1.6017209291458132,-5.203797340393066,7.70394229888916
2368,118400.0,-1.6226701736450195,-5.196016311645508,7.703343868255615
2369,118450.0,-1.6226701736450195,-5.196016311645508,7.703343868255615
2370,118500.0,-1.6226701736450195,-5.196016311645508,7.703343868255615
2371,118550.0,-1.6160861253738403,-5.133767127990723,7.749432563781737
2372,118600.0,-1.6160861253738403,-5.133767127990723,7.749432563781737
2373,118650.0,-1.6160861253738403,-5.133767127990723,7.749432563781737
2374,118700.0,-1.6160861253738403,-5.133767127990723,7.749432563781737
2375,118750.0,-1.6011223793029783,-5.207388877868652,7.709928035736084
2376,118800.0,-1.6011223793029783,-5.207388877868652,7.709928035736084
2377,118850.0,-1.6011223793029783,-5.207388877868652,7.709928035736084
2378,118900.0,-1.6011223793029783,-5.207388877868652,7.709928035736084
2379,118950.0,-1.6573861837387085,-5.212177276611328,7.7637977600097665
2380,119000.0,-1.6573861837387085,-5.212177276611328,7.7637977600097665
2381,119050.0,-1.6573861837387085,-5.212177276611328,7.7637977600097665
2382,119100.0,-1.5855600833892822,-5.166088581085205,7.6997528076171875
2383,119150.0,-1.5855600833892822,-5.166088581085205,7.6997528076171875
2384,119200.0,-1.5855600833892822,-5.166088581085205,7.6997528076171875
2385,119250.0,-1.5855600833892822,-5.166088581085205,7.6997528076171875
2386,119300.0,-1.502361536026001,-5.20978307723999,7.716512203216553
2387,119350.0,-1.502361536026001,-5.20978307723999,7.716512203216553
2388,119400.0,-1.502361536026001,-5.20978307723999,7.716512203216553
2389,119450.0,-1.502361536026001,-5.20978307723999,7.716512203216553
2390,119500.0,-1.4688427448272705,-5.169081687927246,7.66922664642334
2391,119550.0,-1.4688427448272705,-5.169081687927246,7.66922664642334
2392,119600.0,-1.4688427448272705,-5.169081687927246,7.66922664642334
2393,119650.0,-1.6771383285522459,-5.158905982971191,7.727285861968994
2394,119700.0,-1.6771383285522459,-5.158905982971191,7.727285861968994
2395,119750.0,-1.6771383285522459,-5.158905982971191,7.727285861968994
2396,119800.0,-1.6771383285522459,-5.158905982971191,7.727285861968994
2397,119850.0,-1.6328455209732056,-5.116408824920653,7.691971302032472
2398,119900.0,-1.6328455209732056,-5.116408824920653,7.691971302032472
2399,119950.0,-1.6328455209732056,-5.116408824920653,7.691971302032472
2400,120000.0,-1.5490485429763794,-5.1158103942871085,7.680000305175781
2401,120050.0,-1.5490485429763794,-5.1158103942871085,7.680000305175781
2402,120100.0,-1.5490485429763794,-5.1158103942871085,7.680000305175781
2403,120150.0,-1.5490485429763794,-5.1158103942871085,7.680000305175781
2404,120200.0,-1.5131354331970217,-5.148730754852295,7.745242595672607
2405,120250.0,-1.5131354331970217,-5.148730754852295,7.745242595672607
2406,120300.0,-1.5131354331970217,-5.148730754852295,7.745242595672607
2407,120350.0,-1.5131354331970217,-5.148730754852295,7.745242595672607
2408,120400.0,-1.58256733417511,-5.175066947937012,7.762001991271973
2409,120450.0,-1.58256733417511,-5.175066947937012,7.762001991271973
2410,120500.0,-1.58256733417511,-5.175066947937012,7.762001991271973
2411,120550.0,-1.6370353698730469,-5.119401931762695,7.781754016876222
2412,120600.0,-1.6370353698730469,-5.119401931762695,7.781754016876222
2413,120650.0,-1.6370353698730469,-5.119401931762695,7.781754016876222
2414,120700.0,-1.6370353698730469,-5.119401931762695,7.781754016876222
2415,120750.0,-1.5574282407760618,-5.185841083526611,7.754220962524414
2416,120800.0,-1.5574282407760618,-5.185841083526611,7.754220962524414
2417,120850.0,-1.5574282407760618,-5.185841083526611,7.754220962524414
2418,120900.0,-1.6454150676727295,-5.193023681640625,7.717110633850098
2419,120950.0,-1.6454150676727295,-5.193023681640625,7.717110633850098
2420,121000.0,-1.6454150676727295,-5.193023681640625,7.717110633850098
2421,121050.0,-1.6454150676727295,-5.193023681640625,7.717110633850098
2422,121100.0,-1.620874524116516,-5.200804710388184,7.750030994415282
2423,121150.0,-1.620874524116516,-5.200804710388184,7.750030994415282
2424,121200.0,-1.620874524116516,-5.200804710388184,7.750030994415282
2425,121250.0,-1.6579847335815432,-5.16429328918457,7.750030994415282
2426,121300.0,-1.6579847335815432,-5.16429328918457,7.750030994415282
2427,121350.0,-1.6579847335815432,-5.16429328918457,7.750030994415282
2428,121400.0,-1.6579847335815432,-5.16429328918457,7.750030994415282
2429,121450.0,-1.600523829460144,-5.127781391143799,7.737461566925049
2430,121500.0,-1.600523829460144,-5.127781391143799,7.737461566925049
2431,121550.0,-1.600523829460144,-5.127781391143799,7.737461566925049
2432,121600.0,-1.600523829460144,-5.127781391143799,7.737461566925049
2433,121650.0,-1.599326729774475,-5.149928092956543,7.734468460083008
2434,121700.0,-1.599326729774475,-5.149928092956543,7.734468460083008
2435,121750.0,-1.599326729774475,-5.149928092956543,7.734468460083008
2436,121800.0,-1.6023194789886477,-5.13735818862915,7.693168640136719
2437,121850.0,-1.6023194789886477,-5.13735818862915,7.693168640136719
2438,121900.0,-1.6023194789886477,-5.13735818862915,7.693168640136719
2439,121950.0,-1.6023194789886477,-5.13735818862915,7.693168640136719
2440,122000.0,-1.549647092819214,-5.169680118560791,7.7446441650390625
2441,122050.0,-1.549647092819214,-5.169680118560791,7.7446441650390625
2442,122100.0,-1.549647092819214,-5.169680118560791,7.7446441650390625
2443,122150.0,-1.549647092819214,-5.169680118560791,7.7446441650390625
2444,122200.0,-1.6124948263168335,-5.14932918548584,7.778761386871338
2445,122250.0,-1.6124948263168335,-5.14932918548584,7.778761386871338
2446,122300.0,-1.6124948263168335,-5.14932918548584,7.778761386871338
2447,122350.0,-1.6083049774169922,-5.169081687927246,7.703343868255615
2448,122400.0,-1.6083049774169922,-5.169081687927246,7.703343868255615
2449,122450.0,-1.6083049774169922,-5.169081687927246,7.703343868255615
2450,122500.0,-1.6083049774169922,-5.169081687927246,7.703343868255615
2451,122550.0,-1.622071623802185,-5.110423564910889,7.7218990325927725
2452,122600.0,-1.622071623802185,-5.110423564910889,7.7218990325927725
2453,122650.0,-1.622071623802185,-5.110423564910889,7.7218990325927725
2454,122700.0,-1.6196774244308472,-5.145139217376709,7.726687431335449
2455,122750.0,-1.6196774244308472,-5.145139217376709,7.726687431335449
2456,122800.0,-1.6196774244308472,-5.145139217376709,7.726687431335449
2457,122850.0,-1.6196774244308472,-5.145139217376709,7.726687431335449
2458,122900.0,-1.644816517829895,-5.215169906616211,7.644087314605713
2459,122950.0,-1.644816517829895,-5.215169906616211,7.644087314605713
2460,123000.0,-1.644816517829895,-5.215169906616211,7.644087314605713
2461,123050.0,-1.644816517829895,-5.215169906616211,7.644087314605713
2462,123100.0,-1.6442179679870603,-5.206789970397949,7.733870029449463
2463,123150.0,-1.6442179679870603,-5.206789970397949,7.733870029449463
2464,123200.0,-1.6442179679870603,-5.206789970397949,7.733870029449463
2465,123250.0,-1.5795745849609375,-5.142146587371826,7.736862659454347
2466,123300.0,-1.5795745849609375,-5.142146587371826,7.736862659454347
2467,123350.0,-1.5795745849609375,-5.142146587371826,7.736862659454347
2468,123400.0,-1.5795745849609375,-5.142146587371826,7.736862659454347
2469,123450.0,-1.6717513799667358,-5.13197135925293,7.7667903900146475
2470,123500.0,-1.6717513799667358,-5.13197135925293,7.7667903900146475
2471,123550.0,-1.6717513799667358,-5.13197135925293,7.7667903900146475
2472,123600.0,-1.5640122890472412,-5.186439514160156,7.703343868255615
2473,123650.0,-1.5640122890472412,-5.186439514160156,7.703343868255615
2474,123700.0,-1.5640122890472412,-5.186439514160156,7.703343868255615
2475,123750.0,-1.5640122890472412,-5.186439514160156,7.703343868255615
2476,123800.0,-1.7579425573349,-5.188833713531494,7.796119213104247
2477,123850.0,-1.7579425573349,-5.188833713531494,7.796119213104247
2478,123900.0,-1.7579425573349,-5.188833713531494,7.796119213104247
2479,123950.0,-1.7579425573349,-5.188833713531494,7.796119213104247
2480,124000.0,-1.660977482795715,-5.191826343536377,7.67461347579956
2481,124050.0,-1.660977482795715,-5.191826343536377,7.67461347579956
2482,124100.0,-1.660977482795715,-5.191826343536377,7.67461347579956
2483,124150.0,-1.6011223793029783,-5.099649429321289,7.729081630706787
2484,124200.0,-1.6011223793029783,-5.099649429321289,7.729081630706787
2485,124250.0,-1.6011223793029783,-5.099649429321289,7.729081630706787
2486,124300.0,-1.6011223793029783,-5.099649429321289,7.729081630706787
2487,124350.0,-1.5185223817825315,-5.142146587371826,7.739855766296388
2488,124400.0,-1.5185223817825315,-5.142146587371826,7.739855766296388
2489,124450.0,-1.5185223817825315,-5.142146587371826,7.739855766296388
2490,124500.0,-1.6663644313812256,-5.157709121704102,7.773374557495117
2491,124550.0,-1.6663644313812256,-5.157709121704102,7.773374557495117
2492,124600.0,-1.6663644313812256,-5.157709121704102,7.773374557495117
2493,124650.0,-1.6663644313812256,-5.157709121704102,7.773374557495117
2494,124700.0,-1.6077064275741575,-5.1565117835998535,7.7434468269348145
2495,124750.0,-1.6077064275741575,-5.1565117835998535,7.7434468269348145
2496,124800.0,-1.6077064275741575,-5.1565117835998535,7.7434468269348145
2497,124850.0,-1.6077064275741575,-5.1565117835998535,7.7434468269348145
2498,124900.0,-1.656787633895874,-5.16549015045166,7.728483200073242
2499,124950.0,-1.656787633895874,-5.16549015045166,7.728483200073242
2500,125000.0,-1.656787633895874,-5.16549015045166,7.728483200073242
2501,125050.0,-1.6388310194015503,-5.1152119636535645,7.727884769439697
2502,125100.0,-1.6388310194015503,-5.1152119636535645,7.727884769439697
2503,125150.0,-1.6388310194015503,-5.1152119636535645,7.727884769439697
2504,125200.0,-1.6388310194015503,-5.1152119636535645,7.727884769439697
2505,125250.0,-1.6280571222305298,-5.173870086669922,7.678803443908691
2506,125300.0,-1.6280571222305298,-5.173870086669922,7.678803443908691
2507,125350.0,-1.6280571222305298,-5.173870086669922,7.678803443908691
2508,125400.0,-1.58256733417511,-5.139752388000488,7.736862659454347
2509,125450.0,-1.58256733417511,-5.139752388000488,7.736862659454347
2510,125500.0,-1.58256733417511,-5.139752388000488,7.736862659454347
2511,125550.0,-1.58256733417511,-5.139752388000488,7.736862659454347
2512,125600.0,-1.6352397203445437,-5.176862716674805,7.736264228820801
2513,125650.0,-1.6352397203445437,-5.176862716674805,7.736264228820801
2514,125700.0,-1.6352397203445437,-5.176862716674805,7.736264228820801
2515,125750.0,-1.6352397203445437,-5.176862716674805,7.736264228820801
2516,125800.0,-1.6244658231735232,-5.191826343536377,7.751227855682372
2517,125850.0,-1.6244658231735232,-5.191826343536377,7.751227855682372
2518,125900.0,-1.6244658231735232,-5.191826343536377,7.751227855682372
2519,125950.0,-1.6196774244308472,-5.181052684783936,7.75900936126709
2520,126000.0,-1.6196774244308472,-5.181052684783936,7.75900936126709
2521,126050.0,-1.6196774244308472,-5.181052684783936,7.75900936126709
2522,126100.0,-1.6196774244308472,-5.181052684783936,7.75900936126709
2523,126150.0,-1.5765818357467651,-5.204395771026611,7.6764092445373535
2524,126200.0,-1.5765818357467651,-5.204395771026611,7.6764092445373535
2525,126250.0,-1.5765818357467651,-5.204395771026611,7.6764092445373535
2526,126300.0,-1.648407816886902,-5.171475887298584,7.7440452575683585
2527,126350.0,-1.648407816886902,-5.171475887298584,7.7440452575683585
2528,126400.0,-1.648407816886902,-5.171475887298584,7.7440452575683585
2529,126450.0,-1.648407816886902,-5.171475887298584,7.7440452575683585
2530,126500.0,-1.6424223184585571,-5.155314922332764,7.7883381843566895
2531,126550.0,-1.6424223184585571,-5.155314922332764,7.7883381843566895
2532,126600.0,-1.6424223184585571,-5.155314922332764,7.7883381843566895
2533,126650.0,-1.6424223184585571,-5.155314922332764,7.7883381843566895
2534,126700.0,-1.6352397203445437,-5.234921932220459,7.6506714820861825
2535,126750.0,-1.6352397203445437,-5.234921932220459,7.6506714820861825
2536,126800.0,-1.6352397203445437,-5.234921932220459,7.6506714820861825
2537,126850.0,-1.7070658206939695,-5.108627796173097,7.723694801330566
2538,126900.0,-1.7070658206939695,-5.108627796173097,7.723694801330566
2539,126950.0,-1.7070658206939695,-5.108627796173097,7.723694801330566
2540,127000.0,-1.7070658206939695,-5.108627796173097,7.723694801330566
2541,127050.0,-1.6328455209732056,-5.158307552337647,7.7189064025878915
2542,127100.0,-1.6328455209732056,-5.158307552337647,7.7189064025878915
2543,127150.0,-1.6328455209732056,-5.158307552337647,7.7189064025878915
2544,127200.0,-1.7328034639358518,-5.2439002990722665,7.6770076751708975
2545,127250.0,-1.7328034639358518,-5.2439002990722665,7.6770076751708975
2546,127300.0,-1.7328034639358518,-5.2439002990722665,7.6770076751708975
2547,127350.0,-1.7328034639358518,-5.2439002990722665,7.6770076751708975
2548,127400.0,-1.6472107172012331,-5.046977043151856,7.79372501373291
2549,127450.0,-1.6472107172012331,-5.046977043151856,7.79372501373291
2550,127500.0,-1.6472107172012331,-5.046977043151856,7.79372501373291
2551,127550.0,-1.6472107172012331,-5.046977043151856,7.79372501373291
2552,127600.0,-1.5765818357467651,-5.07570743560791,7.7889366149902335
2553,127650.0,-1.5765818357467651,-5.07570743560791,7.7889366149902335
2554,127700.0,-1.5765818357467651,-5.07570743560791,7.7889366149902335
2555,127750.0,-1.611896276473999,-5.132569789886475,7.739855766296388
2556,127800.0,-1.611896276473999,-5.132569789886475,7.739855766296388
2557,127850.0,-1.611896276473999,-5.132569789886475,7.739855766296388
2558,127900.0,-1.611896276473999,-5.132569789886475,7.739855766296388
2559,127950.0,-1.6328455209732056,-5.146934986114502,7.7404541969299325
2560,128000.0,-1.6328455209732056,-5.146934986114502,7.7404541969299325
2561,128050.0,-1.6328455209732056,-5.146934986114502,7.7404541969299325
2562,128100.0,-1.566406488418579,-5.151723384857178,7.73207426071167
2563,128150.0,-1.566406488418579,-5.151723384857178,7.73207426071167
2564,128200.0,-1.566406488418579,-5.151723384857178,7.73207426071167
2565,128250.0,-1.566406488418579,-5.151723384857178,7.73207426071167
2566,128300.0,-1.6083049774169922,-5.125985622406006,7.7470383644104
2567,128350.0,-1.6083049774169922,-5.125985622406006,7.7470383644104
2568,128400.0,-1.6083049774169922,-5.125985622406006,7.7470383644104
2569,128450.0,-1.6083049774169922,-5.125985622406006,7.7470383644104
2570,128500.0,-1.6519991159439087,-5.14813232421875,7.784746646881103
2571,128550.0,-1.6519991159439087,-5.14813232421875,7.784746646881103
2572,128600.0,-1.6519991159439087,-5.14813232421875,7.784746646881103
2573,128650.0,-1.581370234489441,-5.132569789886475,7.731475830078125
2574,128700.0,-1.581370234489441,-5.132569789886475,7.731475830078125
2575,128750.0,-1.581370234489441,-5.132569789886475,7.731475830078125
2576,128800.0,-1.581370234489441,-5.132569789886475,7.731475830078125
2577,128850.0,-1.611896276473999,-5.198410511016847,7.74823522567749
2578,128900.0,-1.611896276473999,-5.198410511016847,7.74823522567749
2579,128950.0,-1.611896276473999,-5.198410511016847,7.74823522567749
2580,129000.0,-1.611896276473999,-5.198410511016847,7.74823522567749
2581,129050.0,-1.6298527717590332,-5.112817764282227,7.774571418762207
2582,129100.0,-1.6298527717590332,-5.112817764282227,7.774571418762207
2583,129150.0,-1.6298527717590332,-5.112817764282227,7.774571418762207
2584,129200.0,-1.623268723487854,-5.138555526733398,7.739855766296388
2585,129250.0,-1.623268723487854,-5.138555526733398,7.739855766296388
2586,129300.0,-1.623268723487854,-5.138555526733398,7.739855766296388
2587,129350.0,-1.623268723487854,-5.138555526733398,7.739855766296388
2588,129400.0,-1.6190788745880127,-5.162497520446777,7.76020622253418
2589,129450.0,-1.6190788745880127,-5.162497520446777,7.76020622253418
2590,129500.0,-1.6190788745880127,-5.162497520446777,7.76020622253418
2591,129550.0,-1.6238672733306885,-5.13735818862915,7.708132266998291
2592,129600.0,-1.6238672733306885,-5.13735818862915,7.708132266998291
2593,129650.0,-1.6238672733306885,-5.13735818862915,7.708132266998291
2594,129700.0,-1.6238672733306885,-5.13735818862915,7.708132266998291
2595,129750.0,-1.6436194181442259,-5.241506099700928,7.597999095916747
2596,129800.0,-1.6436194181442259,-5.241506099700928,7.597999095916747
2597,129850.0,-1.6436194181442259,-5.241506099700928,7.597999095916747
2598,129900.0,-1.6531962156295776,-5.142745018005371,7.7189064025878915
2599,129950.0,-1.6531962156295776,-5.142745018005371,7.7189064025878915
2600,130000.0,-1.6531962156295776,-5.142745018005371,7.7189064025878915
2601,130050.0,-1.6531962156295776,-5.142745018005371,7.7189064025878915
2602,130100.0,-1.634641170501709,-5.202600479125977,7.688978672027588
2603,130150.0,-1.634641170501709,-5.202600479125977,7.688978672027588
2604,130200.0,-1.634641170501709,-5.202600479125977,7.688978672027588
2605,130250.0,-1.634641170501709,-5.202600479125977,7.688978672027588
2606,130300.0,-1.6621745824813845,-5.167285919189453,7.7410526275634775
2607,130350.0,-1.6621745824813845,-5.167285919189453,7.7410526275634775
2608,130400.0,-1.6621745824813845,-5.167285919189453,7.7410526275634775
2609,130450.0,-1.5951368808746338,-5.170278549194336,7.7213006019592285
2610,130500.0,-1.5951368808746338,-5.170278549194336,7.7213006019592285
2611,130550.0,-1.5951368808746338,-5.170278549194336,7.7213006019592285
2612,130600.0,-1.5951368808746338,-5.170278549194336,7.7213006019592285
2613,130650.0,-1.631049871444702,-5.18284797668457,7.738059997558594
2614,130700.0,-1.631049871444702,-5.18284797668457,7.738059997558594
2615,130750.0,-1.631049871444702,-5.18284797668457,7.738059997558594
2616,130800.0,-1.6442179679870603,-5.159504890441895,7.712322235107423
2617,130850.0,-1.6442179679870603,-5.159504890441895,7.712322235107423
2618,130900.0,-1.6442179679870603,-5.159504890441895,7.712322235107423
2619,130950.0,-1.6442179679870603,-5.159504890441895,7.712322235107423
2620,131000.0,-1.6502034664154053,-5.188235282897949,7.705139636993407
2621,131050.0,-1.6502034664154053,-5.188235282897949,7.705139636993407
2622,131100.0,-1.6502034664154053,-5.188235282897949,7.705139636993407
2623,131150.0,-1.6502034664154053,-5.188235282897949,7.705139636993407
2624,131200.0,-1.7196353673934937,-5.166088581085205,7.731475830078125
2625,131250.0,-1.7196353673934937,-5.166088581085205,7.731475830078125
2626,131300.0,-1.7196353673934937,-5.166088581085205,7.731475830078125
2627,131350.0,-1.687313675880432,-5.130774021148682,7.709928035736084
2628,131400.0,-1.687313675880432,-5.130774021148682,7.709928035736084
2629,131450.0,-1.687313675880432,-5.130774021148682,7.709928035736084
2630,131500.0,-1.687313675880432,-5.130774021148682,7.709928035736084
2631,131550.0,-1.6490063667297363,-5.150526523590088,7.6991539001464835
2632,131600.0,-1.6490063667297363,-5.150526523590088,7.6991539001464835
2633,131650.0,-1.6490063667297363,-5.150526523590088,7.6991539001464835
2634,131700.0,-1.6490063667297363,-5.150526523590088,7.6991539001464835
2635,131750.0,-1.6549919843673706,-5.16010332107544,7.701548099517822
2636,131800.0,-1.6549919843673706,-5.16010332107544,7.701548099517822
2637,131850.0,-1.6549919843673706,-5.16010332107544,7.701548099517822
2638,131900.0,-1.6549919843673706,-5.153519153594972,7.712920665740968
2639,131950.0,-1.6549919843673706,-5.153519153594972,7.712920665740968
2640,132000.0,-1.6549919843673706,-5.153519153594972,7.712920665740968
2641,132050.0,-1.6549919843673706,-5.153519153594972,7.712920665740968
2642,132100.0,-1.5987281799316406,-5.095459938049316,7.762600421905518
2643,132150.0,-1.5987281799316406,-5.095459938049316,7.762600421905518
2644,132200.0,-1.5987281799316406,-5.095459938049316,7.762600421905518
2645,132250.0,-1.5951368808746338,-5.157110691070557,7.736862659454347
2646,132300.0,-1.5951368808746338,-5.157110691070557,7.736862659454347
2647,132350.0,-1.5951368808746338,-5.157110691070557,7.736862659454347
2648,132400.0,-1.5951368808746338,-5.157110691070557,7.736862659454347
2649,132450.0,-1.6645687818527222,-5.16549015045166,7.735665798187256
2650,132500.0,-1.6645687818527222,-5.16549015045166,7.735665798187256
2651,132550.0,-1.6645687818527222,-5.16549015045166,7.735665798187256
2652,132600.0,-1.6645687818527222,-5.16549015045166,7.735665798187256
2653,132650.0,-1.6166846752166748,-5.157709121704102,7.724293231964111
2654,132700.0,-1.6166846752166748,-5.157709121704102,7.724293231964111
2655,132750.0,-1.6166846752166748,-5.157709121704102,7.724293231964111
2656,132800.0,-1.6645687818527222,-5.140350818634033,7.7631988525390625
2657,132850.0,-1.6645687818527222,-5.140350818634033,7.7631988525390625
2658,132900.0,-1.6645687818527222,-5.140350818634033,7.7631988525390625
2659,132950.0,-1.6645687818527222,-5.140350818634033,7.7631988525390625
2660,133000.0,-1.6579847335815432,-5.163694381713867,7.751826763153076
2661,133050.0,-1.6579847335815432,-5.163694381713867,7.751826763153076
2662,133100.0,-1.6579847335815432,-5.163694381713867,7.751826763153076
2663,133150.0,-1.6627731323242188,-5.166687488555908,7.705139636993407
2664,133200.0,-1.6627731323242188,-5.166687488555908,7.705139636993407
2665,133250.0,-1.6627731323242188,-5.166687488555908,7.705139636993407
2666,133300.0,-1.6627731323242188,-5.166687488555908,7.705139636993407
2667,133350.0,-1.6639702320098877,-5.173271179199219,7.733271598815918
2668,133400.0,-1.6639702320098877,-5.173271179199219,7.733271598815918
2669,133450.0,-1.6639702320098877,-5.173271179199219,7.733271598815918
2670,133500.0,-1.6639702320098877,-5.173271179199219,7.733271598815918
2671,133550.0,-1.6496049165725708,-5.1355624198913565,7.73207426071167
2672,133600.0,-1.6496049165725708,-5.1355624198913565,7.73207426071167
2673,133650.0,-1.6496049165725708,-5.1355624198913565,7.73207426071167
2674,133700.0,-1.6454150676727295,-5.155314922332764,7.734468460083008
2675,133750.0,-1.6454150676727295,-5.155314922332764,7.734468460083008
2676,133800.0,-1.6454150676727295,-5.155314922332764,7.734468460083008
2677,133850.0,-1.6454150676727295,-5.155314922332764,7.734468460083008
2678,133900.0,-1.6687586307525637,-5.164891719818115,7.7440452575683585
2679,133950.0,-1.6687586307525637,-5.164891719818115,7.7440452575683585
2680,134000.0,-1.6687586307525637,-5.164891719818115,7.7440452575683585
2681,134050.0,-1.659181833267212,-5.1361613273620605,7.756016254425049
2682,134100.0,-1.659181833267212,-5.1361613273620605,7.756016254425049
2683,134150.0,-1.659181833267212,-5.1361613273620605,7.756016254425049
2684,134200.0,-1.659181833267212,-5.1361613273620605,7.756016254425049
2685,134250.0,-1.6454150676727295,-5.1349639892578125,7.751826763153076
2686,134300.0,-1.6454150676727295,-5.1349639892578125,7.751826763153076
2687,134350.0,-1.6454150676727295,-5.1349639892578125,7.751826763153076
2688,134400.0,-1.6454150676727295,-5.1349639892578125,7.751826763153076
2689,134450.0,-1.6525976657867432,-5.128379821777344,7.73087739944458
2690,134500.0,-1.6525976657867432,-5.128379821777344,7.73087739944458
2691,134550.0,-1.6525976657867432,-5.128379821777344,7.73087739944458
2692,134600.0,-1.614290475845337,-5.087080001831055,7.761403560638428
2693,134650.0,-1.614290475845337,-5.087080001831055,7.761403560638428
2694,134700.0,-1.614290475845337,-5.087080001831055,7.761403560638428
2695,134750.0,-1.614290475845337,-5.087080001831055,7.761403560638428
2696,134800.0,-1.6262614727020264,-5.173870086669922,7.733870029449463
2697,134850.0,-1.6262614727020264,-5.173870086669922,7.733870029449463
2698,134900.0,-1.6262614727020264,-5.173870086669922,7.733870029449463
2699,134950.0,-1.7088614702224731,-5.171475887298584,7.682993412017822
2700,135000.0,-1.7088614702224731,-5.171475887298584,7.682993412017822
2701,135050.0,-1.7088614702224731,-5.171475887298584,7.682993412017822
2702,135100.0,-1.7088614702224731,-5.171475887298584,7.682993412017822
2703,135150.0,-1.6304513216018677,-5.172074317932129,7.720701694488525
2704,135200.0,-1.6304513216018677,-5.172074317932129,7.720701694488525
2705,135250.0,-1.6304513216018677,-5.172074317932129,7.720701694488525
2706,135300.0,-1.6304513216018677,-5.172074317932129,7.720701694488525
2707,135350.0,-1.615487575531006,-5.22833776473999,7.67461347579956
2708,135400.0,-1.615487575531006,-5.22833776473999,7.67461347579956
2709,135450.0,-1.615487575531006,-5.22833776473999,7.67461347579956
2710,135500.0,-1.6633716821670532,-5.190629482269287,7.693767070770264
2711,135550.0,-1.6633716821670532,-5.190629482269287,7.693767070770264
2712,135600.0,-1.6633716821670532,-5.190629482269287,7.693767070770264
2713,135650.0,-1.6633716821670532,-5.190629482269287,7.693767070770264
2714,135700.0,-1.6400281190872192,-5.196614742279053,7.711723804473878
2715,135750.0,-1.6400281190872192,-5.196614742279053,7.711723804473878
2716,135800.0,-1.6400281190872192,-5.196614742279053,7.711723804473878
2717,135850.0,-1.6855180263519287,-5.210381507873535,7.682394504547119
2718,135900.0,-1.6855180263519287,-5.210381507873535,7.682394504547119
2719,135950.0,-1.6855180263519287,-5.210381507873535,7.682394504547119
2720,136000.0,-1.6855180263519287,-5.210381507873535,7.682394504547119
2721,136050.0,-1.711255669593811,-5.2014031410217285,7.6590514183044425
2722,136100.0,-1.711255669593811,-5.2014031410217285,7.6590514183044425
2723,136150.0,-1.711255669593811,-5.2014031410217285,7.6590514183044425
2724,136200.0,-1.711255669593811,-5.2014031410217285,7.6590514183044425
2725,136250.0,-1.6436194181442259,-5.140949726104736,7.750629425048827
2726,136300.0,-1.6436194181442259,-5.140949726104736,7.750629425048827
2727,136350.0,-1.6436194181442259,-5.140949726104736,7.750629425048827
2728,136400.0,-1.6298527717590332,-5.197213172912598,7.7667903900146475
2729,136450.0,-1.6298527717590332,-5.197213172912598,7.7667903900146475
2730,136500.0,-1.6298527717590332,-5.197213172912598,7.7667903900146475
2731,136550.0,-1.6298527717590332,-5.197213172912598,7.7667903900146475
2732,136600.0,-1.6891093254089355,-5.1804537773132315,7.701548099517822
2733,136650.0,-1.6891093254089355,-5.1804537773132315,7.701548099517822
2734,136700.0,-1.6891093254089355,-5.1804537773132315,7.701548099517822
2735,136750.0,-1.6376339197158811,-5.13316822052002,7.7195048332214355
2736,136800.0,-1.6376339197158811,-5.13316822052002,7.7195048332214355
2737,136850.0,-1.6376339197158811,-5.13316822052002,7.7195048332214355
2738,136900.0,-1.6376339197158811,-5.13316822052002,7.7195048332214355
2739,136950.0,-1.6214730739593506,-5.155314922332764,7.787739753723144
2740,137000.0,-1.6214730739593506,-5.155314922332764,7.787739753723144
2741,137050.0,-1.6214730739593506,-5.155314922332764,7.787739753723144
2742,137100.0,-1.6214730739593506,-5.155314922332764,7.787739753723144
2743,137150.0,-1.600523829460144,-5.155314922332764,7.750030994415282
2744,137200.0,-1.600523829460144,-5.155314922332764,7.750030994415282
2745,137250.0,-1.600523829460144,-5.155314922332764,7.750030994415282
2746,137300.0,-1.6406266689300537,-5.159504890441895,7.766191959381103
2747,137350.0,-1.6406266689300537,-5.159504890441895,7.766191959381103
2748,137400.0,-1.6406266689300537,-5.159504890441895,7.766191959381103
2749,137450.0,-1.6406266689300537,-5.159504890441895,7.766191959381103
2750,137500.0,-1.690904974937439,-5.184045314788818,7.736862659454347
2751,137550.0,-1.690904974937439,-5.184045314788818,7.736862659454347
2752,137600.0,-1.690904974937439,-5.184045314788818,7.736862659454347
2753,137650.0,-1.6406266689300537,-5.148730754852295,7.720701694488525
2754,137700.0,-1.6406266689300537,-5.148730754852295,7.720701694488525
2755,137750.0,-1.6406266689300537,-5.148730754852295,7.720701694488525
2756,137800.0,-1.6406266689300537,-5.148730754852295,7.720701694488525
2757,137850.0,-1.6214730739593506,-5.170278549194336,7.723694801330566
2758,137900.0,-1.6214730739593506,-5.170278549194336,7.723694801330566
2759,137950.0,-1.6214730739593506,-5.170278549194336,7.723694801330566
2760,138000.0,-1.6214730739593506,-5.170278549194336,7.723694801330566
2761,138050.0,-1.6903064250946045,-5.169081687927246,7.72010326385498
2762,138100.0,-1.6903064250946045,-5.169081687927246,7.72010326385498
2763,138150.0,-1.6903064250946045,-5.169081687927246,7.72010326385498
2764,138200.0,-1.7166426181793213,-5.0894742012023935,7.707533836364746
2765,138250.0,-1.7166426181793213,-5.0894742012023935,7.707533836364746
2766,138300.0,-1.7166426181793213,-5.0894742012023935,7.707533836364746
2767,138350.0,-1.7166426181793213,-5.0894742012023935,7.707533836364746
2768,138400.0,-1.6424223184585571,-5.16549015045166,7.687182903289795
2769,138450.0,-1.6424223184585571,-5.16549015045166,7.687182903289795
2770,138500.0,-1.6424223184585571,-5.16549015045166,7.687182903289795
2771,138550.0,-1.6424223184585571,-5.16549015045166,7.687182903289795
2772,138600.0,-1.6537947654724119,-5.17746114730835,7.71471643447876
2773,138650.0,-1.6537947654724119,-5.17746114730835,7.71471643447876
2774,138700.0,-1.6537947654724119,-5.17746114730835,7.71471643447876
2775,138750.0,-1.61069917678833,-5.144540786743164,7.66922664642334
2776,138800.0,-1.61069917678833,-5.144540786743164,7.66922664642334
2777,138850.0,-1.61069917678833,-5.144540786743164,7.66922664642334
2778,138900.0,-1.61069917678833,-5.144540786743164,7.66922664642334
2779,138950.0,-1.876455545425415,-5.3133320808410645,7.557297706604004
2780,139000.0,-1.876455545425415,-5.3133320808410645,7.557297706604004
2781,139050.0,-1.876455545425415,-5.3133320808410645,7.557297706604004
2782,139100.0,-1.7591396570205688,-5.2887916564941415,7.691971302032472
2783,139150.0,-1.7591396570205688,-5.2887916564941415,7.691971302032472
2784,139200.0,-1.7591396570205688,-5.2887916564941415,7.691971302032472
2785,139250.0,-1.7591396570205688,-5.2887916564941415,7.691971302032472
2786,139300.0,-1.687313675880432,-5.355829238891602,7.585429668426514
2787,139350.0,-1.687313675880432,-5.355829238891602,7.585429668426514
2788,139400.0,-1.687313675880432,-5.355829238891602,7.585429668426514
2789,139450.0,-1.687313675880432,-5.355829238891602,7.585429668426514
2790,139500.0,-1.6849194765090942,-5.299565315246582,7.648875713348389
2791,139550.0,-1.6849194765090942,-5.299565315246582,7.648875713348389
2792,139600.0,-1.6849194765090942,-5.299565315246582,7.648875713348389
2793,139650.0,-1.6322469711303709,-5.262455463409424,7.694964408874513
2794,139700.0,-1.6322469711303709,-5.262455463409424,7.694964408874513
2795,139750.0,-1.6322469711303709,-5.262455463409424,7.694964408874513
2796,139800.0,-1.6322469711303709,-5.262455463409424,7.694964408874513
2797,139850.0,-1.6615760326385498,-5.310339450836182,7.6566572189331055
2798,139900.0,-1.6615760326385498,-5.310339450836182,7.6566572189331055
2799,139950.0,-1.6615760326385498,-5.310339450836182,7.6566572189331055
2800,140000.0,-1.7818846702575684,-5.171475887298584,7.717110633850098
2801,140050.0,-1.7818846702575684,-5.171475887298584,7.717110633850098
2802,140100.0,-1.7818846702575684,-5.171475887298584,7.717110633850098
2803,140150.0,-1.7818846702575684,-5.171475887298584,7.717110633850098
2804,140200.0,-1.6136919260025024,-5.191227912902832,7.793126583099365
2805,140250.0,-1.6136919260025024,-5.191227912902832,7.793126583099365
2806,140300.0,-1.6136919260025024,-5.191227912902832,7.793126583099365
2807,140350.0,-1.655590534210205,-5.172074317932129,7.663240909576416
2808,140400.0,-1.655590534210205,-5.172074317932129,7.663240909576416
2809,140450.0,-1.655590534210205,-5.172074317932129,7.663240909576416
2810,140500.0,-1.655590534210205,-5.172074317932129,7.663240909576416
2811,140550.0,-1.687313675880432,-5.221155166625977,7.704541206359862
2812,140600.0,-1.687313675880432,-5.221155166625977,7.704541206359862
2813,140650.0,-1.687313675880432,-5.221155166625977,7.704541206359862
2814,140700.0,-1.687313675880432,-5.221155166625977,7.704541206359862
2815,140750.0,-1.6831238269805908,-5.188833713531494,7.70274543762207
2816,140800.0,-1.6831238269805908,-5.188833713531494,7.70274543762207
2817,140850.0,-1.6831238269805908,-5.188833713531494,7.70274543762207
2818,140900.0,-1.6352397203445437,-5.147533416748047,7.76020622253418
2819,140950.0,-1.6352397203445437,-5.147533416748047,7.76020622253418
2820,141000.0,-1.6352397203445437,-5.147533416748047,7.76020622253418
2821,141050.0,-1.6352397203445437,-5.147533416748047,7.76020622253418
2822,141100.0,-1.58795428276062,-5.138555526733398,7.728483200073242
2823,141150.0,-1.58795428276062,-5.138555526733398,7.728483200073242
2824,141200.0,-1.58795428276062,-5.138555526733398,7.728483200073242
2825,141250.0,-1.58795428276062,-5.138555526733398,7.728483200073242
2826,141300.0,-1.6124948263168335,-5.2229509353637695,7.727884769439697
2827,141350.0,-1.6124948263168335,-5.2229509353637695,7.727884769439697
2828,141400.0,-1.6124948263168335,-5.2229509353637695,7.727884769439697
2829,141450.0,-1.7136498689651491,-5.183446884155273,7.689577102661133
2830,141500.0,-1.7136498689651491,-5.183446884155273,7.689577102661133
2831,141550.0,-1.7136498689651491,-5.183446884155273,7.689577102661133
2832,141600.0,-1.7136498689651491,-5.183446884155273,7.689577102661133
2833,141650.0,-1.6268600225448608,-5.174468517303467,7.6740150451660165
2834,141700.0,-1.6268600225448608,-5.174468517303467,7.6740150451660165
2835,141750.0,-1.6268600225448608,-5.174468517303467,7.6740150451660165
2836,141800.0,-1.6699557304382324,-5.14813232421875,7.717110633850098
2837,141850.0,-1.6699557304382324,-5.14813232421875,7.717110633850098
2838,141900.0,-1.6699557304382324,-5.14813232421875,7.717110633850098
2839,141950.0,-1.6699557304382324,-5.14813232421875,7.717110633850098
2840,142000.0,-1.6298527717590332,-5.188833713531494,7.704541206359862
2841,142050.0,-1.6298527717590332,-5.188833713531494,7.704541206359862
2842,142100.0,-1.6298527717590332,-5.188833713531494,7.704541206359862
2843,142150.0,-1.6298527717590332,-5.188833713531494,7.704541206359862
2844,142200.0,-1.7088614702224731,-5.213972568511963,7.660248279571532
2845,142250.0,-1.7088614702224731,-5.213972568511963,7.660248279571532
2846,142300.0,-1.7088614702224731,-5.213972568511963,7.660248279571532
2847,142350.0,-1.722628116607666,-5.154716491699219,7.723096370697021
2848,142400.0,-1.722628116607666,-5.154716491699219,7.723096370697021
2849,142450.0,-1.722628116607666,-5.154716491699219,7.723096370697021
2850,142500.0,-1.722628116607666,-5.154716491699219,7.723096370697021
2851,142550.0,-1.6861165761947632,-5.145139217376709,7.717709064483643
2852,142600.0,-1.6861165761947632,-5.145139217376709,7.717709064483643
2853,142650.0,-1.6861165761947632,-5.145139217376709,7.717709064483643
2854,142700.0,-1.6502034664154053,-5.167884349822998,7.727884769439697
2855,142750.0,-1.6502034664154053,-5.167884349822998,7.727884769439697
2856,142800.0,-1.6502034664154053,-5.167884349822998,7.727884769439697
2857,142850.0,-1.6502034664154053,-5.167884349822998,7.727884769439697
2858,142900.0,-1.7076643705368042,-5.155314922332764,7.71591329574585
2859,142950.0,-1.7076643705368042,-5.155314922332764,7.71591329574585
2860,143000.0,-1.7076643705368042,-5.155314922332764,7.71591329574585
2861,143050.0,-1.7076643705368042,-5.155314922332764,7.71591329574585
2862,143100.0,-1.655590534210205,-5.348048210144043,7.663839817047119
2863,143150.0,-1.655590534210205,-5.348048210144043,7.663839817047119
2864,143200.0,-1.655590534210205,-5.348048210144043,7.663839817047119
2865,143250.0,-1.8997989892959597,-5.23911190032959,7.72010326385498
2866,143300.0,-1.8997989892959597,-5.23911190032959,7.72010326385498
2867,143350.0,-1.8997989892959597,-5.23911190032959,7.72010326385498
2868,143400.0,-1.8997989892959597,-5.23911190032959,7.72010326385498
2869,143450.0,-1.6693571805953982,-5.303156852722168,7.600393295288086
2870,143500.0,-1.6693571805953982,-5.303156852722168,7.600393295288086
2871,143550.0,-1.6693571805953982,-5.303156852722168,7.600393295288086
2872,143600.0,-1.5412673950195312,-5.25527286529541,7.675810813903809
2873,143650.0,-1.5412673950195312,-5.25527286529541,7.675810813903809
2874,143700.0,-1.5412673950195312,-5.25527286529541,7.675810813903809
2875,143750.0,-1.5412673950195312,-5.25527286529541,7.675810813903809
2876,143800.0,-1.6633716821670532,-5.141548156738281,7.795520782470702
2877,143850.0,-1.6633716821670532,-5.141548156738281,7.795520782470702
2878,143900.0,-1.6633716821670532,-5.141548156738281,7.795520782470702
2879,143950.0,-1.6633716821670532,-5.141548156738281,7.795520782470702
2880,144000.0,-1.656787633895874,-5.25527286529541,7.7410526275634775
2881,144050.0,-1.656787633895874,-5.25527286529541,7.7410526275634775
2882,144100.0,-1.656787633895874,-5.25527286529541,7.7410526275634775
2883,144150.0,-1.5831658840179443,-5.281010627746582,7.6752119064331055
2884,144200.0,-1.5831658840179443,-5.281010627746582,7.6752119064331055
2885,144250.0,-1.5831658840179443,-5.281010627746582,7.6752119064331055
2886,144300.0,-1.5831658840179443,-5.281010627746582,7.6752119064331055
2887,144350.0,-1.7842788696289065,-5.248688697814941,7.5668745040893555
2888,144400.0,-1.7842788696289065,-5.248688697814941,7.5668745040893555
2889,144450.0,-1.7842788696289065,-5.248688697814941,7.5668745040893555
2890,144500.0,-1.7375918626785278,-5.196016311645508,7.648277282714844
2891,144550.0,-1.7375918626785278,-5.196016311645508,7.648277282714844
2892,144600.0,-1.7375918626785278,-5.196016311645508,7.648277282714844
2893,144650.0,-1.7375918626785278,-5.196016311645508,7.648277282714844
2894,144700.0,-1.7627309560775757,-5.246294498443604,7.576451301574707
2895,144750.0,-1.7627309560775757,-5.246294498443604,7.576451301574707
2896,144800.0,-1.7627309560775757,-5.246294498443604,7.576451301574707
2897,144850.0,-1.7627309560775757,-5.246294498443604,7.576451301574707
2898,144900.0,-1.6657658815383911,-5.243301868438722,7.67042350769043
2899,144950.0,-1.6657658815383911,-5.243301868438722,7.67042350769043
2900,145000.0,-1.6657658815383911,-5.243301868438722,7.67042350769043
2901,145050.0,-1.648407816886902,-5.2893900871276855,7.645883083343506
2902,145100.0,-1.648407816886902,-5.2893900871276855,7.645883083343506
2903,145150.0,-1.648407816886902,-5.2893900871276855,7.645883083343506
2904,145200.0,-1.648407816886902,-5.2893900871276855,7.645883083343506
2905,145250.0,-1.8800468444824217,-5.200206279754639,7.728483200073242
2906,145300.0,-1.8800468444824217,-5.200206279754639,7.728483200073242
2907,145350.0,-1.8800468444824217,-5.200206279754639,7.728483200073242
2908,145400.0,-1.7130513191223145,-5.174468517303467,7.586028099060059
2909,145450.0,-1.7130513191223145,-5.174468517303467,7.586028099060059
2910,145500.0,-1.7130513191223145,-5.174468517303467,7.586028099060059
2911,145550.0,-1.7130513191223145,-5.174468517303467,7.586028099060059
2912,145600.0,-1.659181833267212,-5.104437828063965,7.733271598815918
2913,145650.0,-1.659181833267212,-5.104437828063965,7.733271598815918
2914,145700.0,-1.659181833267212,-5.104437828063965,7.733271598815918
2915,145750.0,-1.659181833267212,-5.104437828063965,7.733271598815918
2916,145800.0,-1.6579847335815432,-5.179855346679688,7.73207426071167
2917,145850.0,-1.6579847335815432,-5.179855346679688,7.73207426071167
2918,145900.0,-1.6579847335815432,-5.179855346679688,7.73207426071167
2919,145950.0,-1.615487575531006,-5.164891719818115,7.773374557495117
2920,146000.0,-1.615487575531006,-5.164891719818115,7.773374557495117
2921,146050.0,-1.615487575531006,-5.164891719818115,7.773374557495117
2922,146100.0,-1.615487575531006,-5.164891719818115,7.773374557495117
2923,146150.0,-1.656787633895874,-5.190030574798584,7.724293231964111
2924,146200.0,-1.656787633895874,-5.190030574798584,7.724293231964111
2925,146250.0,-1.656787633895874,-5.190030574798584,7.724293231964111
2926,146300.0,-1.7088614702224731,-5.192424774169922,7.680000305175781
2927,146350.0,-1.7088614702224731,-5.192424774169922,7.680000305175781
2928,146400.0,-1.7088614702224731,-5.192424774169922,7.680000305175781
2929,146450.0,-1.7088614702224731,-5.192424774169922,7.680000305175781
2930,146500.0,-1.7088614702224731,-5.192424774169922,7.680000305175781
2931,146550.0,-1.7298107147216797,-5.208585739135742,7.757213592529298
2932,146600.0,-1.7298107147216797,-5.208585739135742,7.757213592529298
2933,146650.0,-1.7298107147216797,-5.208585739135742,7.757213592529298
2934,146700.0,-1.614290475845337,-5.169680118560791,7.709329605102539
2935,146750.0,-1.614290475845337,-5.169680118560791,7.709329605102539
2936,146800.0,-1.614290475845337,-5.169680118560791,7.709329605102539
2937,146850.0,-1.6537947654724119,-5.220556735992432,7.680000305175781
2938,146900.0,-1.6537947654724119,-5.220556735992432,7.680000305175781
2939,146950.0,-1.6537947654724119,-5.220556735992432,7.680000305175781
2940,147000.0,-1.6537947654724119,-5.220556735992432,7.680000305175781
2941,147050.0,-1.5951368808746338,-5.1804537773132315,7.697957038879394
2942,147100.0,-1.5951368808746338,-5.1804537773132315,7.697957038879394
2943,147150.0,-1.5951368808746338,-5.1804537773132315,7.697957038879394
2944,147200.0,-1.7286136150360107,-5.197213172912598,7.716512203216553
2945,147250.0,-1.7286136150360107,-5.197213172912598,7.716512203216553
2946,147300.0,-1.7286136150360107,-5.197213172912598,7.716512203216553
2947,147350.0,-1.7286136150360107,-5.197213172912598,7.716512203216553
2948,147400.0,-1.6490063667297363,-5.155314922332764,7.687182903289795
2949,147450.0,-1.6490063667297363,-5.155314922332764,7.687182903289795
2950,147500.0,-1.6490063667297363,-5.155314922332764,7.687182903289795
2951,147550.0,-1.6490063667297363,-5.155314922332764,7.687182903289795
2952,147600.0,-1.656787633895874,-5.189432144165039,7.815272808074951
2953,147650.0,-1.656787633895874,-5.189432144165039,7.815272808074951
2954,147700.0,-1.656787633895874,-5.189432144165039,7.815272808074951
2955,147750.0,-1.768117904663086,-5.105036735534668,7.701548099517822
2956,147800.0,-1.768117904663086,-5.105036735534668,7.701548099517822
2957,147850.0,-1.768117904663086,-5.105036735534668,7.701548099517822
2958,147900.0,-1.768117904663086,-5.105036735534668,7.701548099517822
2959,147950.0,-1.6825252771377563,-5.1361613273620605,7.7189064025878915
2960,148000.0,-1.6825252771377563,-5.1361613273620605,7.7189064025878915
2961,148050.0,-1.6825252771377563,-5.1361613273620605,7.7189064025878915
2962,148100.0,-1.6603789329528809,-5.16549015045166,7.769783020019531
2963,148150.0,-1.6603789329528809,-5.16549015045166,7.769783020019531
2964,148200.0,-1.6603789329528809,-5.16549015045166,7.769783020019531
2965,148250.0,-1.6603789329528809,-5.16549015045166,7.769783020019531
2966,148300.0,-1.6160861253738403,-5.219359874725342,7.688978672027588
2967,148350.0,-1.6160861253738403,-5.219359874725342,7.688978672027588
2968,148400.0,-1.6160861253738403,-5.219359874725342,7.688978672027588
2969,148450.0,-1.6160861253738403,-5.219359874725342,7.688978672027588
2970,148500.0,-1.714846968650818,-5.161300182342528,7.736862659454347
2971,148550.0,-1.714846968650818,-5.161300182342528,7.736862659454347
2972,148600.0,-1.714846968650818,-5.161300182342528,7.736862659454347
2973,148650.0,-1.5759832859039309,-5.183446884155273,7.700351238250732
2974,148700.0,-1.5759832859039309,-5.183446884155273,7.700351238250732
2975,148750.0,-1.5759832859039309,-5.183446884155273,7.700351238250732
2976,148800.0,-1.5759832859039309,-5.183446884155273,7.700351238250732
2977,148850.0,-1.7328034639358518,-5.172672748565674,7.739256858825684
2978,148900.0,-1.7328034639358518,-5.172672748565674,7.739256858825684
2979,148950.0,-1.7328034639358518,-5.172672748565674,7.739256858825684
2980,149000.0,-1.7088614702224731,-5.187636375427246,7.7195048332214355
2981,149050.0,-1.7088614702224731,-5.187636375427246,7.7195048332214355
2982,149100.0,-1.7088614702224731,-5.187636375427246,7.7195048332214355
2983,149150.0,-1.7088614702224731,-5.187636375427246,7.7195048332214355
2984,149200.0,-1.7435773611068726,-5.168482780456543,7.7470383644104
2985,149250.0,-1.7435773611068726,-5.168482780456543,7.7470383644104
2986,149300.0,-1.7435773611068726,-5.168482780456543,7.7470383644104
2987,149350.0,-1.7435773611068726,-5.168482780456543,7.7470383644104
2988,149400.0,-1.6053122282028198,-5.150526523590088,7.708730697631836
2989,149450.0,-1.6053122282028198,-5.150526523590088,7.708730697631836
2990,149500.0,-1.6053122282028198,-5.150526523590088,7.708730697631836
2991,149550.0,-1.778891921043396,-5.17626428604126,7.732673168182372
2992,149600.0,-1.778891921043396,-5.17626428604126,7.732673168182372
2993,149650.0,-1.778891921043396,-5.17626428604126,7.732673168182372
2994,149700.0,-1.778891921043396,-5.17626428604126,7.732673168182372
2995,149750.0,-1.6502034664154053,-5.108627796173097,7.663240909576416
2996,149800.0,-1.6502034664154053,-5.108627796173097,7.663240909576416
2997,149850.0,-1.6502034664154053,-5.108627796173097,7.663240909576416
2998,149900.0,-1.6675615310668943,-5.145139217376709,7.673416614532472
2999,149950.0,-1.6675615310668943,-5.145139217376709,7.673416614532472
3000,150000.0,-1.6675615310668943,-5.145139217376709,7.673416614532472
3001,150050.0,-1.6675615310668943,-5.145139217376709,7.673416614532472
3002,150100.0,-1.6645687818527222,-5.21097993850708,7.70274543762207
3003,150150.0,-1.6645687818527222,-5.21097993850708,7.70274543762207
3004,150200.0,-1.6645687818527222,-5.21097993850708,7.70274543762207
3005,150250.0,-1.6645687818527222,-5.21097993850708,7.70274543762207
3006,150300.0,-1.6340426206588743,-5.130774021148682,7.770980358123778
3007,150350.0,-1.6340426206588743,-5.130774021148682,7.770980358123778
3008,150400.0,-1.6340426206588743,-5.130774021148682,7.770980358123778
3009,150450.0,-1.3934253454208374,-5.151723384857178,7.645284652709961
3010,150500.0,-1.3934253454208374,-5.151723384857178,7.645284652709961
3011,150550.0,-1.3934253454208374,-5.151723384857178,7.645284652709961
3012,150600.0,-1.3934253454208374,-5.151723384857178,7.645284652709961
3013,150650.0,-1.722628116607666,-5.100846767425537,7.820659637451173
3014,150700.0,-1.722628116607666,-5.100846767425537,7.820659637451173
3015,150750.0,-1.722628116607666,-5.100846767425537,7.820659637451173
3016,150800.0,-1.722628116607666,-5.100846767425537,7.820659637451173
3017,150850.0,-1.567603588104248,-5.51085376739502,7.530961513519287
3018,150900.0,-1.567603588104248,-5.51085376739502,7.530961513519287
3019,150950.0,-1.567603588104248,-5.51085376739502,7.530961513519287
3020,151000.0,-2.011129379272461,-5.013458251953125,7.787739753723144
3021,151050.0,-2.011129379272461,-5.013458251953125,7.787739753723144
3022,151100.0,-2.011129379272461,-5.013458251953125,7.787739753723144
3023,151150.0,-2.011129379272461,-5.013458251953125,7.787739753723144
3024,151200.0,-1.5286977291107178,-4.926668643951416,7.51779317855835
3025,151250.0,-1.5286977291107178,-4.926668643951416,7.51779317855835
3026,151300.0,-1.5286977291107178,-4.926668643951416,7.51779317855835
3027,151350.0,-2.559401512145996,-5.254673957824707,7.841010570526122
3028,151400.0,-2.559401512145996,-5.254673957824707,7.841010570526122
3029,151450.0,-2.559401512145996,-5.254673957824707,7.841010570526122
3030,151500.0,-2.559401512145996,-5.254673957824707,7.841010570526122
3031,151550.0,-1.9003976583480835,-5.433042049407959,7.390900611877441
3032,151600.0,-1.9003976583480835,-5.433042049407959,7.390900611877441
3033,151650.0,-1.9003976583480835,-5.433042049407959,7.390900611877441
3034,151700.0,-1.9003976583480835,-5.433042049407959,7.390900611877441
3035,151750.0,-1.8112136125564573,-5.146934986114502,7.638700485229492
3036,151800.0,-1.8112136125564573,-5.146934986114502,7.638700485229492
3037,151850.0,-1.8112136125564573,-5.146934986114502,7.638700485229492
3038,151900.0,-1.9183541536331177,-5.149928092956543,7.7889366149902335
3039,151950.0,-1.9183541536331177,-5.149928092956543,7.7889366149902335
3040,152000.0,-1.9183541536331177,-5.149928092956543,7.7889366149902335
3041,152050.0,-1.9183541536331177,-5.149928092956543,7.7889366149902335
3042,152100.0,-2.1284453868865967,-5.472546577453613,7.4316020011901855
3043,152150.0,-2.1284453868865967,-5.472546577453613,7.4316020011901855
3044,152200.0,-2.1284453868865967,-5.472546577453613,7.4316020011901855
3045,152250.0,-2.1487960815429688,-5.106233596801758,7.766191959381103
3046,152300.0,-2.1487960815429688,-5.106233596801758,7.766191959381103
3047,152350.0,-2.1487960815429688,-5.106233596801758,7.766191959381103
3048,152400.0,-2.1487960815429688,-5.106233596801758,7.766191959381103
3049,152450.0,-1.8974047899246216,-5.328295707702637,7.597999095916747
3050,152500.0,-1.8974047899246216,-5.328295707702637,7.597999095916747
3051,152550.0,-1.8974047899246216,-5.328295707702637,7.597999095916747
3052,152600.0,-1.8974047899246216,-5.328295707702637,7.597999095916747
3053,152650.0,-1.9758149385452268,-5.142146587371826,7.7859439849853525
3054,152700.0,-1.9758149385452268,-5.142146587371826,7.7859439849853525
3055,152750.0,-1.9758149385452268,-5.142146587371826,7.7859439849853525
3056,152800.0,-1.913565754890442,-5.140350818634033,7.682993412017822
3057,152850.0,-1.913565754890442,-5.140350818634033,7.682993412017822
3058,152900.0,-1.913565754890442,-5.140350818634033,7.682993412017822
3059,152950.0,-1.913565754890442,-5.140350818634033,7.682993412017822
3060,153000.0,-1.781286120414734,-5.194220542907715,7.654263019561768
3061,153050.0,-1.781286120414734,-5.194220542907715,7.654263019561768
3062,153100.0,-1.781286120414734,-5.194220542907715,7.654263019561768
3063,153150.0,-1.6927006244659424,-5.7065796852111825,7.289146900177003
3064,153200.0,-1.6927006244659424,-5.7065796852111825,7.289146900177003
3065,153250.0,-1.6927006244659424,-5.7065796852111825,7.289146900177003
3066,153300.0,-1.6927006244659424,-5.7065796852111825,7.289146900177003
3067,153350.0,-1.8285715579986568,-4.576516628265381,7.9385743141174325
3068,153400.0,-1.8285715579986568,-4.576516628265381,7.9385743141174325
3069,153450.0,-1.8285715579986568,-4.576516628265381,7.9385743141174325
3070,153500.0,-1.7190368175506592,-5.6437320709228525,7.195174694061278
3071,153550.0,-1.7190368175506592,-5.6437320709228525,7.195174694061278
3072,153600.0,-1.7190368175506592,-5.6437320709228525,7.195174694061278
3073,153650.0,-1.7190368175506592,-5.6437320709228525,7.195174694061278
3074,153700.0,-1.5364789962768557,-4.921281814575195,8.075043678283691
3075,153750.0,-1.5364789962768557,-4.921281814575195,8.075043678283691
3076,153800.0,-1.5364789962768557,-4.921281814575195,8.075043678283691
3077,153850.0,-1.5364789962768557,-4.921281814575195,8.075043678283691
3078,153900.0,-2.346317768096924,-5.50007963180542,7.781754016876222
3079,153950.0,-2.346317768096924,-5.50007963180542,7.781754016876222
3080,154000.0,-2.346317768096924,-5.50007963180542,7.781754016876222
3081,154050.0,-1.300650119781494,-5.708375453948975,7.645883083343506
3082,154100.0,-1.300650119781494,-5.708375453948975,7.645883083343506
3083,154150.0,-1.300650119781494,-5.708375453948975,7.645883083343506
3084,154200.0,-1.300650119781494,-5.708375453948975,7.645883083343506
3085,154250.0,-2.9221231937408447,-4.593874454498291,8.508394241333008
3086,154300.0,-2.9221231937408447,-4.593874454498291,8.508394241333008
3087,154350.0,-2.9221231937408447,-4.593874454498291,8.508394241333008
3088,154400.0,-2.9221231937408447,-4.593874454498291,8.508394241333008
3089,154450.0,-1.4670470952987669,-6.2392897605896,7.422025203704834
3090,154500.0,-1.4670470952987669,-6.2392897605896,7.422025203704834
3091,154550.0,-1.4670470952987669,-6.2392897605896,7.422025203704834
3092,154600.0,-2.6342203617095947,-4.696226596832275,8.295310020446777
3093,154650.0,-2.6342203617095947,-4.696226596832275,8.295310020446777
3094,154700.0,-2.6342203617095947,-4.696226596832275,8.295310020446777
3095,154750.0,-2.6342203617095947,-4.696226596832275,8.295310020446777
3096,154800.0,-1.4873977899551392,-5.504269599914551,7.590218067169189
3097,154850.0,-1.4873977899551392,-5.504269599914551,7.590218067169189
3098,154900.0,-1.4873977899551392,-5.504269599914551,7.590218067169189
3099,154950.0,-2.691681146621704,-5.051765441894531,7.517194747924805
3100,155000.0,-2.691681146621704,-5.051765441894531,7.517194747924805
3101,155050.0,-2.691681146621704,-5.051765441894531,7.517194747924805
3102,155100.0,-2.691681146621704,-5.051765441894531,7.517194747924805
3103,155150.0,-1.701080322265625,-5.319916248321533,7.380126953125
3104,155200.0,-1.701080322265625,-5.319916248321533,7.380126953125
3105,155250.0,-1.701080322265625,-5.319916248321533,7.380126953125
3106,155300.0,-1.701080322265625,-5.319916248321533,7.380126953125
3107,155350.0,-1.8842366933822632,-5.23911190032959,7.620145320892334
3108,155400.0,-1.8842366933822632,-5.23911190032959,7.620145320892334
3109,155450.0,-1.8842366933822632,-5.23911190032959,7.620145320892334
3110,155500.0,-1.8261773586273196,-5.286995887756348,7.644087314605713
3111,155550.0,-1.8261773586273196,-5.286995887756348,7.644087314605713
3112,155600.0,-1.8261773586273196,-5.286995887756348,7.644087314605713
3113,155650.0,-1.8261773586273196,-5.286995887756348,7.644087314605713
3114,155700.0,-1.7723077535629272,-5.13735818862915,7.834426403045653
3115,155750.0,-1.7723077535629272,-5.13735818862915,7.834426403045653
3116,155800.0,-1.7723077535629272,-5.13735818862915,7.834426403045653
3117,155850.0,-1.8255788087844849,-5.137956619262695,7.738059997558594
3118,155900.0,-1.8255788087844849,-5.137956619262695,7.738059997558594
3119,155950.0,-1.8255788087844849,-5.137956619262695,7.738059997558594
3120,156000.0,-1.8255788087844849,-5.137956619262695,7.738059997558594
3121,156050.0,-1.7220295667648315,-5.103240966796875,7.671022415161133
3122,156100.0,-1.7220295667648315,-5.103240966796875,7.671022415161133
3123,156150.0,-1.7220295667648315,-5.103240966796875,7.671022415161133
3124,156200.0,-1.7220295667648315,-5.103240966796875,7.671022415161133
3125,156250.0,-1.835754156112671,-5.166687488555908,7.727285861968994
3126,156300.0,-1.835754156112671,-5.166687488555908,7.727285861968994
3127,156350.0,-1.835754156112671,-5.166687488555908,7.727285861968994
3128,156400.0,-1.9045875072479248,-5.051167011260986,7.800309181213379
3129,156450.0,-1.9045875072479248,-5.051167011260986,7.800309181213379
3130,156500.0,-1.9045875072479248,-5.051167011260986,7.800309181213379
3131,156550.0,-1.9045875072479248,-5.051167011260986,7.800309181213379
3132,156600.0,-1.6639702320098877,-5.155314922332764,7.72010326385498
3133,156650.0,-1.6639702320098877,-5.155314922332764,7.72010326385498
3134,156700.0,-1.6639702320098877,-5.155314922332764,7.72010326385498
3135,156750.0,-1.7956513166427612,-5.113416194915772,7.775768756866455
3136,156800.0,-1.7956513166427612,-5.113416194915772,7.775768756866455
3137,156850.0,-1.7956513166427612,-5.113416194915772,7.775768756866455
3138,156900.0,-1.7956513166427612,-5.113416194915772,7.775768756866455
3139,156950.0,-1.872864246368408,-5.173271179199219,7.689577102661133
3140,157000.0,-1.872864246368408,-5.173271179199219,7.689577102661133
3141,157050.0,-1.872864246368408,-5.173271179199219,7.689577102661133
3142,157100.0,-1.872864246368408,-5.173271179199219,7.689577102661133
3143,157150.0,-1.734000563621521,-5.063138008117676,7.712920665740968
3144,157200.0,-1.734000563621521,-5.063138008117676,7.712920665740968
3145,157250.0,-1.734000563621521,-5.063138008117676,7.712920665740968
3146,157300.0,-1.9602526426315308,-5.053561210632324,7.787739753723144
3147,157350.0,-1.9602526426315308,-5.053561210632324,7.787739753723144
3148,157400.0,-1.9602526426315308,-5.053561210632324,7.787739753723144
3149,157450.0,-1.9602526426315308,-5.053561210632324,7.787739753723144
3150,157500.0,-2.08594822883606,-5.200804710388184,7.693168640136719
3151,157550.0,-2.08594822883606,-5.200804710388184,7.693168640136719
3152,157600.0,-2.08594822883606,-5.200804710388184,7.693168640136719
3153,157650.0,-2.075174331665039,-5.202600479125977,7.644087314605713
3154,157700.0,-2.075174331665039,-5.202600479125977,7.644087314605713
3155,157750.0,-2.075174331665039,-5.202600479125977,7.644087314605713
3156,157800.0,-2.075174331665039,-5.202600479125977,7.644087314605713
3157,157850.0,-1.9405004978179927,-5.076306343078613,7.74823522567749
3158,157900.0,-1.9405004978179927,-5.076306343078613,7.74823522567749
3159,157950.0,-1.9405004978179927,-5.076306343078613,7.74823522567749
3160,158000.0,-1.9405004978179927,-5.076306343078613,7.74823522567749
3161,158050.0,-1.9482816457748413,-5.184643745422363,7.7637977600097665
3162,158100.0,-1.9482816457748413,-5.184643745422363,7.7637977600097665
3163,158150.0,-1.9482816457748413,-5.184643745422363,7.7637977600097665
3164,158200.0,-1.8225860595703125,-5.117606163024902,7.709928035736084
3165,158250.0,-1.8225860595703125,-5.117606163024902,7.709928035736084
3166,158300.0,-1.8225860595703125,-5.117606163024902,7.709928035736084
3167,158350.0,-1.8225860595703125,-5.117606163024902,7.709928035736084
3168,158400.0,-1.8339585065841677,-5.133767127990723,7.772177219390869
3169,158450.0,-1.8339585065841677,-5.133767127990723,7.772177219390869
3170,158500.0,-1.8339585065841677,-5.133767127990723,7.772177219390869
3171,158550.0,-1.8189947605133057,-5.125985622406006,7.6764092445373535
3172,158600.0,-1.8189947605133057,-5.125985622406006,7.6764092445373535
3173,158650.0,-1.8189947605133057,-5.125985622406006,7.6764092445373535
3174,158700.0,-1.8189947605133057,-5.125985622406006,7.6764092445373535
3175,158750.0,-1.8716671466827397,-5.127182960510254,7.694964408874513
3176,158800.0,-1.8716671466827397,-5.127182960510254,7.694964408874513
3177,158850.0,-1.8716671466827397,-5.127182960510254,7.694964408874513
3178,158900.0,-1.8716671466827397,-5.127182960510254,7.694964408874513
3179,158950.0,-1.8237831592559812,-5.105036735534668,7.6961612701416025
3180,159000.0,-1.8237831592559812,-5.105036735534668,7.6961612701416025
3181,159050.0,-1.8237831592559812,-5.105036735534668,7.6961612701416025
3182,159100.0,-1.8590975999832156,-5.113416194915772,7.713519096374513
3183,159150.0,-1.8590975999832156,-5.113416194915772,7.713519096374513
3184,159200.0,-1.8590975999832156,-5.113416194915772,7.713519096374513
3185,159250.0,-1.8590975999832156,-5.113416194915772,7.713519096374513
3186,159300.0,-1.8303672075271609,-5.129577159881592,7.7410526275634775
3187,159350.0,-1.8303672075271609,-5.129577159881592,7.7410526275634775
3188,159400.0,-1.8303672075271609,-5.129577159881592,7.7410526275634775
3189,159450.0,-1.8112136125564573,-5.155314922332764,7.693168640136719
3190,159500.0,-1.8112136125564573,-5.155314922332764,7.693168640136719
3191,159550.0,-1.8112136125564573,-5.155314922332764,7.693168640136719
3192,159600.0,-1.8112136125564573,-5.155314922332764,7.693168640136719
3193,159650.0,-1.8740613460540767,-5.118204593658447,7.72010326385498
3194,159700.0,-1.8740613460540767,-5.118204593658447,7.72010326385498
3195,159750.0,-1.8740613460540767,-5.118204593658447,7.72010326385498
3196,159800.0,-1.8740613460540767,-5.118204593658447,7.72010326385498
3197,159850.0,-1.908178806304932,-5.183446884155273,7.6740150451660165
3198,159900.0,-1.908178806304932,-5.183446884155273,7.6740150451660165
3199,159950.0,-1.908178806304932,-5.183446884155273,7.6740150451660165
3200,160000.0,-1.820790410041809,-5.081094741821289,7.70394229888916
3201,160050.0,-1.820790410041809,-5.081094741821289,7.70394229888916
3202,160100.0,-1.820790410041809,-5.081094741821289,7.70394229888916
3203,160150.0,-1.820790410041809,-5.081094741821289,7.70394229888916
3204,160200.0,-1.8303672075271609,-5.1565117835998535,7.680000305175781
3205,160250.0,-1.8303672075271609,-5.1565117835998535,7.680000305175781
3206,160300.0,-1.8303672075271609,-5.1565117835998535,7.680000305175781
3207,160350.0,-1.7884687185287476,-5.113416194915772,7.759607791900635
3208,160400.0,-1.7884687185287476,-5.113416194915772,7.759607791900635
3209,160450.0,-1.7884687185287476,-5.113416194915772,7.759607791900635
3210,160500.0,-1.7884687185287476,-5.113416194915772,7.759607791900635
3211,160550.0,-1.7932571172714231,-5.10264253616333,7.65845251083374
3212,160600.0,-1.7932571172714231,-5.10264253616333,7.65845251083374
3213,160650.0,-1.7932571172714231,-5.10264253616333,7.65845251083374
3214,160700.0,-1.7932571172714231,-5.10264253616333,7.65845251083374
3215,160750.0,-1.741183161735535,-5.175665378570557,7.653664112091064
3216,160800.0,-1.741183161735535,-5.175665378570557,7.653664112091064
3217,160850.0,-1.741183161735535,-5.175665378570557,7.653664112091064
3218,160900.0,-1.8082208633422847,-5.162497520446777,7.724891662597656
3219,160950.0,-1.8082208633422847,-5.162497520446777,7.724891662597656
3220,161000.0,-1.8082208633422847,-5.162497520446777,7.724891662597656
3221,161050.0,-1.8082208633422847,-5.162497520446777,7.724891662597656
3222,161100.0,-1.7310078144073486,-5.2055931091308585,7.600991725921631
3223,161150.0,-1.7310078144073486,-5.2055931091308585,7.600991725921631
3224,161200.0,-1.7310078144073486,-5.2055931091308585,7.600991725921631
3225,161250.0,-1.7310078144073486,-5.2055931091308585,7.600991725921631
3226,161300.0,-1.7872716188430786,-5.057751178741455,7.733870029449463
3227,161350.0,-1.7872716188430786,-5.057751178741455,7.733870029449463
3228,161400.0,-1.7872716188430786,-5.057751178741455,7.733870029449463
3229,161450.0,-1.8034324645996092,-5.10383939743042,7.7410526275634775
3230,161500.0,-1.8034324645996092,-5.10383939743042,7.7410526275634775
3231,161550.0,-1.8034324645996092,-5.10383939743042,7.7410526275634775
3232,161600.0,-1.8034324645996092,-5.10383939743042,7.7410526275634775
3233,161650.0,-1.8064252138137815,-5.109825134277344,7.6997528076171875
3234,161700.0,-1.8064252138137815,-5.109825134277344,7.6997528076171875
3235,161750.0,-1.8064252138137815,-5.109825134277344,7.6997528076171875
3236,161800.0,-1.8441338539123533,-5.101445198059082,7.646481513977051
3237,161850.0,-1.8441338539123533,-5.101445198059082,7.646481513977051
3238,161900.0,-1.8441338539123533,-5.101445198059082,7.646481513977051
3239,161950.0,-1.8441338539123533,-5.101445198059082,7.646481513977051
3240,162000.0,-1.8830395936965945,-5.161300182342528,7.668628215789795
3241,162050.0,-1.8830395936965945,-5.161300182342528,7.668628215789795
3242,162100.0,-1.8830395936965945,-5.161300182342528,7.668628215789795
3243,162150.0,-1.8830395936965945,-5.161300182342528,7.668628215789795
3244,162200.0,-1.7908629179000854,-5.1116204261779785,7.680000305175781
3245,162250.0,-1.7908629179000854,-5.1116204261779785,7.680000305175781
3246,162300.0,-1.7908629179000854,-5.1116204261779785,7.680000305175781
3247,162350.0,-1.84233820438385,-5.084685802459717,7.705738067626952
3248,162400.0,-1.84233820438385,-5.084685802459717,7.705738067626952
3249,162450.0,-1.84233820438385,-5.084685802459717,7.705738067626952
3250,162500.0,-1.84233820438385,-5.084685802459717,7.705738067626952
3251,162550.0,-1.9321208000183103,-5.168482780456543,7.766191959381103
3252,162600.0,-1.9321208000183103,-5.168482780456543,7.766191959381103
3253,162650.0,-1.9321208000183103,-5.168482780456543,7.766191959381103
3254,162700.0,-1.766920804977417,-5.0709190368652335,7.758410453796388
3255,162750.0,-1.766920804977417,-5.0709190368652335,7.758410453796388
3256,162800.0,-1.766920804977417,-5.0709190368652335,7.758410453796388
3257,162850.0,-1.766920804977417,-5.0709190368652335,7.758410453796388
3258,162900.0,-1.8100165128707888,-5.161300182342528,7.773374557495117
3259,162950.0,-1.8100165128707888,-5.161300182342528,7.773374557495117
3260,163000.0,-1.8100165128707888,-5.161300182342528,7.773374557495117
3261,163050.0,-1.8507179021835327,-5.164891719818115,7.6512699127197275
3262,163100.0,-1.8507179021835327,-5.164891719818115,7.6512699127197275
3263,163150.0,-1.8507179021835327,-5.164891719818115,7.6512699127197275
3264,163200.0,-1.8507179021835327,-5.164891719818115,7.6512699127197275
3265,163250.0,-1.8561048507690432,-5.190629482269287,7.751826763153076
3266,163300.0,-1.8561048507690432,-5.190629482269287,7.751826763153076
3267,163350.0,-1.8561048507690432,-5.190629482269287,7.751826763153076
3268,163400.0,-1.8561048507690432,-5.190629482269287,7.751826763153076
3269,163450.0,-1.778891921043396,-5.173271179199219,7.646481513977051
3270,163500.0,-1.778891921043396,-5.173271179199219,7.646481513977051
3271,163550.0,-1.778891921043396,-5.173271179199219,7.646481513977051
3272,163600.0,-1.7938556671142578,-5.123591423034668,7.767987251281737
3273,163650.0,-1.7938556671142578,-5.123591423034668,7.767987251281737
3274,163700.0,-1.7938556671142578,-5.123591423034668,7.767987251281737
3275,163750.0,-1.7938556671142578,-5.123591423034668,7.767987251281737
3276,163800.0,-1.714846968650818,-5.107430934906006,7.712322235107423
3277,163850.0,-1.714846968650818,-5.107430934906006,7.712322235107423
3278,163900.0,-1.714846968650818,-5.107430934906006,7.712322235107423
3279,163950.0,-1.714846968650818,-5.107430934906006,7.712322235107423
3280,164000.0,-1.8189947605133057,-5.117606163024902,7.703343868255615
3281,164050.0,-1.8189947605133057,-5.117606163024902,7.703343868255615
3282,164100.0,-1.8189947605133057,-5.117606163024902,7.703343868255615
3283,164150.0,-1.954267144203186,-5.128379821777344,7.737461566925049
3284,164200.0,-1.954267144203186,-5.128379821777344,7.737461566925049
3285,164250.0,-1.954267144203186,-5.128379821777344,7.737461566925049
3286,164300.0,-1.954267144203186,-5.128379821777344,7.737461566925049
3287,164350.0,-1.6771383285522459,-5.0906715393066415,7.687781810760497
3288,164400.0,-1.6771383285522459,-5.0906715393066415,7.687781810760497
3289,164450.0,-1.6771383285522459,-5.0906715393066415,7.687781810760497
3290,164500.0,-1.7842788696289065,-5.122992992401123,7.690774440765381
3291,164550.0,-1.7842788696289065,-5.122992992401123,7.690774440765381
3292,164600.0,-1.7842788696289065,-5.122992992401123,7.690774440765381
3293,164650.0,-1.7842788696289065,-5.122992992401123,7.690774440765381
3294,164700.0,-1.7675193548202517,-5.143343925476074,7.700351238250732
3295,164750.0,-1.7675193548202517,-5.143343925476074,7.700351238250732
3296,164800.0,-1.7675193548202517,-5.143343925476074,7.700351238250732
3297,164850.0,-1.7675193548202517,-5.143343925476074,7.700351238250732
3298,164900.0,-1.7962498664855957,-5.123591423034668,7.690176010131836
3299,164950.0,-1.7962498664855957,-5.123591423034668,7.690176010131836
3300,165000.0,-1.7962498664855957,-5.123591423034668,7.690176010131836
3301,165050.0,-1.8022353649139404,-5.0260281562805185,7.7763671875
3302,165100.0,-1.8022353649139404,-5.0260281562805185,7.7763671875
3303,165150.0,-1.8022353649139404,-5.0260281562805185,7.7763671875
3304,165200.0,-1.8022353649139404,-5.0260281562805185,7.7763671875
3305,165250.0,-1.8171991109848025,-5.322908878326416,7.638102054595947
3306,165300.0,-1.8171991109848025,-5.322908878326416,7.638102054595947
3307,165350.0,-1.8171991109848025,-5.322908878326416,7.638102054595947
3308,165400.0,-1.6101006269454956,-5.208585739135742,7.666832447052003
3309,165450.0,-1.6101006269454956,-5.208585739135742,7.666832447052003
3310,165500.0,-1.6101006269454956,-5.208585739135742,7.666832447052003
3311,165550.0,-1.6101006269454956,-5.208585739135742,7.666832447052003
3312,165600.0,-1.8584990501403809,-5.24030876159668,7.565677165985107
3313,165650.0,-1.8584990501403809,-5.24030876159668,7.565677165985107
3314,165700.0,-1.8584990501403809,-5.24030876159668,7.565677165985107
3315,165750.0,-1.8584990501403809,-5.24030876159668,7.565677165985107
3316,165800.0,-1.720233917236328,-5.294178485870361,7.6590514183044425
3317,165850.0,-1.720233917236328,-5.294178485870361,7.6590514183044425
3318,165900.0,-1.720233917236328,-5.294178485870361,7.6590514183044425
3319,165950.0,-1.7956513166427612,-5.163694381713867,7.638700485229492
3320,166000.0,-1.7956513166427612,-5.163694381713867,7.638700485229492
3321,166050.0,-1.7956513166427612,-5.163694381713867,7.638700485229492
3322,166100.0,-1.7956513166427612,-5.163694381713867,7.638700485229492
3323,166150.0,-1.8758569955825808,-5.16549015045166,7.7218990325927725
3324,166200.0,-1.8758569955825808,-5.16549015045166,7.7218990325927725
3325,166250.0,-1.8758569955825808,-5.16549015045166,7.7218990325927725
3326,166300.0,-1.6867151260375977,-5.208585739135742,7.6997528076171875
3327,166350.0,-1.6867151260375977,-5.208585739135742,7.6997528076171875
3328,166400.0,-1.6867151260375977,-5.208585739135742,7.6997528076171875
3329,166450.0,-1.6867151260375977,-5.208585739135742,7.6997528076171875
3330,166500.0,-1.6759412288665771,-5.197213172912598,7.69735860824585
3331,166550.0,-1.6759412288665771,-5.197213172912598,7.69735860824585
3332,166600.0,-1.6759412288665771,-5.197213172912598,7.69735860824585
3333,166650.0,-1.6759412288665771,-5.197213172912598,7.69735860824585
3334,166700.0,-1.85430920124054,-5.176862716674805,7.708132266998291
3335,166750.0,-1.85430920124054,-5.176862716674805,7.708132266998291
3336,166800.0,-1.85430920124054,-5.176862716674805,7.708132266998291
3337,166850.0,-1.8836381435394287,-5.220556735992432,7.668628215789795
3338,166900.0,-1.8836381435394287,-5.220556735992432,7.668628215789795
3339,166950.0,-1.8836381435394287,-5.220556735992432,7.668628215789795
3340,167000.0,-1.8836381435394287,-5.220556735992432,7.668628215789795
3341,167050.0,-1.6968904733657837,-5.138555526733398,7.667430877685548
3342,167100.0,-1.6968904733657837,-5.138555526733398,7.667430877685548
3343,167150.0,-1.6968904733657837,-5.138555526733398,7.667430877685548
3344,167200.0,-1.7052701711654663,-5.157110691070557,7.6955628395080575
3345,167250.0,-1.7052701711654663,-5.157110691070557,7.6955628395080575
3346,167300.0,-1.7052701711654663,-5.157110691070557,7.6955628395080575
3347,167350.0,-1.7052701711654663,-5.157110691070557,7.6955628395080575
3348,167400.0,-1.679532527923584,-5.140350818634033,7.6770076751708975
3349,167450.0,-1.679532527923584,-5.140350818634033,7.6770076751708975
3350,167500.0,-1.679532527923584,-5.140350818634033,7.6770076751708975
3351,167550.0,-1.679532527923584,-5.140350818634033,7.6770076751708975
3352,167600.0,-1.6537947654724119,-5.2253451347351065,7.653664112091064
3353,167650.0,-1.6537947654724119,-5.2253451347351065,7.653664112091064
3354,167700.0,-1.6537947654724119,-5.2253451347351065,7.653664112091064
3355,167750.0,-1.6101006269454956,-5.2229509353637695,7.691372871398926
3356,167800.0,-1.6101006269454956,-5.2229509353637695,7.691372871398926
3357,167850.0,-1.6101006269454956,-5.2229509353637695,7.691372871398926
3358,167900.0,-1.6101006269454956,-5.2229509353637695,7.691372871398926
3359,167950.0,-1.7310078144073486,-5.288193225860597,7.6291236877441415
3360,168000.0,-1.7310078144073486,-5.288193225860597,7.6291236877441415
3361,168050.0,-1.7310078144073486,-5.288193225860597,7.6291236877441415
3362,168100.0,-1.7699135541915894,-5.179855346679688,7.748833656311035
3363,168150.0,-1.7699135541915894,-5.179855346679688,7.748833656311035
3364,168200.0,-1.7699135541915894,-5.179855346679688,7.748833656311035
3365,168250.0,-1.7699135541915894,-5.179855346679688,7.748833656311035
3366,168300.0,-1.7519570589065552,-5.221155166625977,7.647080421447754
3367,168350.0,-1.7519570589065552,-5.221155166625977,7.647080421447754
3368,168400.0,-1.7519570589065552,-5.221155166625977,7.647080421447754
3369,168450.0,-1.7519570589065552,-5.221155166625977,7.647080421447754
3370,168500.0,-1.7046716213226318,-5.217564105987549,7.633313655853271
3371,168550.0,-1.7046716213226318,-5.217564105987549,7.633313655853271
3372,168600.0,-1.7046716213226318,-5.217564105987549,7.633313655853271
3373,168650.0,-1.7884687185287476,-5.253477096557617,7.642292022705077
3374,168700.0,-1.7884687185287476,-5.253477096557617,7.642292022705077
3375,168750.0,-1.7884687185287476,-5.253477096557617,7.642292022705077
3376,168800.0,-1.7884687185287476,-5.253477096557617,7.642292022705077
3377,168850.0,-1.7633295059204102,-5.202600479125977,7.6997528076171875
3378,168900.0,-1.7633295059204102,-5.202600479125977,7.6997528076171875
3379,168950.0,-1.7633295059204102,-5.202600479125977,7.6997528076171875
3380,169000.0,-1.6986861228942869,-5.128978729248047,7.682993412017822
3381,169050.0,-1.6986861228942869,-5.128978729248047,7.682993412017822
3382,169100.0,-1.6986861228942869,-5.128978729248047,7.682993412017822
3383,169150.0,-1.6986861228942869,-5.128978729248047,7.682993412017822
3384,169200.0,-1.7304092645645142,-5.191826343536377,7.690176010131836
3385,169250.0,-1.7304092645645142,-5.191826343536377,7.690176010131836
3386,169300.0,-1.7304092645645142,-5.191826343536377,7.690176010131836
3387,169350.0,-1.7304092645645142,-5.191826343536377,7.690176010131836
3388,169400.0,-1.7184382677078247,-5.2049946784973145,7.618350028991699
3389,169450.0,-1.7184382677078247,-5.2049946784973145,7.618350028991699
3390,169500.0,-1.7184382677078247,-5.2049946784973145,7.618350028991699
3391,169550.0,-1.8429367542266848,-5.281609058380127,7.6776061058044425
3392,169600.0,-1.8429367542266848,-5.281609058380127,7.6776061058044425
3393,169650.0,-1.8429367542266848,-5.281609058380127,7.6776061058044425
3394,169700.0,-1.8429367542266848,-5.281609058380127,7.6776061058044425
3395,169750.0,-1.759738206863403,-5.258863925933838,7.588422298431396
3396,169800.0,-1.759738206863403,-5.258863925933838,7.588422298431396
3397,169850.0,-1.759738206863403,-5.258863925933838,7.588422298431396
3398,169900.0,-1.824381709098816,-5.211578369140625,7.620744228363037
3399,169950.0,-1.824381709098816,-5.211578369140625,7.620744228363037
3400,170000.0,-1.824381709098816,-5.211578369140625,7.620744228363037
3401,170050.0,-1.824381709098816,-5.211578369140625,7.620744228363037
3402,170100.0,-1.7423802614212036,-5.168482780456543,7.615356922149657
3403,170150.0,-1.7423802614212036,-5.168482780456543,7.615356922149657
3404,170200.0,-1.7423802614212036,-5.168482780456543,7.615356922149657
3405,170250.0,-1.7423802614212036,-5.168482780456543,7.615356922149657
3406,170300.0,-1.9399019479751587,-5.198410511016847,7.752425193786621
3407,170350.0,-1.9399019479751587,-5.198410511016847,7.752425193786621
3408,170400.0,-1.9399019479751587,-5.198410511016847,7.752425193786621
3409,170450.0,-1.766920804977417,-5.200206279754639,7.697957038879394
3410,170500.0,-1.766920804977417,-5.200206279754639,7.697957038879394
3411,170550.0,-1.766920804977417,-5.200206279754639,7.697957038879394
3412,170600.0,-1.766920804977417,-5.200206279754639,7.697957038879394
3413,170650.0,-1.7405846118927002,-5.235520362854004,7.6506714820861825
3414,170700.0,-1.7405846118927002,-5.235520362854004,7.6506714820861825
3415,170750.0,-1.7405846118927002,-5.235520362854004,7.6506714820861825
3416,170800.0,-1.731606364250183,-5.183446884155273,7.6776061058044425
3417,170850.0,-1.731606364250183,-5.183446884155273,7.6776061058044425
3418,170900.0,-1.731606364250183,-5.183446884155273,7.6776061058044425
3419,170950.0,-1.731606364250183,-5.183446884155273,7.6776061058044425
3420,171000.0,-1.7609353065490725,-5.2229509353637695,7.6991539001464835
3421,171050.0,-1.7609353065490725,-5.2229509353637695,7.6991539001464835
3422,171100.0,-1.7609353065490725,-5.2229509353637695,7.6991539001464835
3423,171150.0,-1.7609353065490725,-5.2229509353637695,7.6991539001464835
3424,171200.0,-1.7525556087493896,-5.170278549194336,7.728483200073242
3425,171250.0,-1.7525556087493896,-5.170278549194336,7.728483200073242
3426,171300.0,-1.7525556087493896,-5.170278549194336,7.728483200073242
3427,171350.0,-1.6466121673583984,-5.1618990898132315,7.748833656311035
3428,171400.0,-1.6466121673583984,-5.1618990898132315,7.748833656311035
3429,171450.0,-1.6466121673583984,-5.1618990898132315,7.748833656311035
3430,171500.0,-1.6466121673583984,-5.1618990898132315,7.748833656311035
3431,171550.0,-1.7172411680221558,-5.172672748565674,7.717709064483643
3432,171600.0,-1.7172411680221558,-5.172672748565674,7.717709064483643
3433,171650.0,-1.7172411680221558,-5.172672748565674,7.717709064483643
3434,171700.0,-1.7172411680221558,-5.172672748565674,7.717709064483643
3435,171750.0,-1.7052701711654663,-5.174468517303467,7.679401874542236
3436,171800.0,-1.7052701711654663,-5.174468517303467,7.679401874542236
3437,171850.0,-1.7052701711654663,-5.174468517303467,7.679401874542236
3438,171900.0,-1.6400281190872192,-5.16429328918457,7.660248279571532
3439,171950.0,-1.6400281190872192,-5.16429328918457,7.660248279571532
3440,172000.0,-1.6400281190872192,-5.16429328918457,7.660248279571532
3441,172050.0,-1.6400281190872192,-5.16429328918457,7.660248279571532
3442,172100.0,-1.7663222551345823,-5.144540786743164,7.687182903289795
3443,172150.0,-1.7663222551345823,-5.144540786743164,7.687182903289795
3444,172200.0,-1.7663222551345823,-5.144540786743164,7.687182903289795
3445,172250.0,-1.8201918601989744,-5.220556735992432,7.726089000701903
3446,172300.0,-1.8201918601989744,-5.220556735992432,7.726089000701903
3447,172350.0,-1.8201918601989744,-5.220556735992432,7.726089000701903
3448,172400.0,-1.8201918601989744,-5.220556735992432,7.726089000701903
3449,172450.0,-1.4413094520568848,-5.099050998687744,7.711124897003174
3450,172500.0,-1.4413094520568848,-5.099050998687744,7.711124897003174
3451,172550.0,-1.4413094520568848,-5.099050998687744,7.711124897003174
3452,172600.0,-1.8189947605133057,-5.200804710388184,7.690176010131836
3453,172650.0,-1.8189947605133057,-5.200804710388184,7.690176010131836
3454,172700.0,-1.8189947605133057,-5.200804710388184,7.690176010131836
3455,172750.0,-1.8189947605133057,-5.200804710388184,7.690176010131836
3456,172800.0,-1.7292121648788452,-5.16010332107544,7.6955628395080575
3457,172850.0,-1.7292121648788452,-5.16010332107544,7.6955628395080575
3458,172900.0,-1.7292121648788452,-5.16010332107544,7.6955628395080575
3459,172950.0,-1.7292121648788452,-5.16010332107544,7.6955628395080575
3460,173000.0,-1.8866308927536009,-5.2684407234191895,7.65186882019043
3461,173050.0,-1.8866308927536009,-5.2684407234191895,7.65186882019043
3462,173100.0,-1.8866308927536009,-5.2684407234191895,7.65186882019043
3463,173150.0,-1.6603789329528809,-5.095459938049316,7.680000305175781
3464,173200.0,-1.6603789329528809,-5.095459938049316,7.680000305175781
3465,173250.0,-1.6603789329528809,-5.095459938049316,7.680000305175781
3466,173300.0,-1.6603789329528809,-5.095459938049316,7.680000305175781
3467,173350.0,-1.7471686601638794,-5.167285919189453,7.666234016418457
3468,173400.0,-1.7471686601638794,-5.167285919189453,7.666234016418457
3469,173450.0,-1.7471686601638794,-5.167285919189453,7.666234016418457
3470,173500.0,-1.7471686601638794,-5.167285919189453,7.666234016418457
3471,173550.0,-1.6693571805953982,-5.181052684783936,7.669825077056885
3472,173600.0,-1.6693571805953982,-5.181052684783936,7.669825077056885
3473,173650.0,-1.6693571805953982,-5.181052684783936,7.669825077056885
3474,173700.0,-1.978209137916565,-5.150526523590088,7.716512203216553
3475,173750.0,-1.978209137916565,-5.150526523590088,7.716512203216553
3476,173800.0,-1.978209137916565,-5.150526523590088,7.716512203216553
3477,173850.0,-1.978209137916565,-5.150526523590088,7.716512203216553
3478,173900.0,-1.7764976024627686,-5.167884349822998,7.708132266998291
3479,173950.0,-1.7764976024627686,-5.167884349822998,7.708132266998291
3480,174000.0,-1.7764976024627686,-5.167884349822998,7.708132266998291
3481,174050.0,-1.7717092037200928,-5.154716491699219,7.711124897003174
3482,174100.0,-1.7717092037200928,-5.154716491699219,7.711124897003174
3483,174150.0,-1.7717092037200928,-5.154716491699219,7.711124897003174
3484,174200.0,-1.7717092037200928,-5.154716491699219,7.711124897003174
3485,174250.0,-1.79146146774292,-5.191227912902832,7.702147006988525
3486,174300.0,-1.79146146774292,-5.191227912902832,7.702147006988525
3487,174350.0,-1.79146146774292,-5.191227912902832,7.702147006988525
3488,174400.0,-1.79146146774292,-5.191227912902832,7.702147006988525
3489,174450.0,-1.7561469078063965,-5.206191539764403,7.637503623962402
3490,174500.0,-1.7561469078063965,-5.206191539764403,7.637503623962402
3491,174550.0,-1.7561469078063965,-5.206191539764403,7.637503623962402
3492,174600.0,-1.7705121040344238,-5.175066947937012,7.705139636993407
3493,174650.0,-1.7705121040344238,-5.175066947937012,7.705139636993407
3494,174700.0,-1.7705121040344238,-5.175066947937012,7.705139636993407
3495,174750.0,-1.7705121040344238,-5.175066947937012,7.705139636993407
3496,174800.0,-1.8692729473114011,-5.323507308959961,7.6997528076171875
3497,174850.0,-1.8692729473114011,-5.323507308959961,7.6997528076171875
3498,174900.0,-1.8692729473114011,-5.323507308959961,7.6997528076171875
3499,174950.0,-1.807023763656616,-5.21097993850708,7.6135616302490225
3500,175000.0,-1.807023763656616,-5.21097993850708,7.6135616302490225
3501,175050.0,-1.807023763656616,-5.21097993850708,7.6135616302490225
3502,175100.0,-1.807023763656616,-5.21097993850708,7.6135616302490225
3503,175150.0,-1.6579847335815432,-5.158905982971191,7.7434468269348145
3504,175200.0,-1.6579847335815432,-5.158905982971191,7.7434468269348145
3505,175250.0,-1.6579847335815432,-5.158905982971191,7.7434468269348145
3506,175300.0,-1.6579847335815432,-5.158905982971191,7.7434468269348145
3507,175350.0,-1.7537527084350586,-5.236119270324707,7.6740150451660165
3508,175400.0,-1.7537527084350586,-5.236119270324707,7.6740150451660165
3509,175450.0,-1.7537527084350586,-5.236119270324707,7.6740150451660165
3510,175500.0,-1.7286136150360107,-5.210381507873535,7.668628215789795
3511,175550.0,-1.7286136150360107,-5.210381507873535,7.668628215789795
3512,175600.0,-1.7286136150360107,-5.210381507873535,7.668628215789795
3513,175650.0,-1.7286136150360107,-5.210381507873535,7.668628215789795
3514,175700.0,-1.7310078144073486,-5.200804710388184,7.704541206359862
3515,175750.0,-1.7310078144073486,-5.200804710388184,7.704541206359862
3516,175800.0,-1.7310078144073486,-5.200804710388184,7.704541206359862
3517,175850.0,-1.8519150018692017,-5.171475887298584,7.73207426071167
3518,175900.0,-1.8519150018692017,-5.171475887298584,7.73207426071167
3519,175950.0,-1.8519150018692017,-5.171475887298584,7.73207426071167
3520,176000.0,-1.8519150018692017,-5.171475887298584,7.73207426071167
3521,176050.0,-1.787870168685913,-5.169081687927246,7.724891662597656
3522,176100.0,-1.787870168685913,-5.169081687927246,7.724891662597656
3523,176150.0,-1.787870168685913,-5.169081687927246,7.724891662597656
3524,176200.0,-1.787870168685913,-5.169081687927246,7.724891662597656
3525,176250.0,-1.6825252771377563,-5.123591423034668,7.766191959381103
3526,176300.0,-1.6825252771377563,-5.123591423034668,7.766191959381103
3527,176350.0,-1.6825252771377563,-5.123591423034668,7.766191959381103
3528,176400.0,-1.7561469078063965,-5.161300182342528,7.71591329574585
3529,176450.0,-1.7561469078063965,-5.161300182342528,7.71591329574585
3530,176500.0,-1.7561469078063965,-5.161300182342528,7.71591329574585
3531,176550.0,-1.7561469078063965,-5.161300182342528,7.71591329574585
3532,176600.0,-1.8201918601989744,-5.172074317932129,7.6506714820861825
3533,176650.0,-1.8201918601989744,-5.172074317932129,7.6506714820861825
3534,176700.0,-1.8201918601989744,-5.172074317932129,7.6506714820861825
3535,176750.0,-1.7334020137786863,-5.035604953765869,7.742848396301269
3536,176800.0,-1.7334020137786863,-5.035604953765869,7.742848396301269
3537,176850.0,-1.7334020137786863,-5.035604953765869,7.742848396301269
3538,176900.0,-1.7334020137786863,-5.035604953765869,7.742848396301269
3539,176950.0,-1.6825252771377563,-5.184643745422363,7.659649848937987
3540,177000.0,-1.6825252771377563,-5.184643745422363,7.659649848937987
3541,177050.0,-1.6825252771377563,-5.184643745422363,7.659649848937987
3542,177100.0,-1.6825252771377563,-5.184643745422363,7.659649848937987
3543,177150.0,-1.7232266664505005,-5.189432144165039,7.706336498260497
3544,177200.0,-1.7232266664505005,-5.189432144165039,7.706336498260497
3545,177250.0,-1.7232266664505005,-5.189432144165039,7.706336498260497
3546,177300.0,-1.7525556087493896,-5.166088581085205,7.657854080200195
3547,177350.0,-1.7525556087493896,-5.166088581085205,7.657854080200195
3548,177400.0,-1.7525556087493896,-5.166088581085205,7.657854080200195
3549,177450.0,-1.7525556087493896,-5.166088581085205,7.657854080200195
3550,177500.0,-1.804031014442444,-5.183446884155273,7.682993412017822
3551,177550.0,-1.804031014442444,-5.183446884155273,7.682993412017822
3552,177600.0,-1.804031014442444,-5.183446884155273,7.682993412017822
3553,177650.0,-1.7435773611068726,-5.174468517303467,7.6327152252197275
3554,177700.0,-1.7435773611068726,-5.174468517303467,7.6327152252197275
3555,177750.0,-1.7435773611068726,-5.174468517303467,7.6327152252197275
3556,177800.0,-1.7435773611068726,-5.174468517303467,7.6327152252197275
3557,177850.0,-1.7794904708862305,-5.129577159881592,7.681796073913574
3558,177900.0,-1.7794904708862305,-5.129577159881592,7.681796073913574
3559,177950.0,-1.7794904708862305,-5.129577159881592,7.681796073913574
3560,178000.0,-1.7794904708862305,-5.129577159881592,7.681796073913574
3561,178050.0,-1.7806875705718994,-5.178059577941895,7.745841026306152
3562,178100.0,-1.7806875705718994,-5.178059577941895,7.745841026306152
3563,178150.0,-1.7806875705718994,-5.178059577941895,7.745841026306152
3564,178200.0,-1.7549498081207275,-5.228936672210693,7.683591842651367
3565,178250.0,-1.7549498081207275,-5.228936672210693,7.683591842651367
3566,178300.0,-1.7549498081207275,-5.228936672210693,7.683591842651367
3567,178350.0,-1.7549498081207275,-5.228936672210693,7.683591842651367
3568,178400.0,-1.7387889623641968,-5.129577159881592,7.733870029449463
3569,178450.0,-1.7387889623641968,-5.129577159881592,7.733870029449463
3570,178500.0,-1.7387889623641968,-5.129577159881592,7.733870029449463
3571,178550.0,-1.8447324037551882,-5.206789970397949,7.662044048309326
3572,178600.0,-1.8447324037551882,-5.206789970397949,7.662044048309326
3573,178650.0,-1.8447324037551882,-5.206789970397949,7.662044048309326
3574,178700.0,-1.8447324037551882,-5.206789970397949,7.662044048309326
3575,178750.0,-1.7986440658569336,-5.169081687927246,7.668628215789795
3576,178800.0,-1.7986440658569336,-5.169081687927246,7.668628215789795
3577,178850.0,-1.7986440658569336,-5.169081687927246,7.668628215789795
3578,178900.0,-1.7986440658569336,-5.169081687927246,7.668628215789795
3579,178950.0,-1.7824832201004028,-5.198410511016847,7.705139636993407
3580,179000.0,-1.7824832201004028,-5.198410511016847,7.705139636993407
3581,179050.0,-1.7824832201004028,-5.198410511016847,7.705139636993407
3582,179100.0,-1.7824832201004028,-5.261258125305176,7.768586158752441
3583,179150.0,-1.7824832201004028,-5.261258125305176,7.768586158752441
3584,179200.0,-1.7824832201004028,-5.261258125305176,7.768586158752441
3585,179250.0,-1.7824832201004028,-5.261258125305176,7.768586158752441
3586,179300.0,-1.7884687185287476,-5.151723384857178,7.65725564956665
3587,179350.0,-1.7884687185287476,-5.151723384857178,7.65725564956665
3588,179400.0,-1.7884687185287476,-5.151723384857178,7.65725564956665
3589,179450.0,-1.7950527667999268,-5.1367597579956055,7.6991539001464835
3590,179500.0,-1.7950527667999268,-5.1367597579956055,7.6991539001464835
3591,179550.0,-1.7950527667999268,-5.1367597579956055,7.6991539001464835
3592,179600.0,-1.7950527667999268,-5.1367597579956055,7.6991539001464835
3593,179650.0,-1.7675193548202517,-5.1816511154174805,7.708730697631836
3594,179700.0,-1.7675193548202517,-5.1816511154174805,7.708730697631836
3595,179750.0,-1.7675193548202517,-5.1816511154174805,7.708730697631836
3596,179800.0,-1.7675193548202517,-5.1816511154174805,7.708730697631836
3597,179850.0,-1.8052281141281128,-5.246294498443604,7.689577102661133
3598,179900.0,-1.8052281141281128,-5.246294498443604,7.689577102661133
3599,179950.0,-1.8052281141281128,-5.246294498443604,7.689577102661133
3600,180000.0,-1.73519766330719,-5.143942356109619,7.646481513977051
3601,180050.0,-1.73519766330719,-5.143942356109619,7.646481513977051
3602,180100.0,-1.73519766330719,-5.143942356109619,7.646481513977051
3603,180150.0,-1.73519766330719,-5.143942356109619,7.646481513977051
3604,180200.0,-1.8052281141281128,-5.242104530334473,7.688380241394043
3605,180250.0,-1.8052281141281128,-5.242104530334473,7.688380241394043
3606,180300.0,-1.8052281141281128,-5.242104530334473,7.688380241394043
3607,180350.0,-1.787870168685913,-5.2055931091308585,7.6752119064331055
3608,180400.0,-1.787870168685913,-5.2055931091308585,7.6752119064331055
3609,180450.0,-1.787870168685913,-5.2055931091308585,7.6752119064331055
3610,180500.0,-1.787870168685913,-5.2055931091308585,7.6752119064331055
3611,180550.0,-1.8644845485687256,-5.043984413146973,7.783549785614014
3612,180600.0,-1.8644845485687256,-5.043984413146973,7.783549785614014
3613,180650.0,-1.8644845485687256,-5.043984413146973,7.783549785614014
3614,180700.0,-1.8644845485687256,-5.043984413146973,7.783549785614014
3615,180750.0,-1.6962919235229492,-5.163694381713867,7.691372871398926
3616,180800.0,-1.6962919235229492,-5.163694381713867,7.691372871398926
3617,180850.0,-1.6962919235229492,-5.163694381713867,7.691372871398926
3618,180900.0,-1.6657658815383911,-5.112817764282227,7.7195048332214355
3619,180950.0,-1.6657658815383911,-5.112817764282227,7.7195048332214355
3620,181000.0,-1.6657658815383911,-5.112817764282227,7.7195048332214355
3621,181050.0,-1.6657658815383911,-5.112817764282227,7.7195048332214355
3622,181100.0,-1.7417817115783691,-5.1792569160461435,7.643488883972168
3623,181150.0,-1.7417817115783691,-5.1792569160461435,7.643488883972168
3624,181200.0,-1.7417817115783691,-5.1792569160461435,7.643488883972168
3625,181250.0,-1.7986440658569336,-5.1816511154174805,7.661445617675781
3626,181300.0,-1.7986440658569336,-5.1816511154174805,7.661445617675781
3627,181350.0,-1.7986440658569336,-5.1816511154174805,7.661445617675781
3628,181400.0,-1.7986440658569336,-5.1816511154174805,7.661445617675781
3629,181450.0,-1.8722656965255735,-5.166088581085205,7.69735860824585
3630,181500.0,-1.8722656965255735,-5.166088581085205,7.69735860824585
3631,181550.0,-1.8722656965255735,-5.166088581085205,7.69735860824585
3632,181600.0,-1.8722656965255735,-5.166088581085205,7.69735860824585
3633,181650.0,-1.810615062713623,-5.171475887298584,7.67461347579956
3634,181700.0,-1.810615062713623,-5.171475887298584,7.67461347579956
3635,181750.0,-1.810615062713623,-5.171475887298584,7.67461347579956
3636,181800.0,-1.7908629179000854,-5.213972568511963,7.641693115234375
3637,181850.0,-1.7908629179000854,-5.213972568511963,7.641693115234375
3638,181900.0,-1.7908629179000854,-5.213972568511963,7.641693115234375
3639,181950.0,-1.7908629179000854,-5.213972568511963,7.641693115234375
3640,182000.0,-1.876455545425415,-5.207987308502197,7.596203327178955
3641,182050.0,-1.876455545425415,-5.207987308502197,7.596203327178955
3642,182100.0,-1.876455545425415,-5.207987308502197,7.596203327178955
3643,182150.0,-1.7950527667999268,-5.157709121704102,7.672817707061768
3644,182200.0,-1.7950527667999268,-5.157709121704102,7.672817707061768
3645,182250.0,-1.7950527667999268,-5.157709121704102,7.672817707061768
3646,182300.0,-1.7950527667999268,-5.157709121704102,7.672817707061768
3647,182350.0,-1.7627309560775757,-5.139752388000488,7.683591842651367
3648,182400.0,-1.7627309560775757,-5.139752388000488,7.683591842651367
3649,182450.0,-1.7627309560775757,-5.139752388000488,7.683591842651367
3650,182500.0,-1.7627309560775757,-5.139752388000488,7.683591842651367
3651,182550.0,-1.7830817699432373,-5.155314922332764,7.691971302032472
3652,182600.0,-1.7830817699432373,-5.155314922332764,7.691971302032472
3653,182650.0,-1.7830817699432373,-5.155314922332764,7.691971302032472
3654,182700.0,-1.7830817699432373,-5.166687488555908,7.641693115234375
3655,182750.0,-1.7830817699432373,-5.166687488555908,7.641693115234375
3656,182800.0,-1.7830817699432373,-5.166687488555908,7.641693115234375
3657,182850.0,-1.7830817699432373,-5.166687488555908,7.641693115234375
3658,182900.0,-1.731606364250183,-5.1355624198913565,7.652467250823975
3659,182950.0,-1.731606364250183,-5.1355624198913565,7.652467250823975
3660,183000.0,-1.731606364250183,-5.1355624198913565,7.652467250823975
3661,183050.0,-1.7286136150360107,-5.105036735534668,7.735067367553711
3662,183100.0,-1.7286136150360107,-5.105036735534668,7.735067367553711
3663,183150.0,-1.7286136150360107,-5.105036735534668,7.735067367553711
3664,183200.0,-1.7286136150360107,-5.105036735534668,7.735067367553711
3665,183250.0,-1.8279730081558228,-5.158905982971191,7.714118003845215
3666,183300.0,-1.8279730081558228,-5.158905982971191,7.714118003845215
3667,183350.0,-1.8279730081558228,-5.158905982971191,7.714118003845215
3668,183400.0,-1.8279730081558228,-5.158905982971191,7.714118003845215
3669,183450.0,-1.699883222579956,-5.129577159881592,7.715314865112305
3670,183500.0,-1.699883222579956,-5.129577159881592,7.715314865112305
3671,183550.0,-1.699883222579956,-5.129577159881592,7.715314865112305
3672,183600.0,-1.8148049116134644,-5.18284797668457,7.69735860824585
3673,183650.0,-1.8148049116134644,-5.18284797668457,7.69735860824585
3674,183700.0,-1.8148049116134644,-5.18284797668457,7.69735860824585
3675,183750.0,-1.8148049116134644,-5.18284797668457,7.69735860824585
3676,183800.0,-1.7753005027770996,-5.127781391143799,7.724891662597656
3677,183850.0,-1.7753005027770996,-5.127781391143799,7.724891662597656
3678,183900.0,-1.7753005027770996,-5.127781391143799,7.724891662597656
3679,183950.0,-1.7753005027770996,-5.127781391143799,7.724891662597656
3680,184000.0,-1.7830817699432373,-5.1990089416503915,7.6776061058044425
3681,184050.0,-1.7830817699432373,-5.1990089416503915,7.6776061058044425
3682,184100.0,-1.7830817699432373,-5.1990089416503915,7.6776061058044425
3683,184150.0,-1.852513551712036,-5.1816511154174805,7.667430877685548
3684,184200.0,-1.852513551712036,-5.1816511154174805,7.667430877685548
3685,184250.0,-1.852513551712036,-5.1816511154174805,7.667430877685548
3686,184300.0,-1.852513551712036,-5.1816511154174805,7.667430877685548
3687,184350.0,-1.7890672683715818,-5.145738124847412,7.62493371963501
3688,184400.0,-1.7890672683715818,-5.145738124847412,7.62493371963501
3689,184450.0,-1.7890672683715818,-5.145738124847412,7.62493371963501
3690,184500.0,-1.84233820438385,-5.112817764282227,7.685986042022705
3691,184550.0,-1.84233820438385,-5.112817764282227,7.685986042022705
3692,184600.0,-1.84233820438385,-5.112817764282227,7.685986042022705
3693,184650.0,-1.84233820438385,-5.112817764282227,7.685986042022705
3694,184700.0,-1.670554280281067,-5.100846767425537,7.687781810760497
3695,184750.0,-1.670554280281067,-5.100846767425537,7.687781810760497
3696,184800.0,-1.670554280281067,-5.100846767425537,7.687781810760497
3697,184850.0,-1.670554280281067,-5.100846767425537,7.687781810760497
3698,184900.0,-1.7328034639358518,-5.152920722961426,7.691971302032472
3699,184950.0,-1.7328034639358518,-5.152920722961426,7.691971302032472
3700,185000.0,-1.7328034639358518,-5.152920722961426,7.691971302032472
3701,185050.0,-1.7555483579635618,-5.1607017517089835,7.727884769439697
3702,185100.0,-1.7555483579635618,-5.1607017517089835,7.727884769439697
3703,185150.0,-1.7555483579635618,-5.1607017517089835,7.727884769439697
3704,185200.0,-1.7555483579635618,-5.1607017517089835,7.727884769439697
3705,185250.0,-1.756745457649231,-5.200206279754639,7.7213006019592285
3706,185300.0,-1.756745457649231,-5.200206279754639,7.7213006019592285
3707,185350.0,-1.756745457649231,-5.200206279754639,7.7213006019592285
3708,185400.0,-1.7609353065490725,-5.16010332107544,7.6991539001464835
3709,185450.0,-1.7609353065490725,-5.16010332107544,7.6991539001464835
3710,185500.0,-1.7609353065490725,-5.16010332107544,7.6991539001464835
3711,185550.0,-1.7609353065490725,-5.16010332107544,7.6991539001464835
3712,185600.0,-1.7753005027770996,-5.133767127990723,7.667430877685548
3713,185650.0,-1.7753005027770996,-5.133767127990723,7.667430877685548
3714,185700.0,-1.7753005027770996,-5.133767127990723,7.667430877685548
3715,185750.0,-1.7555483579635618,-5.150526523590088,7.688380241394043
3716,185800.0,-1.7555483579635618,-5.150526523590088,7.688380241394043
3717,185850.0,-1.7555483579635618,-5.150526523590088,7.688380241394043
3718,185900.0,-1.7555483579635618,-5.150526523590088,7.688380241394043
3719,185950.0,-1.7106571197509766,-5.172074317932129,7.733870029449463
3720,186000.0,-1.7106571197509766,-5.172074317932129,7.733870029449463
3721,186050.0,-1.7106571197509766,-5.172074317932129,7.733870029449463
3722,186100.0,-1.7106571197509766,-5.172074317932129,7.733870029449463
3723,186150.0,-1.821987509727478,-5.209184169769287,7.693767070770264
3724,186200.0,-1.821987509727478,-5.209184169769287,7.693767070770264
3725,186250.0,-1.821987509727478,-5.209184169769287,7.693767070770264
3726,186300.0,-1.7555483579635618,-5.11461353302002,7.688978672027588
3727,186350.0,-1.7555483579635618,-5.11461353302002,7.688978672027588
3728,186400.0,-1.7555483579635618,-5.11461353302002,7.688978672027588
3729,186450.0,-1.7555483579635618,-5.11461353302002,7.688978672027588
3730,186500.0,-1.7842788696289065,-5.13735818862915,7.7189064025878915
3731,186550.0,-1.7842788696289065,-5.13735818862915,7.7189064025878915
3732,186600.0,-1.7842788696289065,-5.13735818862915,7.7189064025878915
3733,186650.0,-1.7842788696289065,-5.13735818862915,7.7189064025878915
3734,186700.0,-1.6849194765090942,-5.07451057434082,7.735665798187256
3735,186750.0,-1.6849194765090942,-5.07451057434082,7.735665798187256
3736,186800.0,-1.6849194765090942,-5.07451057434082,7.735665798187256
3737,186850.0,-1.7166426181793213,-5.111021995544434,7.7254905700683585
3738,186900.0,-1.7166426181793213,-5.111021995544434,7.7254905700683585
3739,186950.0,-1.7166426181793213,-5.111021995544434,7.7254905700683585
3740,187000.0,-1.7166426181793213,-5.111021995544434,7.7254905700683585
3741,187050.0,-1.6879122257232666,-5.1565117835998535,7.714118003845215
3742,187100.0,-1.6879122257232666,-5.1565117835998535,7.714118003845215
3743,187150.0,-1.6879122257232666,-5.1565117835998535,7.714118003845215
3744,187200.0,-1.8004397153854368,-5.124190330505371,7.739855766296388
3745,187250.0,-1.8004397153854368,-5.124190330505371,7.739855766296388
3746,187300.0,-1.8004397153854368,-5.124190330505371,7.739855766296388
3747,187350.0,-1.8004397153854368,-5.124190330505371,7.739855766296388
3748,187400.0,-1.6621745824813845,-5.148730754852295,7.6566572189331055
3749,187450.0,-1.6621745824813845,-5.148730754852295,7.6566572189331055
3750,187500.0,-1.6621745824813845,-5.148730754852295,7.6566572189331055
3751,187550.0,-1.6621745824813845,-5.148730754852295,7.6566572189331055
3752,187600.0,-1.8010382652282717,-5.175066947937012,7.706935405731201
3753,187650.0,-1.8010382652282717,-5.175066947937012,7.706935405731201
3754,187700.0,-1.8010382652282717,-5.175066947937012,7.706935405731201
3755,187750.0,-1.7824832201004028,-5.081094741821289,7.713519096374513
3756,187800.0,-1.7824832201004028,-5.081094741821289,7.713519096374513
3757,187850.0,-1.7824832201004028,-5.081094741821289,7.713519096374513
3758,187900.0,-1.7824832201004028,-5.081094741821289,7.713519096374513
3759,187950.0,-1.775899052619934,-5.190629482269287,7.668628215789795
3760,188000.0,-1.775899052619934,-5.190629482269287,7.668628215789795
3761,188050.0,-1.775899052619934,-5.190629482269287,7.668628215789795
3762,188100.0,-1.7435773611068726,-5.145139217376709,7.7218990325927725
3763,188150.0,-1.7435773611068726,-5.145139217376709,7.7218990325927725
3764,188200.0,-1.7435773611068726,-5.145139217376709,7.7218990325927725
3765,188250.0,-1.7435773611068726,-5.145139217376709,7.7218990325927725
3766,188300.0,-1.8501193523406985,-5.152322292327881,7.6955628395080575
3767,188350.0,-1.8501193523406985,-5.152322292327881,7.6955628395080575
3768,188400.0,-1.8501193523406985,-5.152322292327881,7.6955628395080575
3769,188450.0,-1.8501193523406985,-5.152322292327881,7.6955628395080575
3770,188500.0,-1.775899052619934,-5.19362211227417,7.700949668884277
3771,188550.0,-1.775899052619934,-5.19362211227417,7.700949668884277
3772,188600.0,-1.775899052619934,-5.19362211227417,7.700949668884277
3773,188650.0,-1.8171991109848025,-5.16010332107544,7.6764092445373535
3774,188700.0,-1.8171991109848025,-5.16010332107544,7.6764092445373535
3775,188750.0,-1.8171991109848025,-5.16010332107544,7.6764092445373535
3776,188800.0,-1.8171991109848025,-5.16010332107544,7.6764092445373535
3777,188850.0,-1.7639280557632446,-5.157110691070557,7.735067367553711
3778,188900.0,-1.7639280557632446,-5.157110691070557,7.735067367553711
3779,188950.0,-1.7639280557632446,-5.157110691070557,7.735067367553711
3780,189000.0,-1.7334020137786863,-5.125985622406006,7.704541206359862
3781,189050.0,-1.7334020137786863,-5.125985622406006,7.704541206359862
3782,189100.0,-1.7334020137786863,-5.125985622406006,7.704541206359862
3783,189150.0,-1.7334020137786863,-5.125985622406006,7.704541206359862
3784,189200.0,-1.765723705291748,-5.1565117835998535,7.68658447265625
3785,189250.0,-1.765723705291748,-5.1565117835998535,7.68658447265625
3786,189300.0,-1.765723705291748,-5.1565117835998535,7.68658447265625
3787,189350.0,-1.765723705291748,-5.1565117835998535,7.68658447265625
3788,189400.0,-1.821388959884644,-5.08648157119751,7.731475830078125
3789,189450.0,-1.821388959884644,-5.08648157119751,7.731475830078125
3790,189500.0,-1.821388959884644,-5.08648157119751,7.731475830078125
3791,189550.0,-1.7711106538772583,-5.169680118560791,7.706336498260497
3792,189600.0,-1.7711106538772583,-5.169680118560791,7.706336498260497
3793,189650.0,-1.7711106538772583,-5.169680118560791,7.706336498260497
3794,189700.0,-1.7711106538772583,-5.169680118560791,7.706336498260497
3795,189750.0,-1.7435773611068726,-5.121796131134033,7.735067367553711
3796,189800.0,-1.7435773611068726,-5.121796131134033,7.735067367553711
3797,189850.0,-1.7435773611068726,-5.121796131134033,7.735067367553711
