,timestamp,ax,ay,az
0,0.0,-4.129997730255127,-7.513603687286378,4.461595058441162
1,100.0,-4.129997730255127,-7.513603687286378,4.461595058441162
2,200.0,-3.974973440170288,-7.4800848960876465,4.4328646659851065
3,300.0,-3.974973440170288,-7.4800848960876465,4.4328646659851065
4,400.0,-3.9282865524291988,-7.477690696716309,4.155735492706299
5,500.0,-3.9282865524291988,-7.477690696716309,4.155735492706299
6,600.0,-3.3734302520751958,-7.379528045654298,4.478354454040527
7,700.0,-3.3734302520751958,-7.379528045654298,4.478354454040527
8,800.0,-2.7060465812683105,-8.421006202697754,4.368819713592528
9,900.0,-2.7060465812683105,-8.421006202697754,4.368819713592528
10,1000.0,-3.313575267791748,-7.988852500915527,4.712387561798097
11,1100.0,-2.515108823776245,-7.0156097412109375,4.3448777198791495
12,1200.0,-2.515108823776245,-7.0156097412109375,4.3448777198791495
13,1300.0,-2.145803213119507,-8.359953880310059,3.978564739227295
14,1400.0,-2.145803213119507,-8.359953880310059,3.978564739227295
15,1500.0,-0.4866214990615845,-6.745663166046143,4.112639904022217
16,1600.0,-0.4866214990615845,-6.745663166046143,4.112639904022217
17,1700.0,-0.6111199855804443,-8.596381187438965,4.132990837097168
18,1800.0,-0.6111199855804443,-8.596381187438965,4.132990837097168
19,1900.0,5.316324710845947,-8.57004451751709,2.1164743900299072
20,2000.0,1.7250223159790041,-8.464699745178223,2.892794132232666
21,2100.0,1.7250223159790041,-8.464699745178223,2.892794132232666
22,2200.0,2.419340848922729,-8.792107582092285,2.557007312774658
23,2300.0,2.419340848922729,-8.792107582092285,2.557007312774658
24,2400.0,1.6089035272598269,-9.224260330200195,1.380257248878479
25,2500.0,1.6089035272598269,-9.224260330200195,1.380257248878479
26,2600.0,4.121019840240479,-8.692748069763184,2.3355438709259038
27,2700.0,4.121019840240479,-8.692748069763184,2.3355438709259038
28,2800.0,2.87064790725708,-9.16201114654541,-0.2819172441959381
29,2900.0,2.655169725418091,-9.28650951385498,-0.3345896899700165
30,3000.0,2.655169725418091,-9.28650951385498,-0.3345896899700165
31,3100.0,2.9293057918548584,-9.21707820892334,0.09516951441764833
32,3200.0,2.9293057918548584,-9.21707820892334,0.09516951441764833
33,3300.0,2.8844144344329834,-9.26915168762207,-0.16819266974925995
34,3400.0,2.8844144344329834,-9.26915168762207,-0.16819266974925995
35,3500.0,3.867234230041504,-8.941145896911621,1.0247182846069336
36,3600.0,3.867234230041504,-8.941145896911621,1.0247182846069336
37,3700.0,3.47578239440918,-8.949525833129883,0.5279214978218079
38,3800.0,3.4051532745361333,-8.936956405639648,0.3351882398128509
39,3900.0,3.4051532745361333,-8.936956405639648,0.3351882398128509
40,2000.0,1.7250223159790041,-8.464699745178223,2.892794132232666
41,2100.0,1.7250223159790041,-8.464699745178223,2.892794132232666
42,2200.0,2.419340848922729,-8.792107582092285,2.557007312774658
43,2300.0,2.419340848922729,-8.792107582092285,2.557007312774658
44,2400.0,1.6089035272598269,-9.224260330200195,1.380257248878479
45,2500.0,1.6089035272598269,-9.224260330200195,1.380257248878479
46,2600.0,4.121019840240479,-8.692748069763184,2.3355438709259038
47,2700.0,4.121019840240479,-8.692748069763184,2.3355438709259038
48,2800.0,2.87064790725708,-9.16201114654541,-0.2819172441959381
49,2900.0,2.655169725418091,-9.28650951385498,-0.3345896899700165
50,3000.0,2.655169725418091,-9.28650951385498,-0.3345896899700165
51,3100.0,2.9293057918548584,-9.21707820892334,0.09516951441764833
52,3200.0,2.9293057918548584,-9.21707820892334,0.09516951441764833
53,3300.0,2.8844144344329834,-9.26915168762207,-0.16819266974925995
54,3400.0,2.8844144344329834,-9.26915168762207,-0.16819266974925995
55,3500.0,3.867234230041504,-8.941145896911621,1.0247182846069336
56,3600.0,3.867234230041504,-8.941145896911621,1.0247182846069336
57,3700.0,3.47578239440918,-8.949525833129883,0.5279214978218079
58,3800.0,3.4051532745361333,-8.936956405639648,0.3351882398128509
59,3900.0,3.4051532745361333,-8.936956405639648,0.3351882398128509
60,4000.0,3.933074951171875,-8.720281600952147,0.3435679376125336
61,4100.0,3.933074951171875,-8.720281600952147,0.3435679376125336
62,4200.0,3.652953147888184,-8.879495620727539,0.4207809567451477
63,4300.0,3.652953147888184,-8.879495620727539,0.4207809567451477
64,4400.0,3.666719913482666,-8.893860816955566,0.3549404144287109
65,4500.0,3.666719913482666,-8.893860816955566,0.3549404144287109
66,4600.0,3.75829815864563,-8.878896713256836,0.2944868206977844
67,4700.0,3.736151695251465,-8.78432559967041,0.5363011956214905
68,4800.0,3.736151695251465,-8.78432559967041,0.5363011956214905
69,4900.0,3.7032315731048575,-8.848969459533691,0.5392939448356628
70,5000.0,3.7032315731048575,-8.848969459533691,0.5392939448356628
71,5100.0,3.638587951660156,-8.838793754577637,0.40462008118629456
72,5200.0,3.638587951660156,-8.838793754577637,0.40462008118629456
73,5300.0,3.62841272354126,-8.938752174377441,0.6063315868377686
74,5400.0,3.62841272354126,-8.938752174377441,0.6063315868377686
75,5500.0,3.558382272720337,-8.87410831451416,0.6536170840263367
76,5600.0,3.711611270904541,-8.916007041931152,0.5847837924957275
77,5700.0,3.711611270904541,-8.916007041931152,0.5847837924957275
78,5800.0,3.6745009422302246,-8.87410831451416,0.4746504724025726
79,5900.0,3.6745009422302246,-8.87410831451416,0.4746504724025726
80,4000.0,3.933074951171875,-8.720281600952147,0.3435679376125336
81,4100.0,3.933074951171875,-8.720281600952147,0.3435679376125336
82,4200.0,3.652953147888184,-8.879495620727539,0.4207809567451477
83,4300.0,3.652953147888184,-8.879495620727539,0.4207809567451477
84,4400.0,3.666719913482666,-8.893860816955566,0.3549404144287109
85,4500.0,3.666719913482666,-8.893860816955566,0.3549404144287109
86,4600.0,3.75829815864563,-8.878896713256836,0.2944868206977844
87,4700.0,3.736151695251465,-8.78432559967041,0.5363011956214905
88,4800.0,3.736151695251465,-8.78432559967041,0.5363011956214905
89,4900.0,3.7032315731048575,-8.848969459533691,0.5392939448356628
90,5000.0,3.7032315731048575,-8.848969459533691,0.5392939448356628
91,5100.0,3.638587951660156,-8.838793754577637,0.40462008118629456
92,5200.0,3.638587951660156,-8.838793754577637,0.40462008118629456
93,5300.0,3.62841272354126,-8.938752174377441,0.6063315868377686
94,5400.0,3.62841272354126,-8.938752174377441,0.6063315868377686
95,5500.0,3.558382272720337,-8.87410831451416,0.6536170840263367
96,5600.0,3.711611270904541,-8.916007041931152,0.5847837924957275
97,5700.0,3.711611270904541,-8.916007041931152,0.5847837924957275
98,5800.0,3.6745009422302246,-8.87410831451416,0.4746504724025726
99,5900.0,3.6745009422302246,-8.87410831451416,0.4746504724025726
100,6000.0,3.71280837059021,-8.825027465820312,0.4255693554878235
101,6100.0,3.71280837059021,-8.825027465820312,0.4255693554878235
102,6200.0,3.691859006881714,-8.743025779724121,0.547075092792511
103,6300.0,3.691859006881714,-8.743025779724121,0.547075092792511
104,6400.0,3.6756980419158936,-8.835801124572754,0.6063315868377686
105,6500.0,3.8804023265838623,-8.860342025756836,0.5614402890205383
106,6600.0,3.8804023265838623,-8.860342025756836,0.5614402890205383
107,6700.0,3.4386723041534424,-8.933963775634766,0.6374561786651611
108,6800.0,3.4386723041534424,-8.933963775634766,0.6374561786651611
109,6900.0,3.77565598487854,-8.88907241821289,0.6392518281936646
110,7000.0,3.77565598487854,-8.88907241821289,0.6392518281936646
111,7100.0,3.980360269546509,-8.841188430786133,0.6530185341835022
112,7200.0,3.980360269546509,-8.841188430786133,0.6530185341835022
113,7300.0,4.124012470245361,-8.550890922546388,0.1646013706922531
114,7400.0,4.124012470245361,-8.550890922546388,0.1646013706922531
115,7500.0,4.0312371253967285,-8.738237380981445,0.3794809579849243
116,7600.0,4.157531261444092,-8.697536468505861,0.2890998423099518
117,7700.0,4.157531261444092,-8.697536468505861,0.2890998423099518
118,7800.0,4.110844135284424,-8.734047889709473,0.629675030708313
119,7900.0,4.110844135284424,-8.734047889709473,0.629675030708313
120,6000.0,3.71280837059021,-8.825027465820312,0.4255693554878235
121,6100.0,3.71280837059021,-8.825027465820312,0.4255693554878235
122,6200.0,3.691859006881714,-8.743025779724121,0.547075092792511
123,6300.0,3.691859006881714,-8.743025779724121,0.547075092792511
124,6400.0,3.6756980419158936,-8.835801124572754,0.6063315868377686
125,6500.0,3.8804023265838623,-8.860342025756836,0.5614402890205383
126,6600.0,3.8804023265838623,-8.860342025756836,0.5614402890205383
127,6700.0,3.4386723041534424,-8.933963775634766,0.6374561786651611
128,6800.0,3.4386723041534424,-8.933963775634766,0.6374561786651611
129,6900.0,3.77565598487854,-8.88907241821289,0.6392518281936646
130,7000.0,3.77565598487854,-8.88907241821289,0.6392518281936646
131,7100.0,3.980360269546509,-8.841188430786133,0.6530185341835022
132,7200.0,3.980360269546509,-8.841188430786133,0.6530185341835022
133,7300.0,4.124012470245361,-8.550890922546388,0.1646013706922531
134,7400.0,4.124012470245361,-8.550890922546388,0.1646013706922531
135,7500.0,4.0312371253967285,-8.738237380981445,0.3794809579849243
136,7600.0,4.157531261444092,-8.697536468505861,0.2890998423099518
137,7700.0,4.157531261444092,-8.697536468505861,0.2890998423099518
138,7800.0,4.110844135284424,-8.734047889709473,0.629675030708313
139,7900.0,4.110844135284424,-8.734047889709473,0.629675030708313
140,8000.0,4.126406669616698,-7.6752119064331055,0.8762778043746948
141,8100.0,4.126406669616698,-7.6752119064331055,0.8762778043746948
142,8200.0,4.533421039581299,-8.442553520202638,2.0482394695281982
143,8300.0,3.1190462112426762,-8.923190116882324,-1.213860273361206
144,8400.0,3.1190462112426762,-8.923190116882324,-1.213860273361206
145,8500.0,4.477755546569824,-8.690353393554688,-1.6250643730163574
146,8600.0,4.477755546569824,-8.690353393554688,-1.6250643730163574
147,8700.0,4.4765586853027335,-8.754398345947267,0.15562310814857486
148,8800.0,4.4765586853027335,-8.754398345947267,0.15562310814857486
149,8900.0,4.356249809265137,-8.597578048706055,0.4914098978042602
150,9000.0,4.356249809265137,-8.597578048706055,0.4914098978042602
151,9100.0,3.876811027526856,-8.970475196838379,0.5183446407318115
152,9200.0,4.16112232208252,-8.490437507629395,0.3220201432704925
153,9300.0,4.16112232208252,-8.490437507629395,0.3220201432704925
154,9400.0,4.246715068817139,-8.636484146118164,0.6512228846549988
155,9500.0,4.246715068817139,-8.636484146118164,0.6512228846549988
156,9600.0,3.8361096382141113,-8.790311813354492,0.3998316824436188
157,9700.0,3.8361096382141113,-8.790311813354492,0.3998316824436188
158,9800.0,4.070142745971681,-8.583212852478027,0.4076128304004669
159,9900.0,4.070142745971681,-8.583212852478027,0.4076128304004669
160,8000.0,4.126406669616698,-7.6752119064331055,0.8762778043746948
161,8100.0,4.126406669616698,-7.6752119064331055,0.8762778043746948
162,8200.0,4.533421039581299,-8.442553520202638,2.0482394695281982
163,8300.0,3.1190462112426762,-8.923190116882324,-1.213860273361206
164,8400.0,3.1190462112426762,-8.923190116882324,-1.213860273361206
165,8500.0,4.477755546569824,-8.690353393554688,-1.6250643730163574
166,8600.0,4.477755546569824,-8.690353393554688,-1.6250643730163574
167,8700.0,4.4765586853027335,-8.754398345947267,0.15562310814857486
168,8800.0,4.4765586853027335,-8.754398345947267,0.15562310814857486
169,8900.0,4.356249809265137,-8.597578048706055,0.4914098978042602
170,9000.0,4.356249809265137,-8.597578048706055,0.4914098978042602
171,9100.0,3.876811027526856,-8.970475196838379,0.5183446407318115
172,9200.0,4.16112232208252,-8.490437507629395,0.3220201432704925
173,9300.0,4.16112232208252,-8.490437507629395,0.3220201432704925
174,9400.0,4.246715068817139,-8.636484146118164,0.6512228846549988
175,9500.0,4.246715068817139,-8.636484146118164,0.6512228846549988
176,9600.0,3.8361096382141113,-8.790311813354492,0.3998316824436188
177,9700.0,3.8361096382141113,-8.790311813354492,0.3998316824436188
178,9800.0,4.070142745971681,-8.583212852478027,0.4076128304004669
179,9900.0,4.070142745971681,-8.583212852478027,0.4076128304004669
180,10000.0,3.869628429412842,-8.785523414611816,0.6733692288398743
181,10100.0,4.079121112823486,-8.638877868652344,0.32441434264183044
182,10200.0,4.079121112823486,-8.638877868652344,0.32441434264183044
183,10300.0,4.081515312194823,-8.635287284851074,0.67815762758255
184,10400.0,4.081515312194823,-8.635287284851074,0.67815762758255
185,10500.0,3.8073792457580566,-8.826823234558105,0.5159504413604736
186,10600.0,3.8073792457580566,-8.826823234558105,0.5159504413604736
187,10700.0,4.308964729309082,-8.564059257507324,0.5422866940498352
188,10800.0,4.308964729309082,-8.564059257507324,0.5422866940498352
189,10900.0,3.9552211761474614,-8.672995567321777,0.4411316514015198
190,11000.0,3.989338636398315,-8.653841972351074,0.7044938206672668
191,11100.0,3.989338636398315,-8.653841972351074,0.7044938206672668
192,11200.0,3.7379474639892583,-8.771158218383789,0.333991140127182
193,11300.0,3.7379474639892583,-8.771158218383789,0.333991140127182
194,11400.0,3.6774938106536874,-8.755595207214355,0.6584054827690125
195,11500.0,3.6774938106536874,-8.755595207214355,0.6584054827690125
196,11600.0,4.175487995147705,-8.737040519714355,0.7793126702308655
197,11700.0,4.175487995147705,-8.737040519714355,0.7793126702308655
198,11800.0,3.869628429412842,-8.789113998413086,0.6260837316513062
199,11900.0,3.7481226921081534,-8.718485832214355,0.8092401623725891
200,10000.0,3.869628429412842,-8.785523414611816,0.6733692288398743
201,10100.0,4.079121112823486,-8.638877868652344,0.32441434264183044
202,10200.0,4.079121112823486,-8.638877868652344,0.32441434264183044
203,10300.0,4.081515312194823,-8.635287284851074,0.67815762758255
204,10400.0,4.081515312194823,-8.635287284851074,0.67815762758255
205,10500.0,3.8073792457580566,-8.826823234558105,0.5159504413604736
206,10600.0,3.8073792457580566,-8.826823234558105,0.5159504413604736
207,10700.0,4.308964729309082,-8.564059257507324,0.5422866940498352
208,10800.0,4.308964729309082,-8.564059257507324,0.5422866940498352
209,10900.0,3.9552211761474614,-8.672995567321777,0.4411316514015198
210,11000.0,3.989338636398315,-8.653841972351074,0.7044938206672668
211,11100.0,3.989338636398315,-8.653841972351074,0.7044938206672668
212,11200.0,3.7379474639892583,-8.771158218383789,0.333991140127182
213,11300.0,3.7379474639892583,-8.771158218383789,0.333991140127182
214,11400.0,3.6774938106536874,-8.755595207214355,0.6584054827690125
215,11500.0,3.6774938106536874,-8.755595207214355,0.6584054827690125
216,11600.0,4.175487995147705,-8.737040519714355,0.7793126702308655
217,11700.0,4.175487995147705,-8.737040519714355,0.7793126702308655
218,11800.0,3.869628429412842,-8.789113998413086,0.6260837316513062
219,11900.0,3.7481226921081534,-8.718485832214355,0.8092401623725891
220,12000.0,3.7481226921081534,-8.718485832214355,0.8092401623725891
221,12100.0,4.301782131195068,-8.637083053588867,0.7727286219596863
222,12200.0,4.301782131195068,-8.637083053588867,0.7727286219596863
223,12300.0,3.9935283660888667,-8.609549522399902,0.6194996833801271
224,12400.0,3.9935283660888667,-8.609549522399902,0.6194996833801271
225,12500.0,3.872621297836304,-8.682572364807129,0.6230909824371338
226,12600.0,3.872621297836304,-8.682572364807129,0.6230909824371338
227,12700.0,3.9857473373413086,-8.550890922546388,0.5398924946784973
228,12800.0,3.2094273567199707,-9.348758697509766,0.9762357473373412
229,12900.0,3.2094273567199707,-9.348758697509766,0.9762357473373412
230,13000.0,4.123414039611816,-8.74960994720459,0.20231004059314728
231,13100.0,4.123414039611816,-8.74960994720459,0.20231004059314728
232,13200.0,3.506308317184448,-8.863334655761719,0.5099649429321289
233,13300.0,3.506308317184448,-8.863334655761719,0.5099649429321289
234,13400.0,4.389768600463866,-8.35097599029541,0.17477671802043915
235,13500.0,4.389768600463866,-8.35097599029541,0.17477671802043915
236,13600.0,4.1371803283691415,-8.695141792297362,0.5746083855628967
237,13700.0,4.196436882019043,-8.60236644744873,0.7918822169303894
238,13800.0,4.196436882019043,-8.60236644744873,0.7918822169303894
239,13900.0,3.4949359893798833,-8.76457405090332,0.5626373887062073
240,12000.0,3.7481226921081534,-8.718485832214355,0.8092401623725891
241,12100.0,4.301782131195068,-8.637083053588867,0.7727286219596863
242,12200.0,4.301782131195068,-8.637083053588867,0.7727286219596863
243,12300.0,3.9935283660888667,-8.609549522399902,0.6194996833801271
244,12400.0,3.9935283660888667,-8.609549522399902,0.6194996833801271
245,12500.0,3.872621297836304,-8.682572364807129,0.6230909824371338
246,12600.0,3.872621297836304,-8.682572364807129,0.6230909824371338
247,12700.0,3.9857473373413086,-8.550890922546388,0.5398924946784973
248,12800.0,3.2094273567199707,-9.348758697509766,0.9762357473373412
249,12900.0,3.2094273567199707,-9.348758697509766,0.9762357473373412
250,13000.0,4.123414039611816,-8.74960994720459,0.20231004059314728
251,13100.0,4.123414039611816,-8.74960994720459,0.20231004059314728
252,13200.0,3.506308317184448,-8.863334655761719,0.5099649429321289
253,13300.0,3.506308317184448,-8.863334655761719,0.5099649429321289
254,13400.0,4.389768600463866,-8.35097599029541,0.17477671802043915
255,13500.0,4.389768600463866,-8.35097599029541,0.17477671802043915
256,13600.0,4.1371803283691415,-8.695141792297362,0.5746083855628967
257,13700.0,4.196436882019043,-8.60236644744873,0.7918822169303894
258,13800.0,4.196436882019043,-8.60236644744873,0.7918822169303894
259,13900.0,3.4949359893798833,-8.76457405090332,0.5626373887062073
260,14000.0,3.4949359893798833,-8.76457405090332,0.5626373887062073
261,14100.0,3.952826976776123,-8.770559310913086,0.801459014415741
262,14200.0,3.952826976776123,-8.770559310913086,0.801459014415741
263,14300.0,3.618835926055908,-8.833407402038574,0.7972691655158997
264,14400.0,3.618835926055908,-8.833407402038574,0.7972691655158997
265,14500.0,4.095282077789307,-8.695141792297362,0.7122750282287598
266,14600.0,3.4997243881225586,-8.81784439086914,0.5793967843055725
267,14700.0,3.4997243881225586,-8.81784439086914,0.5793967843055725
268,14800.0,3.904942989349365,-8.773551940917969,0.8517372608184814
269,14900.0,3.904942989349365,-8.773551940917969,0.8517372608184814
270,15000.0,3.7989995479583736,-8.752602577209473,0.7601590156555176
271,15100.0,3.7989995479583736,-8.752602577209473,0.7601590156555176
272,15200.0,4.00849199295044,-8.741230010986326,0.7805097699165344
273,15300.0,4.00849199295044,-8.741230010986326,0.7805097699165344
274,15400.0,3.9462430477142334,-8.71369743347168,0.823006808757782
275,15500.0,3.9552211761474614,-8.742427825927733,0.9906009435653688
276,15600.0,3.9552211761474614,-8.742427825927733,0.9906009435653688
277,15700.0,3.5146880149841313,-8.793902397155763,0.6590040326118469
278,15800.0,3.5146880149841313,-8.793902397155763,0.6590040326118469
279,15900.0,3.7989995479583736,-8.737040519714355,0.5931634902954102
280,14000.0,3.4949359893798833,-8.76457405090332,0.5626373887062073
281,14100.0,3.952826976776123,-8.770559310913086,0.801459014415741
282,14200.0,3.952826976776123,-8.770559310913086,0.801459014415741
283,14300.0,3.618835926055908,-8.833407402038574,0.7972691655158997
284,14400.0,3.618835926055908,-8.833407402038574,0.7972691655158997
285,14500.0,4.095282077789307,-8.695141792297362,0.7122750282287598
286,14600.0,3.4997243881225586,-8.81784439086914,0.5793967843055725
287,14700.0,3.4997243881225586,-8.81784439086914,0.5793967843055725
288,14800.0,3.904942989349365,-8.773551940917969,0.8517372608184814
289,14900.0,3.904942989349365,-8.773551940917969,0.8517372608184814
290,15000.0,3.7989995479583736,-8.752602577209473,0.7601590156555176
291,15100.0,3.7989995479583736,-8.752602577209473,0.7601590156555176
292,15200.0,4.00849199295044,-8.741230010986326,0.7805097699165344
293,15300.0,4.00849199295044,-8.741230010986326,0.7805097699165344
294,15400.0,3.9462430477142334,-8.71369743347168,0.823006808757782
295,15500.0,3.9552211761474614,-8.742427825927733,0.9906009435653688
296,15600.0,3.9552211761474614,-8.742427825927733,0.9906009435653688
297,15700.0,3.5146880149841313,-8.793902397155763,0.6590040326118469
298,15800.0,3.5146880149841313,-8.793902397155763,0.6590040326118469
299,15900.0,3.7989995479583736,-8.737040519714355,0.5931634902954102
300,16000.0,3.7989995479583736,-8.737040519714355,0.5931634902954102
301,16100.0,3.7307648658752437,-8.810063362121582,0.7068880796432495
302,16200.0,3.7307648658752437,-8.810063362121582,0.7068880796432495
303,16300.0,3.456628799438477,-8.860940933227539,0.690727174282074
304,16400.0,3.727173566818237,-8.872312545776367,0.6596025824546814
305,16500.0,3.727173566818237,-8.872312545776367,0.6596025824546814
306,16600.0,3.6158430576324463,-8.810063362121582,0.8738836050033569
307,16700.0,3.6158430576324463,-8.810063362121582,0.8738836050033569
308,16800.0,3.985148668289185,-8.697536468505861,0.8349778652191162
309,16900.0,3.985148668289185,-8.697536468505861,0.8349778652191162
310,17000.0,3.785831451416016,-8.792705535888674,0.7882909178733826
311,17100.0,3.785831451416016,-8.792705535888674,0.7882909178733826
312,17200.0,3.824138641357422,-8.767566680908201,0.6631938815116882
313,17300.0,3.824138641357422,-8.767566680908201,0.6631938815116882
314,17400.0,3.9001545906066895,-8.701127052307129,0.8756792545318604
315,17500.0,4.0569748878478995,-8.647257804870605,0.7134721279144287
316,17600.0,4.0569748878478995,-8.647257804870605,0.7134721279144287
317,17700.0,3.5015199184417725,-8.873510360717773,0.5488707423210144
318,17800.0,3.5015199184417725,-8.873510360717773,0.5488707423210144
319,17900.0,3.588908433914185,-8.882488250732422,0.6602011322975159
320,16000.0,3.7989995479583736,-8.737040519714355,0.5931634902954102
321,16100.0,3.7307648658752437,-8.810063362121582,0.7068880796432495
322,16200.0,3.7307648658752437,-8.810063362121582,0.7068880796432495
323,16300.0,3.456628799438477,-8.860940933227539,0.690727174282074
324,16400.0,3.727173566818237,-8.872312545776367,0.6596025824546814
325,16500.0,3.727173566818237,-8.872312545776367,0.6596025824546814
326,16600.0,3.6158430576324463,-8.810063362121582,0.8738836050033569
327,16700.0,3.6158430576324463,-8.810063362121582,0.8738836050033569
328,16800.0,3.985148668289185,-8.697536468505861,0.8349778652191162
329,16900.0,3.985148668289185,-8.697536468505861,0.8349778652191162
330,17000.0,3.785831451416016,-8.792705535888674,0.7882909178733826
331,17100.0,3.785831451416016,-8.792705535888674,0.7882909178733826
332,17200.0,3.824138641357422,-8.767566680908201,0.6631938815116882
333,17300.0,3.824138641357422,-8.767566680908201,0.6631938815116882
334,17400.0,3.9001545906066895,-8.701127052307129,0.8756792545318604
335,17500.0,4.0569748878478995,-8.647257804870605,0.7134721279144287
336,17600.0,4.0569748878478995,-8.647257804870605,0.7134721279144287
337,17700.0,3.5015199184417725,-8.873510360717773,0.5488707423210144
338,17800.0,3.5015199184417725,-8.873510360717773,0.5488707423210144
339,17900.0,3.588908433914185,-8.882488250732422,0.6602011322975159
340,18000.0,3.588908433914185,-8.882488250732422,0.6602011322975159
341,18100.0,3.691859006881714,-8.832210540771484,0.5273229479789734
342,18200.0,3.691859006881714,-8.832210540771484,0.5273229479789734
343,18300.0,3.800196647644043,-8.755595207214355,0.6769605278968811
344,18400.0,3.8552632331848153,-8.82323169708252,0.6859387755393982
345,18500.0,3.8552632331848153,-8.82323169708252,0.6859387755393982
346,18600.0,3.8612487316131587,-8.734047889709473,0.3992331326007843
347,18700.0,3.8612487316131587,-8.734047889709473,0.3992331326007843
348,18800.0,3.5667619705200195,-8.853158950805664,0.7703344225883484
349,18900.0,3.5667619705200195,-8.853158950805664,0.7703344225883484
350,19000.0,3.9677908420562735,-8.754398345947267,0.828393816947937
351,19100.0,3.9677908420562735,-8.754398345947267,0.828393816947937
352,19200.0,3.543418407440185,-8.989628791809082,0.801459014415741
353,19300.0,3.569754838943481,-8.790311813354492,0.4028244316577912
354,19400.0,3.569754838943481,-8.790311813354492,0.4028244316577912
355,19500.0,4.457405090332031,-8.626907348632812,0.5291185975074768
356,19600.0,4.457405090332031,-8.626907348632812,0.5291185975074768
357,19700.0,3.7026329040527344,-8.87171459197998,0.4746504724025726
358,19800.0,3.7026329040527344,-8.87171459197998,0.4746504724025726
359,19900.0,3.9869444370269775,-8.572439193725586,0.21428105235099792
360,18000.0,3.588908433914185,-8.882488250732422,0.6602011322975159
361,18100.0,3.691859006881714,-8.832210540771484,0.5273229479789734
362,18200.0,3.691859006881714,-8.832210540771484,0.5273229479789734
363,18300.0,3.800196647644043,-8.755595207214355,0.6769605278968811
364,18400.0,3.8552632331848153,-8.82323169708252,0.6859387755393982
365,18500.0,3.8552632331848153,-8.82323169708252,0.6859387755393982
366,18600.0,3.8612487316131587,-8.734047889709473,0.3992331326007843
367,18700.0,3.8612487316131587,-8.734047889709473,0.3992331326007843
368,18800.0,3.5667619705200195,-8.853158950805664,0.7703344225883484
369,18900.0,3.5667619705200195,-8.853158950805664,0.7703344225883484
370,19000.0,3.9677908420562735,-8.754398345947267,0.828393816947937
371,19100.0,3.9677908420562735,-8.754398345947267,0.828393816947937
372,19200.0,3.543418407440185,-8.989628791809082,0.801459014415741
373,19300.0,3.569754838943481,-8.790311813354492,0.4028244316577912
374,19400.0,3.569754838943481,-8.790311813354492,0.4028244316577912
375,19500.0,4.457405090332031,-8.626907348632812,0.5291185975074768
376,19600.0,4.457405090332031,-8.626907348632812,0.5291185975074768
377,19700.0,3.7026329040527344,-8.87171459197998,0.4746504724025726
378,19800.0,3.7026329040527344,-8.87171459197998,0.4746504724025726
379,19900.0,3.9869444370269775,-8.572439193725586,0.21428105235099792
380,20000.0,3.9869444370269775,-8.572439193725586,0.21428105235099792
381,20100.0,3.983951568603516,-8.614935874938965,0.2657563984394073
382,20200.0,3.490746021270752,-8.794501304626465,-0.04908113554120064
383,20300.0,3.490746021270752,-8.794501304626465,-0.04908113554120064
384,20400.0,4.1641154289245605,-8.516175270080566,-0.04668693244457245
385,20500.0,4.1641154289245605,-8.516175270080566,-0.04668693244457245
386,20600.0,3.4853591918945317,-8.920196533203125,0.487220048904419
387,20700.0,3.4853591918945317,-8.920196533203125,0.487220048904419
388,20800.0,5.078101634979248,-8.279149055480957,0.5374982953071594
389,20900.0,5.078101634979248,-8.279149055480957,0.5374982953071594
390,21000.0,3.6379895210266113,-8.928576469421387,0.9289502501487732
391,21100.0,3.3620576858520512,-8.941744804382324,0.3489548861980438
392,21200.0,3.3620576858520512,-8.941744804382324,0.3489548861980438
393,21300.0,3.824138641357422,-8.841787338256836,0.6212953329086304
394,21400.0,3.824138641357422,-8.841787338256836,0.6212953329086304
395,21500.0,3.9001545906066895,-8.711901664733888,0.4219780564308167
396,21600.0,3.9001545906066895,-8.711901664733888,0.4219780564308167
397,21700.0,3.819350242614746,-8.777143478393555,0.21368250250816345
398,21800.0,3.819350242614746,-8.777143478393555,0.21368250250816345
399,21900.0,3.737348794937134,-8.793902397155763,0.535702645778656
400,20000.0,3.9869444370269775,-8.572439193725586,0.21428105235099792
401,20100.0,3.983951568603516,-8.614935874938965,0.2657563984394073
402,20200.0,3.490746021270752,-8.794501304626465,-0.04908113554120064
403,20300.0,3.490746021270752,-8.794501304626465,-0.04908113554120064
404,20400.0,4.1641154289245605,-8.516175270080566,-0.04668693244457245
405,20500.0,4.1641154289245605,-8.516175270080566,-0.04668693244457245
406,20600.0,3.4853591918945317,-8.920196533203125,0.487220048904419
407,20700.0,3.4853591918945317,-8.920196533203125,0.487220048904419
408,20800.0,5.078101634979248,-8.279149055480957,0.5374982953071594
409,20900.0,5.078101634979248,-8.279149055480957,0.5374982953071594
410,21000.0,3.6379895210266113,-8.928576469421387,0.9289502501487732
411,21100.0,3.3620576858520512,-8.941744804382324,0.3489548861980438
412,21200.0,3.3620576858520512,-8.941744804382324,0.3489548861980438
413,21300.0,3.824138641357422,-8.841787338256836,0.6212953329086304
414,21400.0,3.824138641357422,-8.841787338256836,0.6212953329086304
415,21500.0,3.9001545906066895,-8.711901664733888,0.4219780564308167
416,21600.0,3.9001545906066895,-8.711901664733888,0.4219780564308167
417,21700.0,3.819350242614746,-8.777143478393555,0.21368250250816345
418,21800.0,3.819350242614746,-8.777143478393555,0.21368250250816345
419,21900.0,3.737348794937134,-8.793902397155763,0.535702645778656
420,22000.0,4.094683647155762,-8.700529098510742,0.4806360006332398
421,22100.0,4.094683647155762,-8.700529098510742,0.4806360006332398
422,22200.0,3.86005163192749,-8.846575736999512,0.768538773059845
423,22300.0,3.86005163192749,-8.846575736999512,0.768538773059845
424,22400.0,3.8612487316131587,-8.761581420898438,0.6631938815116882
425,22500.0,3.8612487316131587,-8.761581420898438,0.6631938815116882
426,22600.0,3.8702270984649663,-8.752602577209473,0.7146692276000977
427,22700.0,3.8702270984649663,-8.752602577209473,0.7146692276000977
428,22800.0,3.869628429412842,-8.651448249816895,0.4351461529731751
429,22900.0,3.5853171348571777,-8.896254539489746,0.8313865661621094
430,23000.0,3.5853171348571777,-8.896254539489746,0.8313865661621094
431,23100.0,3.81994891166687,-8.79928970336914,0.5901707410812378
432,23200.0,3.81994891166687,-8.79928970336914,0.5901707410812378
433,23300.0,4.060565948486328,-8.704718589782715,0.7158663272857666
434,23400.0,4.060565948486328,-8.704718589782715,0.7158663272857666
435,23500.0,3.867234230041504,-8.744223594665527,0.6637924313545227
436,23600.0,3.867234230041504,-8.744223594665527,0.6637924313545227
437,23700.0,3.9414546489715576,-8.728062629699707,0.5542576909065247
438,23800.0,3.851671934127808,-8.713098526000978,0.5650315880775452
439,23900.0,3.851671934127808,-8.713098526000978,0.5650315880775452
440,22000.0,4.094683647155762,-8.700529098510742,0.4806360006332398
441,22100.0,4.094683647155762,-8.700529098510742,0.4806360006332398
442,22200.0,3.86005163192749,-8.846575736999512,0.768538773059845
443,22300.0,3.86005163192749,-8.846575736999512,0.768538773059845
444,22400.0,3.8612487316131587,-8.761581420898438,0.6631938815116882
445,22500.0,3.8612487316131587,-8.761581420898438,0.6631938815116882
446,22600.0,3.8702270984649663,-8.752602577209473,0.7146692276000977
447,22700.0,3.8702270984649663,-8.752602577209473,0.7146692276000977
448,22800.0,3.869628429412842,-8.651448249816895,0.4351461529731751
449,22900.0,3.5853171348571777,-8.896254539489746,0.8313865661621094
450,23000.0,3.5853171348571777,-8.896254539489746,0.8313865661621094
451,23100.0,3.81994891166687,-8.79928970336914,0.5901707410812378
452,23200.0,3.81994891166687,-8.79928970336914,0.5901707410812378
453,23300.0,4.060565948486328,-8.704718589782715,0.7158663272857666
454,23400.0,4.060565948486328,-8.704718589782715,0.7158663272857666
455,23500.0,3.867234230041504,-8.744223594665527,0.6637924313545227
456,23600.0,3.867234230041504,-8.744223594665527,0.6637924313545227
457,23700.0,3.9414546489715576,-8.728062629699707,0.5542576909065247
458,23800.0,3.851671934127808,-8.713098526000978,0.5650315880775452
459,23900.0,3.851671934127808,-8.713098526000978,0.5650315880775452
460,24000.0,4.2072110176086435,-8.609549522399902,0.8720879554748535
461,24100.0,4.2072110176086435,-8.609549522399902,0.8720879554748535
462,24200.0,3.597886562347412,-8.863933563232422,0.7410054206848145
463,24300.0,3.597886562347412,-8.863933563232422,0.7410054206848145
464,24400.0,3.681085109710693,-8.852560997009277,0.6685808300971985
465,24500.0,3.681085109710693,-8.852560997009277,0.6685808300971985
466,24600.0,4.170100688934326,-8.671798706054688,0.7864952683448792
467,24700.0,3.426102638244629,-8.869918823242188,0.5704185366630554
468,24800.0,3.426102638244629,-8.869918823242188,0.5704185366630554
469,24900.0,3.8163576126098633,-8.815450668334961,0.7858967185020447
470,25000.0,3.8163576126098633,-8.815450668334961,0.7858967185020447
471,25100.0,3.84269380569458,-8.743025779724121,0.4303577542304993
472,25200.0,3.84269380569458,-8.743025779724121,0.4303577542304993
473,25300.0,3.925293684005737,-8.706514358520508,0.6320692300796509
474,25400.0,3.925293684005737,-8.706514358520508,0.6320692300796509
475,25500.0,3.453635931015014,-9.024943351745604,0.8451532125473022
476,25600.0,4.1886558532714835,-8.617929458618164,0.7541735172271729
477,25700.0,4.1886558532714835,-8.617929458618164,0.7541735172271729
478,25800.0,3.8289270401000977,-8.735244750976562,0.5452794432640076
479,25900.0,3.8289270401000977,-8.735244750976562,0.5452794432640076
480,24000.0,4.2072110176086435,-8.609549522399902,0.8720879554748535
481,24100.0,4.2072110176086435,-8.609549522399902,0.8720879554748535
482,24200.0,3.597886562347412,-8.863933563232422,0.7410054206848145
483,24300.0,3.597886562347412,-8.863933563232422,0.7410054206848145
484,24400.0,3.681085109710693,-8.852560997009277,0.6685808300971985
485,24500.0,3.681085109710693,-8.852560997009277,0.6685808300971985
486,24600.0,4.170100688934326,-8.671798706054688,0.7864952683448792
487,24700.0,3.426102638244629,-8.869918823242188,0.5704185366630554
488,24800.0,3.426102638244629,-8.869918823242188,0.5704185366630554
489,24900.0,3.8163576126098633,-8.815450668334961,0.7858967185020447
490,25000.0,3.8163576126098633,-8.815450668334961,0.7858967185020447
491,25100.0,3.84269380569458,-8.743025779724121,0.4303577542304993
492,25200.0,3.84269380569458,-8.743025779724121,0.4303577542304993
493,25300.0,3.925293684005737,-8.706514358520508,0.6320692300796509
494,25400.0,3.925293684005737,-8.706514358520508,0.6320692300796509
495,25500.0,3.453635931015014,-9.024943351745604,0.8451532125473022
496,25600.0,4.1886558532714835,-8.617929458618164,0.7541735172271729
497,25700.0,4.1886558532714835,-8.617929458618164,0.7541735172271729
498,25800.0,3.8289270401000977,-8.735244750976562,0.5452794432640076
499,25900.0,3.8289270401000977,-8.735244750976562,0.5452794432640076
500,26000.0,4.0539822578430185,-8.681973457336426,0.8966285586357117
501,26100.0,4.0539822578430185,-8.681973457336426,0.8966285586357117
502,26200.0,3.6954503059387207,-8.80587387084961,0.5847837924957275
503,26300.0,3.6954503059387207,-8.80587387084961,0.5847837924957275
504,26400.0,4.090493679046632,-8.672396659851074,0.9481038451194764
505,26500.0,4.1449618339538565,-8.550890922546388,0.7739257216453552
506,26600.0,4.1449618339538565,-8.550890922546388,0.7739257216453552
507,26700.0,3.973177671432495,-8.739435195922853,0.6518214344978333
508,26800.0,3.973177671432495,-8.739435195922853,0.6518214344978333
509,26900.0,4.059369087219238,-8.751405715942383,0.8271966576576233
510,27000.0,4.059369087219238,-8.751405715942383,0.8271966576576233
511,27100.0,3.843292236328125,-8.789113998413086,0.6925228238105774
512,27200.0,3.843292236328125,-8.789113998413086,0.6925228238105774
513,27300.0,3.833117008209229,-8.698733329772951,0.6823474764823914
514,27400.0,4.004900932312012,-8.744821548461914,0.3699041604995728
515,27500.0,4.004900932312012,-8.744821548461914,0.3699041604995728
516,27600.0,3.5446155071258545,-8.896254539489746,0.7655459642410278
517,27700.0,3.5446155071258545,-8.896254539489746,0.7655459642410278
518,27800.0,3.388992547988892,-8.895057678222656,0.579995334148407
519,27900.0,3.388992547988892,-8.895057678222656,0.579995334148407
520,26000.0,4.0539822578430185,-8.681973457336426,0.8966285586357117
521,26100.0,4.0539822578430185,-8.681973457336426,0.8966285586357117
522,26200.0,3.6954503059387207,-8.80587387084961,0.5847837924957275
523,26300.0,3.6954503059387207,-8.80587387084961,0.5847837924957275
524,26400.0,4.090493679046632,-8.672396659851074,0.9481038451194764
525,26500.0,4.1449618339538565,-8.550890922546388,0.7739257216453552
526,26600.0,4.1449618339538565,-8.550890922546388,0.7739257216453552
527,26700.0,3.973177671432495,-8.739435195922853,0.6518214344978333
528,26800.0,3.973177671432495,-8.739435195922853,0.6518214344978333
529,26900.0,4.059369087219238,-8.751405715942383,0.8271966576576233
530,27000.0,4.059369087219238,-8.751405715942383,0.8271966576576233
531,27100.0,3.843292236328125,-8.789113998413086,0.6925228238105774
532,27200.0,3.843292236328125,-8.789113998413086,0.6925228238105774
533,27300.0,3.833117008209229,-8.698733329772951,0.6823474764823914
534,27400.0,4.004900932312012,-8.744821548461914,0.3699041604995728
535,27500.0,4.004900932312012,-8.744821548461914,0.3699041604995728
536,27600.0,3.5446155071258545,-8.896254539489746,0.7655459642410278
537,27700.0,3.5446155071258545,-8.896254539489746,0.7655459642410278
538,27800.0,3.388992547988892,-8.895057678222656,0.579995334148407
539,27900.0,3.388992547988892,-8.895057678222656,0.579995334148407
540,28000.0,3.775057554244995,-8.832210540771484,0.6709750294685364
541,28100.0,3.775057554244995,-8.832210540771484,0.6709750294685364
542,28200.0,3.6972460746765137,-8.818443298339844,0.6709750294685364
543,28300.0,3.5302503108978267,-8.83819580078125,0.5087678432464601
544,28400.0,3.5302503108978267,-8.83819580078125,0.5087678432464601
545,28500.0,4.109647274017334,-8.621520042419434,0.9026140570640564
546,28600.0,4.109647274017334,-8.621520042419434,0.9026140570640564
547,28700.0,3.994725465774536,-8.7669677734375,0.7535749673843384
548,28800.0,3.994725465774536,-8.7669677734375,0.7535749673843384
549,28900.0,3.9408559799194336,-8.784924507141112,0.8972271084785461
550,29000.0,3.9408559799194336,-8.784924507141112,0.8972271084785461
551,29100.0,3.6409821510314937,-8.880094528198242,0.8254010081291199
552,29200.0,3.9019501209259033,-8.685564994812013,0.7092822790145874
553,29300.0,3.9019501209259033,-8.685564994812013,0.7092822790145874
554,29400.0,3.700238704681397,-8.78432559967041,0.9038111567497252
555,29500.0,3.700238704681397,-8.78432559967041,0.9038111567497252
556,29600.0,4.2251672744750985,-8.716690063476562,0.6476315855979919
557,29700.0,4.2251672744750985,-8.716690063476562,0.6476315855979919
558,29800.0,3.693654775619507,-8.794501304626465,0.8930372595787048
559,29900.0,3.693654775619507,-8.794501304626465,0.8930372595787048
560,28000.0,3.775057554244995,-8.832210540771484,0.6709750294685364
561,28100.0,3.775057554244995,-8.832210540771484,0.6709750294685364
562,28200.0,3.6972460746765137,-8.818443298339844,0.6709750294685364
563,28300.0,3.5302503108978267,-8.83819580078125,0.5087678432464601
564,28400.0,3.5302503108978267,-8.83819580078125,0.5087678432464601
565,28500.0,4.109647274017334,-8.621520042419434,0.9026140570640564
566,28600.0,4.109647274017334,-8.621520042419434,0.9026140570640564
567,28700.0,3.994725465774536,-8.7669677734375,0.7535749673843384
568,28800.0,3.994725465774536,-8.7669677734375,0.7535749673843384
569,28900.0,3.9408559799194336,-8.784924507141112,0.8972271084785461
570,29000.0,3.9408559799194336,-8.784924507141112,0.8972271084785461
571,29100.0,3.6409821510314937,-8.880094528198242,0.8254010081291199
572,29200.0,3.9019501209259033,-8.685564994812013,0.7092822790145874
573,29300.0,3.9019501209259033,-8.685564994812013,0.7092822790145874
574,29400.0,3.700238704681397,-8.78432559967041,0.9038111567497252
575,29500.0,3.700238704681397,-8.78432559967041,0.9038111567497252
576,29600.0,4.2251672744750985,-8.716690063476562,0.6476315855979919
577,29700.0,4.2251672744750985,-8.716690063476562,0.6476315855979919
578,29800.0,3.693654775619507,-8.794501304626465,0.8930372595787048
579,29900.0,3.693654775619507,-8.794501304626465,0.8930372595787048
580,30000.0,3.7612907886505127,-8.810662269592285,0.8188169598579407
581,30100.0,3.778050184249878,-8.804078102111816,0.983418345451355
582,30200.0,3.778050184249878,-8.804078102111816,0.983418345451355
583,30300.0,3.954024076461792,-8.722675323486326,0.641047477722168
584,30400.0,3.954024076461792,-8.722675323486326,0.641047477722168
585,30500.0,3.7379474639892583,-8.807669639587402,0.9708487987518309
586,30600.0,3.7379474639892583,-8.807669639587402,0.9708487987518309
587,30700.0,3.693654775619507,-8.738836288452147,0.6105214357376099
588,30800.0,3.693654775619507,-8.738836288452147,0.6105214357376099
589,30900.0,3.7684733867645264,-8.818443298339844,0.8690952062606812
590,31000.0,3.6176388263702393,-8.85555362701416,0.7344213724136353
591,31100.0,3.6176388263702393,-8.85555362701416,0.7344213724136353
592,31200.0,4.000112533569337,-8.722076416015625,0.5781996846199036
593,31300.0,4.000112533569337,-8.722076416015625,0.5781996846199036
594,31400.0,3.4608185291290283,-8.852560997009277,0.8254010081291199
595,31500.0,3.4608185291290283,-8.852560997009277,0.8254010081291199
596,31600.0,4.001908302307129,-8.670002937316895,0.6141127347946167
597,31700.0,4.001908302307129,-8.670002937316895,0.6141127347946167
598,31800.0,3.531447410583496,-8.916007041931152,0.8858546018600464
599,31900.0,3.770867586135864,-8.826224327087402,0.6613982319831848
600,30000.0,3.7612907886505127,-8.810662269592285,0.8188169598579407
601,30100.0,3.778050184249878,-8.804078102111816,0.983418345451355
602,30200.0,3.778050184249878,-8.804078102111816,0.983418345451355
603,30300.0,3.954024076461792,-8.722675323486326,0.641047477722168
604,30400.0,3.954024076461792,-8.722675323486326,0.641047477722168
605,30500.0,3.7379474639892583,-8.807669639587402,0.9708487987518309
606,30600.0,3.7379474639892583,-8.807669639587402,0.9708487987518309
607,30700.0,3.693654775619507,-8.738836288452147,0.6105214357376099
608,30800.0,3.693654775619507,-8.738836288452147,0.6105214357376099
609,30900.0,3.7684733867645264,-8.818443298339844,0.8690952062606812
610,31000.0,3.6176388263702393,-8.85555362701416,0.7344213724136353
611,31100.0,3.6176388263702393,-8.85555362701416,0.7344213724136353
612,31200.0,4.000112533569337,-8.722076416015625,0.5781996846199036
613,31300.0,4.000112533569337,-8.722076416015625,0.5781996846199036
614,31400.0,3.4608185291290283,-8.852560997009277,0.8254010081291199
615,31500.0,3.4608185291290283,-8.852560997009277,0.8254010081291199
616,31600.0,4.001908302307129,-8.670002937316895,0.6141127347946167
617,31700.0,4.001908302307129,-8.670002937316895,0.6141127347946167
618,31800.0,3.531447410583496,-8.916007041931152,0.8858546018600464
619,31900.0,3.770867586135864,-8.826224327087402,0.6613982319831848
620,32000.0,3.770867586135864,-8.826224327087402,0.6613982319831848
621,32100.0,3.4775779247283936,-8.928576469421387,0.5740098357200623
622,32200.0,3.4775779247283936,-8.928576469421387,0.5740098357200623
623,32300.0,3.3387143611907963,-8.944737434387207,0.4171896576881409
624,32400.0,3.3387143611907963,-8.944737434387207,0.4171896576881409
625,32500.0,3.907935619354248,-8.775946617126465,0.6374561786651611
626,32600.0,3.907935619354248,-8.775946617126465,0.6374561786651611
627,32700.0,3.3943793773651123,-8.884284019470215,0.6931213736534119
628,32800.0,3.886387825012207,-8.701127052307129,0.884058952331543
629,32900.0,3.886387825012207,-8.701127052307129,0.884058952331543
630,33000.0,3.745130062103272,-8.829216957092285,0.8313865661621094
631,33100.0,3.745130062103272,-8.829216957092285,0.8313865661621094
632,33200.0,3.82653284072876,-8.75080680847168,0.9127894043922424
633,33300.0,3.82653284072876,-8.75080680847168,0.9127894043922424
634,33400.0,3.963600873947144,-8.692748069763184,0.9618705511093141
635,33500.0,3.963600873947144,-8.692748069763184,0.9618705511093141
636,33600.0,3.8361096382141113,-8.760383605957031,0.7098808288574219
637,33700.0,3.705027103424072,-8.847772598266602,0.8547300100326538
638,33800.0,3.705027103424072,-8.847772598266602,0.8547300100326538
639,33900.0,3.895964622497559,-8.751405715942383,0.8313865661621094
640,32000.0,3.770867586135864,-8.826224327087402,0.6613982319831848
641,32100.0,3.4775779247283936,-8.928576469421387,0.5740098357200623
642,32200.0,3.4775779247283936,-8.928576469421387,0.5740098357200623
643,32300.0,3.3387143611907963,-8.944737434387207,0.4171896576881409
644,32400.0,3.3387143611907963,-8.944737434387207,0.4171896576881409
645,32500.0,3.907935619354248,-8.775946617126465,0.6374561786651611
646,32600.0,3.907935619354248,-8.775946617126465,0.6374561786651611
647,32700.0,3.3943793773651123,-8.884284019470215,0.6931213736534119
648,32800.0,3.886387825012207,-8.701127052307129,0.884058952331543
649,32900.0,3.886387825012207,-8.701127052307129,0.884058952331543
650,33000.0,3.745130062103272,-8.829216957092285,0.8313865661621094
651,33100.0,3.745130062103272,-8.829216957092285,0.8313865661621094
652,33200.0,3.82653284072876,-8.75080680847168,0.9127894043922424
653,33300.0,3.82653284072876,-8.75080680847168,0.9127894043922424
654,33400.0,3.963600873947144,-8.692748069763184,0.9618705511093141
655,33500.0,3.963600873947144,-8.692748069763184,0.9618705511093141
656,33600.0,3.8361096382141113,-8.760383605957031,0.7098808288574219
657,33700.0,3.705027103424072,-8.847772598266602,0.8547300100326538
658,33800.0,3.705027103424072,-8.847772598266602,0.8547300100326538
659,33900.0,3.895964622497559,-8.751405715942383,0.8313865661621094
660,34000.0,3.895964622497559,-8.751405715942383,0.8313865661621094
661,34100.0,3.626018524169922,-8.908824920654297,0.8966285586357117
662,34200.0,3.626018524169922,-8.908824920654297,0.8966285586357117
663,34300.0,4.103063106536865,-8.639476776123049,0.7930793166160583
664,34400.0,4.103063106536865,-8.639476776123049,0.7930793166160583
665,34500.0,3.745130062103272,-8.769960403442383,0.7823054194450378
666,34600.0,3.6104562282562256,-8.85794734954834,0.8601169586181641
667,34700.0,3.6104562282562256,-8.85794734954834,0.8601169586181641
668,34800.0,3.8181531429290767,-8.7298583984375,0.7439981698989868
669,34900.0,3.8181531429290767,-8.7298583984375,0.7439981698989868
670,35000.0,3.889979124069214,-8.755595207214355,0.8846575021743774
671,35100.0,3.889979124069214,-8.755595207214355,0.8846575021743774
672,35200.0,3.889979124069214,-8.755595207214355,0.8846575021743774
673,35300.0,3.399766445159912,-8.918401718139648,0.5919663906097412
674,35400.0,3.7846343517303462,-8.758588790893555,0.689530074596405
675,35500.0,3.508104085922241,-8.923190116882324,0.8942343592643738
676,35600.0,3.508104085922241,-8.923190116882324,0.8942343592643738
677,35700.0,3.6930561065673833,-8.858546257019043,0.7978677153587341
678,35800.0,3.6930561065673833,-8.858546257019043,0.7978677153587341
679,35900.0,3.4883518218994136,-8.93037223815918,0.8780734539031982
680,34000.0,3.895964622497559,-8.751405715942383,0.8313865661621094
681,34100.0,3.626018524169922,-8.908824920654297,0.8966285586357117
682,34200.0,3.626018524169922,-8.908824920654297,0.8966285586357117
683,34300.0,4.103063106536865,-8.639476776123049,0.7930793166160583
684,34400.0,4.103063106536865,-8.639476776123049,0.7930793166160583
685,34500.0,3.745130062103272,-8.769960403442383,0.7823054194450378
686,34600.0,3.6104562282562256,-8.85794734954834,0.8601169586181641
687,34700.0,3.6104562282562256,-8.85794734954834,0.8601169586181641
688,34800.0,3.8181531429290767,-8.7298583984375,0.7439981698989868
689,34900.0,3.8181531429290767,-8.7298583984375,0.7439981698989868
690,35000.0,3.889979124069214,-8.755595207214355,0.8846575021743774
691,35100.0,3.889979124069214,-8.755595207214355,0.8846575021743774
692,35200.0,3.889979124069214,-8.755595207214355,0.8846575021743774
693,35300.0,3.399766445159912,-8.918401718139648,0.5919663906097412
694,35400.0,3.7846343517303462,-8.758588790893555,0.689530074596405
695,35500.0,3.508104085922241,-8.923190116882324,0.8942343592643738
696,35600.0,3.508104085922241,-8.923190116882324,0.8942343592643738
697,35700.0,3.6930561065673833,-8.858546257019043,0.7978677153587341
698,35800.0,3.6930561065673833,-8.858546257019043,0.7978677153587341
699,35900.0,3.4883518218994136,-8.93037223815918,0.8780734539031982
700,36000.0,3.4883518218994136,-8.93037223815918,0.8780734539031982
701,36100.0,3.945644378662109,-8.711302757263184,0.7272387742996216
702,36200.0,3.945644378662109,-8.711302757263184,0.7272387742996216
703,36300.0,3.6673183441162114,-8.828619003295898,0.6937199234962463
704,36400.0,3.760692358016968,-8.716690063476562,0.6536170840263367
705,36500.0,3.760692358016968,-8.716690063476562,0.6536170840263367
706,36600.0,3.5865142345428467,-8.74721622467041,0.6733692288398743
707,36700.0,3.5865142345428467,-8.74721622467041,0.6733692288398743
708,36800.0,3.842095136642456,-8.811859130859375,0.7146692276000977
709,36900.0,3.842095136642456,-8.811859130859375,0.7146692276000977
710,37000.0,4.132990837097168,-8.630498886108397,0.899621307849884
711,37100.0,4.132990837097168,-8.630498886108397,0.899621307849884
712,37200.0,3.775057554244995,-8.759785652160645,0.884058952331543
713,37300.0,3.6164417266845694,-8.913613319396973,0.9217676520347596
714,37400.0,3.6164417266845694,-8.913613319396973,0.9217676520347596
715,37500.0,3.5248634815216064,-8.932168006896973,0.9481038451194764
716,37600.0,3.5248634815216064,-8.932168006896973,0.9481038451194764
717,37700.0,3.5470097064971924,-8.795698165893555,0.5578489899635315
718,37800.0,3.5470097064971924,-8.795698165893555,0.5578489899635315
719,37900.0,3.927687883377075,-8.684368133544924,0.8092401623725891
720,36000.0,3.4883518218994136,-8.93037223815918,0.8780734539031982
721,36100.0,3.945644378662109,-8.711302757263184,0.7272387742996216
722,36200.0,3.945644378662109,-8.711302757263184,0.7272387742996216
723,36300.0,3.6673183441162114,-8.828619003295898,0.6937199234962463
724,36400.0,3.760692358016968,-8.716690063476562,0.6536170840263367
725,36500.0,3.760692358016968,-8.716690063476562,0.6536170840263367
726,36600.0,3.5865142345428467,-8.74721622467041,0.6733692288398743
727,36700.0,3.5865142345428467,-8.74721622467041,0.6733692288398743
728,36800.0,3.842095136642456,-8.811859130859375,0.7146692276000977
729,36900.0,3.842095136642456,-8.811859130859375,0.7146692276000977
730,37000.0,4.132990837097168,-8.630498886108397,0.899621307849884
731,37100.0,4.132990837097168,-8.630498886108397,0.899621307849884
732,37200.0,3.775057554244995,-8.759785652160645,0.884058952331543
733,37300.0,3.6164417266845694,-8.913613319396973,0.9217676520347596
734,37400.0,3.6164417266845694,-8.913613319396973,0.9217676520347596
735,37500.0,3.5248634815216064,-8.932168006896973,0.9481038451194764
736,37600.0,3.5248634815216064,-8.932168006896973,0.9481038451194764
737,37700.0,3.5470097064971924,-8.795698165893555,0.5578489899635315
738,37800.0,3.5470097064971924,-8.795698165893555,0.5578489899635315
739,37900.0,3.927687883377075,-8.684368133544924,0.8092401623725891
740,38000.0,3.927687883377075,-8.684368133544924,0.8092401623725891
741,38100.0,3.3494882583618164,-8.984840393066406,0.8170213103294373
742,38200.0,3.3494882583618164,-8.984840393066406,0.8170213103294373
743,38300.0,3.8744168281555176,-8.756194114685059,0.7715315222740173
744,38400.0,3.503315687179565,-8.799888610839844,0.6967126727104187
745,38500.0,3.503315687179565,-8.799888610839844,0.6967126727104187
746,38600.0,3.822941541671753,-8.87291145324707,0.761954665184021
747,38700.0,3.822941541671753,-8.87291145324707,0.761954665184021
748,38800.0,3.801393747329712,-8.803479194641113,0.8858546018600464
749,38900.0,3.801393747329712,-8.803479194641113,0.8858546018600464
750,39000.0,3.626018524169922,-8.87410831451416,0.7493851184844971
751,39100.0,3.626018524169922,-8.87410831451416,0.7493851184844971
752,39200.0,3.6745009422302246,-8.778939247131348,0.6949170231819153
753,39300.0,3.525461912155152,-8.881889343261719,0.5746083855628967
754,39400.0,3.525461912155152,-8.881889343261719,0.5746083855628967
755,39500.0,3.8163576126098633,-8.773551940917969,0.6290764808654785
756,39600.0,3.8163576126098633,-8.773551940917969,0.6290764808654785
757,39700.0,3.84269380569458,-8.747814178466799,0.8146271109580994
758,39800.0,3.84269380569458,-8.747814178466799,0.8146271109580994
759,39900.0,3.7439329624176025,-8.770559310913086,0.7799112200737
760,38000.0,3.927687883377075,-8.684368133544924,0.8092401623725891
761,38100.0,3.3494882583618164,-8.984840393066406,0.8170213103294373
762,38200.0,3.3494882583618164,-8.984840393066406,0.8170213103294373
763,38300.0,3.8744168281555176,-8.756194114685059,0.7715315222740173
764,38400.0,3.503315687179565,-8.799888610839844,0.6967126727104187
765,38500.0,3.503315687179565,-8.799888610839844,0.6967126727104187
766,38600.0,3.822941541671753,-8.87291145324707,0.761954665184021
767,38700.0,3.822941541671753,-8.87291145324707,0.761954665184021
768,38800.0,3.801393747329712,-8.803479194641113,0.8858546018600464
769,38900.0,3.801393747329712,-8.803479194641113,0.8858546018600464
770,39000.0,3.626018524169922,-8.87410831451416,0.7493851184844971
771,39100.0,3.626018524169922,-8.87410831451416,0.7493851184844971
772,39200.0,3.6745009422302246,-8.778939247131348,0.6949170231819153
773,39300.0,3.525461912155152,-8.881889343261719,0.5746083855628967
774,39400.0,3.525461912155152,-8.881889343261719,0.5746083855628967
775,39500.0,3.8163576126098633,-8.773551940917969,0.6290764808654785
776,39600.0,3.8163576126098633,-8.773551940917969,0.6290764808654785
777,39700.0,3.84269380569458,-8.747814178466799,0.8146271109580994
778,39800.0,3.84269380569458,-8.747814178466799,0.8146271109580994
779,39900.0,3.7439329624176025,-8.770559310913086,0.7799112200737
780,40000.0,3.7439329624176025,-8.770559310913086,0.7799112200737
781,40100.0,3.5883097648620605,-8.865130424499512,0.8044517636299133
782,40200.0,3.7080199718475337,-8.772355079650879,0.6883329749107361
783,40300.0,3.7080199718475337,-8.772355079650879,0.6883329749107361
784,40400.0,3.638587951660156,-8.914810180664062,0.7757213711738586
785,40500.0,3.638587951660156,-8.914810180664062,0.7757213711738586
786,40600.0,3.7307648658752437,-8.766369819641112,0.6829460263252258
787,40700.0,3.7307648658752437,-8.766369819641112,0.6829460263252258
788,40800.0,3.7828385829925537,-8.80048656463623,0.7350199222564697
789,40900.0,3.7828385829925537,-8.80048656463623,0.7350199222564697
790,41000.0,3.7816414833068848,-8.782530784606934,0.7972691655158997
791,41100.0,3.7989995479583736,-8.727463722229004,0.6829460263252258
792,41200.0,3.7989995479583736,-8.727463722229004,0.6829460263252258
793,41300.0,3.6858735084533687,-8.735244750976562,0.7200561761856079
794,41400.0,3.6858735084533687,-8.735244750976562,0.7200561761856079
795,41500.0,3.5703532695770264,-8.988431930541992,0.7823054194450378
796,41600.0,3.5703532695770264,-8.988431930541992,0.7823054194450378
797,41700.0,3.8756139278411865,-8.613739013671875,0.8523358106613159
798,41800.0,3.8756139278411865,-8.613739013671875,0.8523358106613159
799,41900.0,4.002506732940674,-8.734646797180176,0.7242460250854492
800,40000.0,3.7439329624176025,-8.770559310913086,0.7799112200737
801,40100.0,3.5883097648620605,-8.865130424499512,0.8044517636299133
802,40200.0,3.7080199718475337,-8.772355079650879,0.6883329749107361
803,40300.0,3.7080199718475337,-8.772355079650879,0.6883329749107361
804,40400.0,3.638587951660156,-8.914810180664062,0.7757213711738586
805,40500.0,3.638587951660156,-8.914810180664062,0.7757213711738586
806,40600.0,3.7307648658752437,-8.766369819641112,0.6829460263252258
807,40700.0,3.7307648658752437,-8.766369819641112,0.6829460263252258
808,40800.0,3.7828385829925537,-8.80048656463623,0.7350199222564697
809,40900.0,3.7828385829925537,-8.80048656463623,0.7350199222564697
810,41000.0,3.7816414833068848,-8.782530784606934,0.7972691655158997
811,41100.0,3.7989995479583736,-8.727463722229004,0.6829460263252258
812,41200.0,3.7989995479583736,-8.727463722229004,0.6829460263252258
813,41300.0,3.6858735084533687,-8.735244750976562,0.7200561761856079
814,41400.0,3.6858735084533687,-8.735244750976562,0.7200561761856079
815,41500.0,3.5703532695770264,-8.988431930541992,0.7823054194450378
816,41600.0,3.5703532695770264,-8.988431930541992,0.7823054194450378
817,41700.0,3.8756139278411865,-8.613739013671875,0.8523358106613159
818,41800.0,3.8756139278411865,-8.613739013671875,0.8523358106613159
819,41900.0,4.002506732940674,-8.734646797180176,0.7242460250854492
820,42000.0,3.5110967159271236,-8.802881240844727,0.5680243372917175
821,42100.0,3.5110967159271236,-8.802881240844727,0.5680243372917175
822,42200.0,3.687669277191162,-8.930971145629883,0.8661024570465088
823,42300.0,3.687669277191162,-8.930971145629883,0.8661024570465088
824,42400.0,3.4542346000671387,-8.832210540771484,0.7643488645553589
825,42500.0,3.4542346000671387,-8.832210540771484,0.7643488645553589
826,42600.0,3.9019501209259033,-8.596381187438965,0.7140706777572632
827,42700.0,3.9019501209259033,-8.596381187438965,0.7140706777572632
828,42800.0,3.633201122283936,-8.85555362701416,0.8212111592292786
829,42900.0,4.128800868988037,-8.558073997497559,0.4626794755458832
830,43000.0,4.128800868988037,-8.558073997497559,0.4626794755458832
831,43100.0,3.7612907886505127,-8.841787338256836,0.6165069341659546
832,43200.0,3.7612907886505127,-8.841787338256836,0.6165069341659546
833,43300.0,3.9624037742614746,-8.761581420898438,0.6027402877807617
834,43400.0,3.9624037742614746,-8.761581420898438,0.6027402877807617
835,43500.0,3.6290111541748047,-8.850765228271484,0.8529343605041504
836,43600.0,3.6290111541748047,-8.850765228271484,0.8529343605041504
837,43700.0,3.891774892807007,-8.799888610839844,0.8409633636474609
838,43800.0,3.5631706714630127,-8.89026927947998,0.7835025191307068
839,43900.0,3.5631706714630127,-8.89026927947998,0.7835025191307068
840,42000.0,3.5110967159271236,-8.802881240844727,0.5680243372917175
841,42100.0,3.5110967159271236,-8.802881240844727,0.5680243372917175
842,42200.0,3.687669277191162,-8.930971145629883,0.8661024570465088
843,42300.0,3.687669277191162,-8.930971145629883,0.8661024570465088
844,42400.0,3.4542346000671387,-8.832210540771484,0.7643488645553589
845,42500.0,3.4542346000671387,-8.832210540771484,0.7643488645553589
846,42600.0,3.9019501209259033,-8.596381187438965,0.7140706777572632
847,42700.0,3.9019501209259033,-8.596381187438965,0.7140706777572632
848,42800.0,3.633201122283936,-8.85555362701416,0.8212111592292786
849,42900.0,4.128800868988037,-8.558073997497559,0.4626794755458832
850,43000.0,4.128800868988037,-8.558073997497559,0.4626794755458832
851,43100.0,3.7612907886505127,-8.841787338256836,0.6165069341659546
852,43200.0,3.7612907886505127,-8.841787338256836,0.6165069341659546
853,43300.0,3.9624037742614746,-8.761581420898438,0.6027402877807617
854,43400.0,3.9624037742614746,-8.761581420898438,0.6027402877807617
855,43500.0,3.6290111541748047,-8.850765228271484,0.8529343605041504
856,43600.0,3.6290111541748047,-8.850765228271484,0.8529343605041504
857,43700.0,3.891774892807007,-8.799888610839844,0.8409633636474609
858,43800.0,3.5631706714630127,-8.89026927947998,0.7835025191307068
859,43900.0,3.5631706714630127,-8.89026927947998,0.7835025191307068
860,44000.0,4.001309394836427,-8.723274230957031,0.7445967197418213
861,44100.0,4.001309394836427,-8.723274230957031,0.7445967197418213
862,44200.0,3.506308317184448,-8.859145164489746,0.5386953949928284
863,44300.0,3.506308317184448,-8.859145164489746,0.5386953949928284
864,44400.0,3.8827965259552,-8.725069999694824,0.8224082589149475
865,44500.0,3.8827965259552,-8.725069999694824,0.8224082589149475
866,44600.0,3.286041736602783,-9.006388664245605,0.6733692288398743
867,44700.0,3.8540661334991455,-8.744821548461914,0.679354727268219
868,44800.0,3.8540661334991455,-8.744821548461914,0.679354727268219
869,44900.0,3.5667619705200195,-8.861538887023926,0.9391255974769592
870,45000.0,3.5667619705200195,-8.861538887023926,0.9391255974769592
871,45100.0,3.822941541671753,-8.725667953491211,0.8032546639442444
872,45200.0,3.822941541671753,-8.725667953491211,0.8032546639442444
873,45300.0,3.821744441986084,-8.714295387268066,0.7793126702308655
874,45400.0,3.821744441986084,-8.714295387268066,0.7793126702308655
875,45500.0,3.5751416683197017,-8.898649215698242,0.760757565498352
876,45600.0,3.561973571777344,-8.892065048217773,0.8750807046890259
877,45700.0,3.561973571777344,-8.892065048217773,0.8750807046890259
878,45800.0,3.699041604995728,-8.890868186950684,0.7984662652015686
879,45900.0,3.699041604995728,-8.890868186950684,0.7984662652015686
880,44000.0,4.001309394836427,-8.723274230957031,0.7445967197418213
881,44100.0,4.001309394836427,-8.723274230957031,0.7445967197418213
882,44200.0,3.506308317184448,-8.859145164489746,0.5386953949928284
883,44300.0,3.506308317184448,-8.859145164489746,0.5386953949928284
884,44400.0,3.8827965259552,-8.725069999694824,0.8224082589149475
885,44500.0,3.8827965259552,-8.725069999694824,0.8224082589149475
886,44600.0,3.286041736602783,-9.006388664245605,0.6733692288398743
887,44700.0,3.8540661334991455,-8.744821548461914,0.679354727268219
888,44800.0,3.8540661334991455,-8.744821548461914,0.679354727268219
889,44900.0,3.5667619705200195,-8.861538887023926,0.9391255974769592
890,45000.0,3.5667619705200195,-8.861538887023926,0.9391255974769592
891,45100.0,3.822941541671753,-8.725667953491211,0.8032546639442444
892,45200.0,3.822941541671753,-8.725667953491211,0.8032546639442444
893,45300.0,3.821744441986084,-8.714295387268066,0.7793126702308655
894,45400.0,3.821744441986084,-8.714295387268066,0.7793126702308655
895,45500.0,3.5751416683197017,-8.898649215698242,0.760757565498352
896,45600.0,3.561973571777344,-8.892065048217773,0.8750807046890259
897,45700.0,3.561973571777344,-8.892065048217773,0.8750807046890259
898,45800.0,3.699041604995728,-8.890868186950684,0.7984662652015686
899,45900.0,3.699041604995728,-8.890868186950684,0.7984662652015686
900,46000.0,3.889380693435669,-8.699930191040039,0.629675030708313
901,46100.0,3.889380693435669,-8.699930191040039,0.629675030708313
902,46200.0,4.0803184509277335,-8.696338653564451,0.7876923680305481
903,46300.0,4.0803184509277335,-8.696338653564451,0.7876923680305481
904,46400.0,4.327519416809082,-8.526948928833008,0.0454898327589035
905,46500.0,3.693654775619507,-8.951920509338379,0.33099839091300964
906,46600.0,3.693654775619507,-8.951920509338379,0.33099839091300964
907,46700.0,4.467580318450928,-8.595782279968263,-0.2106897532939911
908,46800.0,4.467580318450928,-8.595782279968263,-0.2106897532939911
909,46900.0,3.6511576175689697,-8.92917537689209,0.04908113554120064
910,47000.0,3.6511576175689697,-8.92917537689209,0.04908113554120064
911,47100.0,4.307168960571288,-8.622118949890138,-0.1843535304069519
912,47200.0,4.307168960571288,-8.622118949890138,-0.1843535304069519
913,47300.0,3.8540661334991455,-8.810063362121582,-0.02693476900458336
914,47400.0,4.201225280761719,-8.594585418701174,-0.1173158809542656
915,47500.0,4.201225280761719,-8.594585418701174,-0.1173158809542656
916,47600.0,4.274248600006104,-8.644265174865723,0.12629413604736328
917,47700.0,4.274248600006104,-8.644265174865723,0.12629413604736328
918,47800.0,4.168903827667236,-8.740033149719237,0.09636662155389786
919,47900.0,4.168903827667236,-8.740033149719237,0.09636662155389786
920,46000.0,3.889380693435669,-8.699930191040039,0.629675030708313
921,46100.0,3.889380693435669,-8.699930191040039,0.629675030708313
922,46200.0,4.0803184509277335,-8.696338653564451,0.7876923680305481
923,46300.0,4.0803184509277335,-8.696338653564451,0.7876923680305481
924,46400.0,4.327519416809082,-8.526948928833008,0.0454898327589035
925,46500.0,3.693654775619507,-8.951920509338379,0.33099839091300964
926,46600.0,3.693654775619507,-8.951920509338379,0.33099839091300964
927,46700.0,4.467580318450928,-8.595782279968263,-0.2106897532939911
928,46800.0,4.467580318450928,-8.595782279968263,-0.2106897532939911
929,46900.0,3.6511576175689697,-8.92917537689209,0.04908113554120064
930,47000.0,3.6511576175689697,-8.92917537689209,0.04908113554120064
931,47100.0,4.307168960571288,-8.622118949890138,-0.1843535304069519
932,47200.0,4.307168960571288,-8.622118949890138,-0.1843535304069519
933,47300.0,3.8540661334991455,-8.810063362121582,-0.02693476900458336
934,47400.0,4.201225280761719,-8.594585418701174,-0.1173158809542656
935,47500.0,4.201225280761719,-8.594585418701174,-0.1173158809542656
936,47600.0,4.274248600006104,-8.644265174865723,0.12629413604736328
937,47700.0,4.274248600006104,-8.644265174865723,0.12629413604736328
938,47800.0,4.168903827667236,-8.740033149719237,0.09636662155389786
939,47900.0,4.168903827667236,-8.740033149719237,0.09636662155389786
940,48000.0,4.112639904022217,-8.685564994812013,0.14065934717655182
941,48100.0,4.112639904022217,-8.685564994812013,0.14065934717655182
942,48200.0,3.803189516067505,-8.785523414611816,0.2968810200691223
943,48300.0,4.2521023750305185,-8.699930191040039,0.2364274114370346
944,48400.0,4.2521023750305185,-8.699930191040039,0.2364274114370346
945,48500.0,4.1018662452697745,-8.67598819732666,0.16579847037792206
946,48600.0,4.1018662452697745,-8.67598819732666,0.16579847037792206
947,48700.0,4.0354270935058585,-8.771756172180176,0.3956418335437775
948,48800.0,4.0354270935058585,-8.771756172180176,0.3956418335437775
949,48900.0,3.709815502166748,-8.813654899597168,0.21547815203666687
950,49000.0,3.709815502166748,-8.813654899597168,0.21547815203666687
951,49100.0,3.765480756759644,-8.910619735717773,0.1412578970193863
952,49200.0,3.5278561115264893,-8.911218643188477,0.5135562419891357
953,49300.0,3.5278561115264893,-8.911218643188477,0.5135562419891357
954,49400.0,3.700238704681397,-8.87410831451416,0.2783259451389313
955,49500.0,3.700238704681397,-8.87410831451416,0.2783259451389313
956,49600.0,4.044404983520509,-8.790909767150879,0.4082113802433014
957,49700.0,4.044404983520509,-8.790909767150879,0.4082113802433014
958,49800.0,3.4560301303863525,-9.009979248046877,0.37169981002807617
959,49900.0,3.4560301303863525,-9.009979248046877,0.37169981002807617
960,48000.0,4.112639904022217,-8.685564994812013,0.14065934717655182
961,48100.0,4.112639904022217,-8.685564994812013,0.14065934717655182
962,48200.0,3.803189516067505,-8.785523414611816,0.2968810200691223
963,48300.0,4.2521023750305185,-8.699930191040039,0.2364274114370346
964,48400.0,4.2521023750305185,-8.699930191040039,0.2364274114370346
965,48500.0,4.1018662452697745,-8.67598819732666,0.16579847037792206
966,48600.0,4.1018662452697745,-8.67598819732666,0.16579847037792206
967,48700.0,4.0354270935058585,-8.771756172180176,0.3956418335437775
968,48800.0,4.0354270935058585,-8.771756172180176,0.3956418335437775
969,48900.0,3.709815502166748,-8.813654899597168,0.21547815203666687
970,49000.0,3.709815502166748,-8.813654899597168,0.21547815203666687
971,49100.0,3.765480756759644,-8.910619735717773,0.1412578970193863
972,49200.0,3.5278561115264893,-8.911218643188477,0.5135562419891357
973,49300.0,3.5278561115264893,-8.911218643188477,0.5135562419891357
974,49400.0,3.700238704681397,-8.87410831451416,0.2783259451389313
975,49500.0,3.700238704681397,-8.87410831451416,0.2783259451389313
976,49600.0,4.044404983520509,-8.790909767150879,0.4082113802433014
977,49700.0,4.044404983520509,-8.790909767150879,0.4082113802433014
978,49800.0,3.4560301303863525,-9.009979248046877,0.37169981002807617
979,49900.0,3.4560301303863525,-9.009979248046877,0.37169981002807617
980,50000.0,4.034229755401611,-8.67359447479248,0.24181437492370605
981,50100.0,3.621828556060791,-8.841787338256836,0.3531447649002075
982,50200.0,3.621828556060791,-8.841787338256836,0.3531447649002075
983,50300.0,3.621828556060791,-8.841787338256836,0.3531447649002075
984,50400.0,3.614645957946777,-8.883087158203125,0.3220201432704925
985,50500.0,3.6086604595184326,-8.901042938232422,0.3034650683403015
986,50600.0,3.6086604595184326,-8.901042938232422,0.3034650683403015
987,50700.0,3.9582140445709233,-8.723274230957031,0.284311443567276
988,50800.0,3.9582140445709233,-8.723274230957031,0.284311443567276
989,50900.0,3.718195199966431,-8.844181060791016,0.4950011968612671
990,51000.0,3.8953661918640137,-8.728660583496094,0.4303577542304993
991,51100.0,3.8953661918640137,-8.728660583496094,0.4303577542304993
992,51200.0,4.046799659729004,-8.724471092224121,0.4525041282176971
993,51300.0,4.046799659729004,-8.724471092224121,0.4525041282176971
994,51400.0,3.908534288406372,-8.78312873840332,0.4614823758602142
995,51500.0,3.908534288406372,-8.78312873840332,0.4614823758602142
996,51600.0,4.049193859100342,-8.739435195922853,0.7080851793289185
997,51700.0,4.049193859100342,-8.739435195922853,0.7080851793289185
998,51800.0,3.2830491065979004,-8.98124885559082,0.6206967830657959
999,51900.0,3.556586742401123,-8.83819580078125,0.5063736438751221
1000,50000.0,4.034229755401611,-8.67359447479248,0.24181437492370605
1001,50100.0,3.621828556060791,-8.841787338256836,0.3531447649002075
1002,50200.0,3.621828556060791,-8.841787338256836,0.3531447649002075
1003,50300.0,3.621828556060791,-8.841787338256836,0.3531447649002075
1004,50400.0,3.614645957946777,-8.883087158203125,0.3220201432704925
1005,50500.0,3.6086604595184326,-8.901042938232422,0.3034650683403015
1006,50600.0,3.6086604595184326,-8.901042938232422,0.3034650683403015
1007,50700.0,3.9582140445709233,-8.723274230957031,0.284311443567276
1008,50800.0,3.9582140445709233,-8.723274230957031,0.284311443567276
1009,50900.0,3.718195199966431,-8.844181060791016,0.4950011968612671
1010,51000.0,3.8953661918640137,-8.728660583496094,0.4303577542304993
1011,51100.0,3.8953661918640137,-8.728660583496094,0.4303577542304993
1012,51200.0,4.046799659729004,-8.724471092224121,0.4525041282176971
1013,51300.0,4.046799659729004,-8.724471092224121,0.4525041282176971
1014,51400.0,3.908534288406372,-8.78312873840332,0.4614823758602142
1015,51500.0,3.908534288406372,-8.78312873840332,0.4614823758602142
1016,51600.0,4.049193859100342,-8.739435195922853,0.7080851793289185
1017,51700.0,4.049193859100342,-8.739435195922853,0.7080851793289185
1018,51800.0,3.2830491065979004,-8.98124885559082,0.6206967830657959
1019,51900.0,3.556586742401123,-8.83819580078125,0.5063736438751221
1020,52000.0,3.556586742401123,-8.83819580078125,0.5063736438751221
1021,52100.0,3.67928957939148,-8.865130424499512,0.3872621357440949
1022,52200.0,3.67928957939148,-8.865130424499512,0.3872621357440949
1023,52300.0,3.989937067031861,-8.7669677734375,0.4794389009475708
1024,52400.0,3.989937067031861,-8.7669677734375,0.4794389009475708
1025,52500.0,3.954024076461792,-8.71369743347168,0.6003460884094238
1026,52600.0,3.954024076461792,-8.71369743347168,0.6003460884094238
1027,52700.0,3.718195199966431,-8.787319183349611,0.71766197681427
1028,52800.0,3.4841620922088623,-8.971672058105469,0.7463923692703247
1029,52900.0,3.4841620922088623,-8.971672058105469,0.7463923692703247
1030,53000.0,3.912125587463379,-8.684967041015625,0.67815762758255
1031,53100.0,3.912125587463379,-8.684967041015625,0.67815762758255
1032,53200.0,3.63918662071228,-8.813055992126465,0.6967126727104187
1033,53300.0,3.63918662071228,-8.813055992126465,0.6967126727104187
1034,53400.0,3.78104305267334,-8.82442855834961,0.7362170219421387
1035,53500.0,3.78104305267334,-8.82442855834961,0.7362170219421387
1036,53600.0,3.60566782951355,-8.862137794494629,0.6242880821228027
1037,53700.0,3.791218280792236,-8.823830604553223,0.5943605899810791
1038,53800.0,3.791218280792236,-8.823830604553223,0.5943605899810791
1039,53900.0,3.4650084972381587,-8.892663955688477,0.4932055473327637
1040,52000.0,3.556586742401123,-8.83819580078125,0.5063736438751221
1041,52100.0,3.67928957939148,-8.865130424499512,0.3872621357440949
1042,52200.0,3.67928957939148,-8.865130424499512,0.3872621357440949
1043,52300.0,3.989937067031861,-8.7669677734375,0.4794389009475708
1044,52400.0,3.989937067031861,-8.7669677734375,0.4794389009475708
1045,52500.0,3.954024076461792,-8.71369743347168,0.6003460884094238
1046,52600.0,3.954024076461792,-8.71369743347168,0.6003460884094238
1047,52700.0,3.718195199966431,-8.787319183349611,0.71766197681427
1048,52800.0,3.4841620922088623,-8.971672058105469,0.7463923692703247
1049,52900.0,3.4841620922088623,-8.971672058105469,0.7463923692703247
1050,53000.0,3.912125587463379,-8.684967041015625,0.67815762758255
1051,53100.0,3.912125587463379,-8.684967041015625,0.67815762758255
1052,53200.0,3.63918662071228,-8.813055992126465,0.6967126727104187
1053,53300.0,3.63918662071228,-8.813055992126465,0.6967126727104187
1054,53400.0,3.78104305267334,-8.82442855834961,0.7362170219421387
1055,53500.0,3.78104305267334,-8.82442855834961,0.7362170219421387
1056,53600.0,3.60566782951355,-8.862137794494629,0.6242880821228027
1057,53700.0,3.791218280792236,-8.823830604553223,0.5943605899810791
1058,53800.0,3.791218280792236,-8.823830604553223,0.5943605899810791
1059,53900.0,3.4650084972381587,-8.892663955688477,0.4932055473327637
1060,54000.0,3.4650084972381587,-8.892663955688477,0.4932055473327637
1061,54100.0,3.313575267791748,-8.935759544372559,0.6715735793113708
1062,54200.0,3.313575267791748,-8.935759544372559,0.6715735793113708
1063,54300.0,4.0557775497436515,-8.672995567321777,0.557250440120697
1064,54400.0,4.0557775497436515,-8.672995567321777,0.557250440120697
1065,54500.0,3.963600873947144,-8.775347709655763,0.5351040959358215
1066,54600.0,3.5942952632904053,-8.925583839416504,0.5303156971931458
1067,54700.0,3.5942952632904053,-8.925583839416504,0.5303156971931458
1068,54800.0,3.793014049530029,-8.788516044616701,0.6667851805686951
1069,54900.0,3.793014049530029,-8.788516044616701,0.6667851805686951
1070,55000.0,3.4099416732788086,-8.946533203125,0.5566518902778625
1071,55100.0,3.4099416732788086,-8.946533203125,0.5566518902778625
1072,55200.0,3.890577793121338,-8.7298583984375,0.7535749673843384
1073,55300.0,3.890577793121338,-8.7298583984375,0.7535749673843384
1074,55400.0,3.889380693435669,-8.73344898223877,0.8858546018600464
1075,55500.0,3.669712543487549,-8.802881240844727,0.7338228225708008
1076,55600.0,3.669712543487549,-8.802881240844727,0.7338228225708008
1077,55700.0,4.092887878417969,-8.544307708740233,0.3196259140968323
1078,55800.0,4.092887878417969,-8.544307708740233,0.3196259140968323
1079,55900.0,4.251503467559815,-8.770559310913086,0.20949265360832212
1080,54000.0,3.4650084972381587,-8.892663955688477,0.4932055473327637
1081,54100.0,3.313575267791748,-8.935759544372559,0.6715735793113708
1082,54200.0,3.313575267791748,-8.935759544372559,0.6715735793113708
1083,54300.0,4.0557775497436515,-8.672995567321777,0.557250440120697
1084,54400.0,4.0557775497436515,-8.672995567321777,0.557250440120697
1085,54500.0,3.963600873947144,-8.775347709655763,0.5351040959358215
1086,54600.0,3.5942952632904053,-8.925583839416504,0.5303156971931458
1087,54700.0,3.5942952632904053,-8.925583839416504,0.5303156971931458
1088,54800.0,3.793014049530029,-8.788516044616701,0.6667851805686951
1089,54900.0,3.793014049530029,-8.788516044616701,0.6667851805686951
1090,55000.0,3.4099416732788086,-8.946533203125,0.5566518902778625
1091,55100.0,3.4099416732788086,-8.946533203125,0.5566518902778625
1092,55200.0,3.890577793121338,-8.7298583984375,0.7535749673843384
1093,55300.0,3.890577793121338,-8.7298583984375,0.7535749673843384
1094,55400.0,3.889380693435669,-8.73344898223877,0.8858546018600464
1095,55500.0,3.669712543487549,-8.802881240844727,0.7338228225708008
1096,55600.0,3.669712543487549,-8.802881240844727,0.7338228225708008
1097,55700.0,4.092887878417969,-8.544307708740233,0.3196259140968323
1098,55800.0,4.092887878417969,-8.544307708740233,0.3196259140968323
1099,55900.0,4.251503467559815,-8.770559310913086,0.20949265360832212
1100,56000.0,4.251503467559815,-8.770559310913086,0.20949265360832212
1101,56100.0,3.9414546489715576,-8.831611633300781,0.09038111567497252
1102,56200.0,3.9414546489715576,-8.831611633300781,0.09038111567497252
1103,56300.0,4.272452831268311,-8.690353393554688,0.0933738648891449
1104,56400.0,4.3586440086364755,-8.529343605041504,-0.17657238245010376
1105,56500.0,4.3586440086364755,-8.529343605041504,-0.17657238245010376
1106,56600.0,4.167108058929443,-8.693944931030272,-0.005386953707784414
1107,56700.0,4.167108058929443,-8.693944931030272,-0.005386953707784414
1108,56800.0,4.256890773773193,-8.65743350982666,0.11671733111143112
1109,56900.0,4.256890773773193,-8.65743350982666,0.11671733111143112
1110,57000.0,3.839102506637573,-8.7669677734375,0.21428105235099792
1111,57100.0,3.839102506637573,-8.7669677734375,0.21428105235099792
1112,57200.0,3.862445831298828,-8.787917137145996,0.35733461380004883
1113,57300.0,3.954024076461792,-8.816049575805664,0.3298012912273407
1114,57400.0,3.954024076461792,-8.816049575805664,0.3298012912273407
1115,57500.0,4.3436803817749015,-8.647856712341309,0.7475894689559937
1116,57600.0,4.3436803817749015,-8.647856712341309,0.7475894689559937
1117,57700.0,3.8504748344421382,-8.811261177062988,0.5596446394920349
1118,57800.0,3.8504748344421382,-8.811261177062988,0.5596446394920349
1119,57900.0,3.8385038375854488,-8.773551940917969,0.3872621357440949
1120,56000.0,4.251503467559815,-8.770559310913086,0.20949265360832212
1121,56100.0,3.9414546489715576,-8.831611633300781,0.09038111567497252
1122,56200.0,3.9414546489715576,-8.831611633300781,0.09038111567497252
1123,56300.0,4.272452831268311,-8.690353393554688,0.0933738648891449
1124,56400.0,4.3586440086364755,-8.529343605041504,-0.17657238245010376
1125,56500.0,4.3586440086364755,-8.529343605041504,-0.17657238245010376
1126,56600.0,4.167108058929443,-8.693944931030272,-0.005386953707784414
1127,56700.0,4.167108058929443,-8.693944931030272,-0.005386953707784414
1128,56800.0,4.256890773773193,-8.65743350982666,0.11671733111143112
1129,56900.0,4.256890773773193,-8.65743350982666,0.11671733111143112
1130,57000.0,3.839102506637573,-8.7669677734375,0.21428105235099792
1131,57100.0,3.839102506637573,-8.7669677734375,0.21428105235099792
1132,57200.0,3.862445831298828,-8.787917137145996,0.35733461380004883
1133,57300.0,3.954024076461792,-8.816049575805664,0.3298012912273407
1134,57400.0,3.954024076461792,-8.816049575805664,0.3298012912273407
1135,57500.0,4.3436803817749015,-8.647856712341309,0.7475894689559937
1136,57600.0,4.3436803817749015,-8.647856712341309,0.7475894689559937
1137,57700.0,3.8504748344421382,-8.811261177062988,0.5596446394920349
1138,57800.0,3.8504748344421382,-8.811261177062988,0.5596446394920349
1139,57900.0,3.8385038375854488,-8.773551940917969,0.3872621357440949
1140,58000.0,3.8385038375854488,-8.773551940917969,0.3872621357440949
1141,58100.0,3.6116533279418954,-8.921394348144531,0.4279635548591614
1142,58200.0,3.9474401473999023,-8.814851760864258,0.4034229815006256
1143,58300.0,3.9474401473999023,-8.814851760864258,0.4034229815006256
1144,58400.0,3.777451753616333,-8.851364135742188,0.7056909799575806
1145,58500.0,3.777451753616333,-8.851364135742188,0.7056909799575806
1146,58600.0,4.123414039611816,-8.714295387268066,0.4291606545448303
1147,58700.0,4.123414039611816,-8.714295387268066,0.4291606545448303
1148,58800.0,3.5649664402008057,-8.859145164489746,0.6667851805686951
1149,58900.0,3.5649664402008057,-8.859145164489746,0.6667851805686951
1150,59000.0,3.843292236328125,-8.795698165893555,0.6937199234962463
1151,59100.0,3.6493618488311768,-8.91301441192627,0.5386953949928284
1152,59200.0,3.6493618488311768,-8.91301441192627,0.5386953949928284
1153,59300.0,4.095282077789307,-8.630498886108397,0.3321954905986786
1154,59400.0,4.095282077789307,-8.630498886108397,0.3321954905986786
1155,59500.0,3.666121244430542,-8.825027465820312,0.7362170219421387
1156,59600.0,3.666121244430542,-8.825027465820312,0.7362170219421387
1157,59700.0,3.9025487899780273,-8.814851760864258,0.7649474143981934
1158,59800.0,3.9025487899780273,-8.814851760864258,0.7649474143981934
1159,59900.0,3.6948518753051762,-8.810063362121582,0.5536591410636902
1160,58000.0,3.8385038375854488,-8.773551940917969,0.3872621357440949
1161,58100.0,3.6116533279418954,-8.921394348144531,0.4279635548591614
1162,58200.0,3.9474401473999023,-8.814851760864258,0.4034229815006256
1163,58300.0,3.9474401473999023,-8.814851760864258,0.4034229815006256
1164,58400.0,3.777451753616333,-8.851364135742188,0.7056909799575806
1165,58500.0,3.777451753616333,-8.851364135742188,0.7056909799575806
1166,58600.0,4.123414039611816,-8.714295387268066,0.4291606545448303
1167,58700.0,4.123414039611816,-8.714295387268066,0.4291606545448303
1168,58800.0,3.5649664402008057,-8.859145164489746,0.6667851805686951
1169,58900.0,3.5649664402008057,-8.859145164489746,0.6667851805686951
1170,59000.0,3.843292236328125,-8.795698165893555,0.6937199234962463
1171,59100.0,3.6493618488311768,-8.91301441192627,0.5386953949928284
1172,59200.0,3.6493618488311768,-8.91301441192627,0.5386953949928284
1173,59300.0,4.095282077789307,-8.630498886108397,0.3321954905986786
1174,59400.0,4.095282077789307,-8.630498886108397,0.3321954905986786
1175,59500.0,3.666121244430542,-8.825027465820312,0.7362170219421387
1176,59600.0,3.666121244430542,-8.825027465820312,0.7362170219421387
1177,59700.0,3.9025487899780273,-8.814851760864258,0.7649474143981934
1178,59800.0,3.9025487899780273,-8.814851760864258,0.7649474143981934
1179,59900.0,3.6948518753051762,-8.810063362121582,0.5536591410636902
1180,60000.0,3.869029998779297,-8.787917137145996,0.5985504388809204
1181,60100.0,3.869029998779297,-8.787917137145996,0.5985504388809204
1182,60200.0,3.740341663360596,-8.777742385864258,0.4794389009475708
1183,60300.0,3.740341663360596,-8.777742385864258,0.4794389009475708
1184,60400.0,3.884592294692993,-8.78312873840332,0.52552729845047
1185,60500.0,3.884592294692993,-8.78312873840332,0.52552729845047
1186,60600.0,3.5679590702056885,-8.790909767150879,0.5440823435783386
1187,60700.0,3.5679590702056885,-8.790909767150879,0.5440823435783386
1188,60800.0,3.699041604995728,-8.814851760864258,0.5404910445213318
1189,60900.0,3.699041604995728,-8.814851760864258,0.5404910445213318
1190,61000.0,3.800795316696167,-8.813055992126465,0.5363011956214905
1191,61100.0,3.9875428676605225,-8.757390975952147,0.4752490520477295
1192,61200.0,3.9875428676605225,-8.757390975952147,0.4752490520477295
1193,61300.0,3.6703112125396733,-8.83939266204834,0.5883750915527344
1194,61400.0,3.6703112125396733,-8.83939266204834,0.5883750915527344
1195,61500.0,3.511695384979248,-8.89146614074707,0.4680664241313934
1196,61600.0,3.511695384979248,-8.89146614074707,0.4680664241313934
1197,61700.0,3.7576994895935063,-8.89445972442627,0.6332663297653198
1198,61800.0,3.7576994895935063,-8.89445972442627,0.6332663297653198
1199,61900.0,3.864241600036621,-8.810662269592285,0.4369418025016785
1200,60000.0,3.869029998779297,-8.787917137145996,0.5985504388809204
1201,60100.0,3.869029998779297,-8.787917137145996,0.5985504388809204
1202,60200.0,3.740341663360596,-8.777742385864258,0.4794389009475708
1203,60300.0,3.740341663360596,-8.777742385864258,0.4794389009475708
1204,60400.0,3.884592294692993,-8.78312873840332,0.52552729845047
1205,60500.0,3.884592294692993,-8.78312873840332,0.52552729845047
1206,60600.0,3.5679590702056885,-8.790909767150879,0.5440823435783386
1207,60700.0,3.5679590702056885,-8.790909767150879,0.5440823435783386
1208,60800.0,3.699041604995728,-8.814851760864258,0.5404910445213318
1209,60900.0,3.699041604995728,-8.814851760864258,0.5404910445213318
1210,61000.0,3.800795316696167,-8.813055992126465,0.5363011956214905
1211,61100.0,3.9875428676605225,-8.757390975952147,0.4752490520477295
1212,61200.0,3.9875428676605225,-8.757390975952147,0.4752490520477295
1213,61300.0,3.6703112125396733,-8.83939266204834,0.5883750915527344
1214,61400.0,3.6703112125396733,-8.83939266204834,0.5883750915527344
1215,61500.0,3.511695384979248,-8.89146614074707,0.4680664241313934
1216,61600.0,3.511695384979248,-8.89146614074707,0.4680664241313934
1217,61700.0,3.7576994895935063,-8.89445972442627,0.6332663297653198
1218,61800.0,3.7576994895935063,-8.89445972442627,0.6332663297653198
1219,61900.0,3.864241600036621,-8.810662269592285,0.4369418025016785
1220,62000.0,3.688267707824707,-8.917802810668945,0.6548141837120056
1221,62100.0,3.688267707824707,-8.917802810668945,0.6548141837120056
1222,62200.0,3.6745009422302246,-8.866926193237305,0.5422866940498352
1223,62300.0,3.6745009422302246,-8.866926193237305,0.5422866940498352
1224,62400.0,3.622427225112915,-8.820239067077637,0.7134721279144287
1225,62500.0,3.622427225112915,-8.820239067077637,0.7134721279144287
1226,62600.0,3.714005470275879,-8.798690795898438,0.7445967197418213
1227,62700.0,3.714005470275879,-8.798690795898438,0.7445967197418213
1228,62800.0,3.652354717254639,-8.857349395751953,0.4722562730312347
1229,62900.0,3.538031578063965,-8.79809284210205,0.5644330382347107
1230,63000.0,3.538031578063965,-8.79809284210205,0.5644330382347107
1231,63100.0,3.569754838943481,-8.94773006439209,0.6703764796257019
1232,63200.0,3.569754838943481,-8.94773006439209,0.6703764796257019
1233,63300.0,3.50930118560791,-8.837596893310547,0.6542156338691711
1234,63400.0,3.50930118560791,-8.837596893310547,0.6542156338691711
1235,63500.0,3.725377798080444,-8.825626373291016,0.7134721279144287
1236,63600.0,3.725377798080444,-8.825626373291016,0.7134721279144287
1237,63700.0,3.3237504959106445,-8.808267593383789,0.43095630407333374
1238,63800.0,3.692457675933838,-8.882488250732422,0.5105634927749634
1239,63900.0,3.692457675933838,-8.882488250732422,0.5105634927749634
1240,62000.0,3.688267707824707,-8.917802810668945,0.6548141837120056
1241,62100.0,3.688267707824707,-8.917802810668945,0.6548141837120056
1242,62200.0,3.6745009422302246,-8.866926193237305,0.5422866940498352
1243,62300.0,3.6745009422302246,-8.866926193237305,0.5422866940498352
1244,62400.0,3.622427225112915,-8.820239067077637,0.7134721279144287
1245,62500.0,3.622427225112915,-8.820239067077637,0.7134721279144287
1246,62600.0,3.714005470275879,-8.798690795898438,0.7445967197418213
1247,62700.0,3.714005470275879,-8.798690795898438,0.7445967197418213
1248,62800.0,3.652354717254639,-8.857349395751953,0.4722562730312347
1249,62900.0,3.538031578063965,-8.79809284210205,0.5644330382347107
1250,63000.0,3.538031578063965,-8.79809284210205,0.5644330382347107
1251,63100.0,3.569754838943481,-8.94773006439209,0.6703764796257019
1252,63200.0,3.569754838943481,-8.94773006439209,0.6703764796257019
1253,63300.0,3.50930118560791,-8.837596893310547,0.6542156338691711
1254,63400.0,3.50930118560791,-8.837596893310547,0.6542156338691711
1255,63500.0,3.725377798080444,-8.825626373291016,0.7134721279144287
1256,63600.0,3.725377798080444,-8.825626373291016,0.7134721279144287
1257,63700.0,3.3237504959106445,-8.808267593383789,0.43095630407333374
1258,63800.0,3.692457675933838,-8.882488250732422,0.5105634927749634
1259,63900.0,3.692457675933838,-8.882488250732422,0.5105634927749634
1260,64000.0,3.4410665035247803,-8.87291145324707,0.33339259028434753
1261,64100.0,3.4410665035247803,-8.87291145324707,0.33339259028434753
1262,64200.0,3.7481226921081534,-8.862735748291016,0.518943190574646
1263,64300.0,3.7481226921081534,-8.862735748291016,0.518943190574646
1264,64400.0,3.42490553855896,-8.987235069274902,0.28311434388160706
1265,64500.0,3.42490553855896,-8.987235069274902,0.28311434388160706
1266,64600.0,3.777451753616333,-8.860342025756836,0.3543418645858765
1267,64700.0,3.736151695251465,-8.845976829528809,0.5482721924781799
1268,64800.0,3.736151695251465,-8.845976829528809,0.5482721924781799
1269,64900.0,3.508104085922241,-8.87051773071289,0.4315548539161682
1270,65000.0,3.508104085922241,-8.87051773071289,0.4315548539161682
1271,65100.0,3.6290111541748047,-8.884882926940918,0.5333084464073181
1272,65200.0,3.6290111541748047,-8.884882926940918,0.5333084464073181
1273,65300.0,3.5655648708343506,-8.843582153320312,0.4183867573738098
1274,65400.0,3.764283657073975,-8.860342025756836,0.5548562407493591
1275,65500.0,3.764283657073975,-8.860342025756836,0.5548562407493591
1276,65600.0,3.760692358016968,-8.821435928344727,0.4680664241313934
1277,65700.0,3.760692358016968,-8.821435928344727,0.4680664241313934
1278,65800.0,3.56017804145813,-8.881291389465332,0.4225766062736511
1279,65900.0,3.56017804145813,-8.881291389465332,0.4225766062736511
1280,64000.0,3.4410665035247803,-8.87291145324707,0.33339259028434753
1281,64100.0,3.4410665035247803,-8.87291145324707,0.33339259028434753
1282,64200.0,3.7481226921081534,-8.862735748291016,0.518943190574646
1283,64300.0,3.7481226921081534,-8.862735748291016,0.518943190574646
1284,64400.0,3.42490553855896,-8.987235069274902,0.28311434388160706
1285,64500.0,3.42490553855896,-8.987235069274902,0.28311434388160706
1286,64600.0,3.777451753616333,-8.860342025756836,0.3543418645858765
1287,64700.0,3.736151695251465,-8.845976829528809,0.5482721924781799
1288,64800.0,3.736151695251465,-8.845976829528809,0.5482721924781799
1289,64900.0,3.508104085922241,-8.87051773071289,0.4315548539161682
1290,65000.0,3.508104085922241,-8.87051773071289,0.4315548539161682
1291,65100.0,3.6290111541748047,-8.884882926940918,0.5333084464073181
1292,65200.0,3.6290111541748047,-8.884882926940918,0.5333084464073181
1293,65300.0,3.5655648708343506,-8.843582153320312,0.4183867573738098
1294,65400.0,3.764283657073975,-8.860342025756836,0.5548562407493591
1295,65500.0,3.764283657073975,-8.860342025756836,0.5548562407493591
1296,65600.0,3.760692358016968,-8.821435928344727,0.4680664241313934
1297,65700.0,3.760692358016968,-8.821435928344727,0.4680664241313934
1298,65800.0,3.56017804145813,-8.881291389465332,0.4225766062736511
1299,65900.0,3.56017804145813,-8.881291389465332,0.4225766062736511
1300,66000.0,3.691859006881714,-8.79928970336914,0.5668272376060486
1301,66100.0,3.691859006881714,-8.79928970336914,0.5668272376060486
1302,66200.0,3.7187938690185542,-8.790311813354492,0.5123591423034668
1303,66300.0,3.7187938690185542,-8.790311813354492,0.5123591423034668
1304,66400.0,3.60566782951355,-8.842984199523926,0.5883750915527344
1305,66500.0,3.8929719924926762,-8.704718589782715,0.6165069341659546
1306,66600.0,3.8929719924926762,-8.704718589782715,0.6165069341659546
1307,66700.0,3.5200750827789307,-8.887276649475098,0.5566518902778625
1308,66800.0,3.5200750827789307,-8.887276649475098,0.5566518902778625
1309,66900.0,3.608062028884888,-8.851962089538574,0.7278373241424559
1310,67000.0,3.608062028884888,-8.851962089538574,0.7278373241424559
1311,67100.0,4.150348663330078,-8.67359447479248,0.3597288131713867
1312,67200.0,4.150348663330078,-8.67359447479248,0.3597288131713867
1313,67300.0,3.67390251159668,-8.854954719543457,0.6548141837120056
1314,67400.0,3.5140895843505864,-8.842984199523926,0.7523778676986694
1315,67500.0,3.5140895843505864,-8.842984199523926,0.7523778676986694
1316,67600.0,3.6182372570037837,-8.844181060791016,0.6434416770935059
1317,67700.0,3.6182372570037837,-8.844181060791016,0.6434416770935059
1318,67800.0,3.810372114181519,-8.882488250732422,0.8888474106788635
1319,67900.0,3.810372114181519,-8.882488250732422,0.8888474106788635
1320,66000.0,3.691859006881714,-8.79928970336914,0.5668272376060486
1321,66100.0,3.691859006881714,-8.79928970336914,0.5668272376060486
1322,66200.0,3.7187938690185542,-8.790311813354492,0.5123591423034668
1323,66300.0,3.7187938690185542,-8.790311813354492,0.5123591423034668
1324,66400.0,3.60566782951355,-8.842984199523926,0.5883750915527344
1325,66500.0,3.8929719924926762,-8.704718589782715,0.6165069341659546
1326,66600.0,3.8929719924926762,-8.704718589782715,0.6165069341659546
1327,66700.0,3.5200750827789307,-8.887276649475098,0.5566518902778625
1328,66800.0,3.5200750827789307,-8.887276649475098,0.5566518902778625
1329,66900.0,3.608062028884888,-8.851962089538574,0.7278373241424559
1330,67000.0,3.608062028884888,-8.851962089538574,0.7278373241424559
1331,67100.0,4.150348663330078,-8.67359447479248,0.3597288131713867
1332,67200.0,4.150348663330078,-8.67359447479248,0.3597288131713867
1333,67300.0,3.67390251159668,-8.854954719543457,0.6548141837120056
1334,67400.0,3.5140895843505864,-8.842984199523926,0.7523778676986694
1335,67500.0,3.5140895843505864,-8.842984199523926,0.7523778676986694
1336,67600.0,3.6182372570037837,-8.844181060791016,0.6434416770935059
1337,67700.0,3.6182372570037837,-8.844181060791016,0.6434416770935059
1338,67800.0,3.810372114181519,-8.882488250732422,0.8888474106788635
1339,67900.0,3.810372114181519,-8.882488250732422,0.8888474106788635
1340,68000.0,3.8929719924926762,-8.742427825927733,0.7104793787002563
1341,68100.0,3.8929719924926762,-8.742427825927733,0.7104793787002563
1342,68200.0,3.7032315731048575,-8.792107582092285,0.6452373862266539
1343,68300.0,3.7032315731048575,-8.792107582092285,0.6452373862266539
1344,68400.0,3.6816837787628174,-8.856152534484863,0.6314706802368164
1345,68500.0,3.613448858261109,-8.81784439086914,0.5901707410812378
1346,68600.0,3.613448858261109,-8.81784439086914,0.5901707410812378
1347,68700.0,3.71280837059021,-8.853158950805664,0.8469488620758057
1348,68800.0,3.71280837059021,-8.853158950805664,0.8469488620758057
1349,68900.0,3.515286684036255,-8.879495620727539,0.7493851184844971
1350,69000.0,3.515286684036255,-8.879495620727539,0.7493851184844971
1351,69100.0,3.659537315368652,-8.834005355834961,0.7146692276000977
1352,69200.0,3.767874956130981,-8.795698165893555,0.5500678420066833
1353,69300.0,3.767874956130981,-8.795698165893555,0.5500678420066833
1354,69400.0,3.744531393051148,-8.780136108398438,0.5907692909240723
1355,69500.0,3.744531393051148,-8.780136108398438,0.5907692909240723
1356,69600.0,3.652953147888184,-8.902838706970215,0.6212953329086304
1357,69700.0,3.652953147888184,-8.902838706970215,0.6212953329086304
1358,69800.0,3.400963544845581,-8.936357498168945,0.6865373253822327
1359,69900.0,3.400963544845581,-8.936357498168945,0.6865373253822327
1360,68000.0,3.8929719924926762,-8.742427825927733,0.7104793787002563
1361,68100.0,3.8929719924926762,-8.742427825927733,0.7104793787002563
1362,68200.0,3.7032315731048575,-8.792107582092285,0.6452373862266539
1363,68300.0,3.7032315731048575,-8.792107582092285,0.6452373862266539
1364,68400.0,3.6816837787628174,-8.856152534484863,0.6314706802368164
1365,68500.0,3.613448858261109,-8.81784439086914,0.5901707410812378
1366,68600.0,3.613448858261109,-8.81784439086914,0.5901707410812378
1367,68700.0,3.71280837059021,-8.853158950805664,0.8469488620758057
1368,68800.0,3.71280837059021,-8.853158950805664,0.8469488620758057
1369,68900.0,3.515286684036255,-8.879495620727539,0.7493851184844971
1370,69000.0,3.515286684036255,-8.879495620727539,0.7493851184844971
1371,69100.0,3.659537315368652,-8.834005355834961,0.7146692276000977
1372,69200.0,3.767874956130981,-8.795698165893555,0.5500678420066833
1373,69300.0,3.767874956130981,-8.795698165893555,0.5500678420066833
1374,69400.0,3.744531393051148,-8.780136108398438,0.5907692909240723
1375,69500.0,3.744531393051148,-8.780136108398438,0.5907692909240723
1376,69600.0,3.652953147888184,-8.902838706970215,0.6212953329086304
1377,69700.0,3.652953147888184,-8.902838706970215,0.6212953329086304
1378,69800.0,3.400963544845581,-8.936357498168945,0.6865373253822327
1379,69900.0,3.400963544845581,-8.936357498168945,0.6865373253822327
1380,70000.0,3.75829815864563,-8.755595207214355,0.6494272351264954
1381,70100.0,3.859453201293945,-8.758588790893555,0.5608417391777039
1382,70200.0,3.859453201293945,-8.758588790893555,0.5608417391777039
1383,70300.0,3.799597978591919,-8.794501304626465,0.5823895931243896
1384,70400.0,3.799597978591919,-8.794501304626465,0.5823895931243896
1385,70500.0,3.681085109710693,-8.923788070678711,0.67815762758255
1386,70600.0,3.681085109710693,-8.923788070678711,0.67815762758255
1387,70700.0,3.5817258358001713,-8.89146614074707,0.6673837304115295
1388,70800.0,3.5817258358001713,-8.89146614074707,0.6673837304115295
1389,70900.0,3.3458969593048096,-8.969278335571289,0.6326677799224854
1390,71000.0,3.6559460163116455,-8.80467700958252,0.5069721937179565
1391,71100.0,3.6559460163116455,-8.80467700958252,0.5069721937179565
1392,71200.0,3.62302565574646,-8.85555362701416,0.7242460250854492
1393,71300.0,3.62302565574646,-8.85555362701416,0.7242460250854492
1394,71400.0,3.833715438842773,-8.76457405090332,0.3495534360408783
1395,71500.0,3.833715438842773,-8.76457405090332,0.3495534360408783
1396,71600.0,3.7762546539306636,-8.728062629699707,0.4088099300861359
1397,71700.0,3.7762546539306636,-8.728062629699707,0.4088099300861359
1398,71800.0,3.929483652114868,-8.742427825927733,0.5662286877632141
1399,71900.0,3.3854012489318848,-9.02973175048828,0.9283517003059388
1400,70000.0,3.75829815864563,-8.755595207214355,0.6494272351264954
1401,70100.0,3.859453201293945,-8.758588790893555,0.5608417391777039
1402,70200.0,3.859453201293945,-8.758588790893555,0.5608417391777039
1403,70300.0,3.799597978591919,-8.794501304626465,0.5823895931243896
1404,70400.0,3.799597978591919,-8.794501304626465,0.5823895931243896
1405,70500.0,3.681085109710693,-8.923788070678711,0.67815762758255
1406,70600.0,3.681085109710693,-8.923788070678711,0.67815762758255
1407,70700.0,3.5817258358001713,-8.89146614074707,0.6673837304115295
1408,70800.0,3.5817258358001713,-8.89146614074707,0.6673837304115295
1409,70900.0,3.3458969593048096,-8.969278335571289,0.6326677799224854
1410,71000.0,3.6559460163116455,-8.80467700958252,0.5069721937179565
1411,71100.0,3.6559460163116455,-8.80467700958252,0.5069721937179565
1412,71200.0,3.62302565574646,-8.85555362701416,0.7242460250854492
1413,71300.0,3.62302565574646,-8.85555362701416,0.7242460250854492
1414,71400.0,3.833715438842773,-8.76457405090332,0.3495534360408783
1415,71500.0,3.833715438842773,-8.76457405090332,0.3495534360408783
1416,71600.0,3.7762546539306636,-8.728062629699707,0.4088099300861359
1417,71700.0,3.7762546539306636,-8.728062629699707,0.4088099300861359
1418,71800.0,3.929483652114868,-8.742427825927733,0.5662286877632141
1419,71900.0,3.3854012489318848,-9.02973175048828,0.9283517003059388
1420,72000.0,3.3854012489318848,-9.02973175048828,0.9283517003059388
1421,72100.0,3.6727054119110103,-8.939350128173828,0.5943605899810791
1422,72200.0,3.6727054119110103,-8.939350128173828,0.5943605899810791
1423,72300.0,3.6176388263702393,-8.818443298339844,0.7775170207023621
1424,72400.0,3.6176388263702393,-8.818443298339844,0.7775170207023621
1425,72500.0,3.5727474689483643,-8.87410831451416,0.6853402256965637
1426,72600.0,3.5727474689483643,-8.87410831451416,0.6853402256965637
1427,72700.0,3.7571010589599614,-8.792107582092285,0.5416881442070007
1428,72800.0,3.691260576248169,-8.875904083251953,0.6955155730247498
1429,72900.0,3.691260576248169,-8.875904083251953,0.6955155730247498
1430,73000.0,3.7032315731048575,-8.832210540771484,0.5213374495506287
1431,73100.0,3.7032315731048575,-8.832210540771484,0.5213374495506287
1432,73200.0,3.9007530212402335,-8.710105895996094,0.5764040350914001
1433,73300.0,3.9007530212402335,-8.710105895996094,0.5764040350914001
1434,73400.0,3.7385458946228023,-8.869918823242188,0.6536170840263367
1435,73500.0,3.7385458946228023,-8.869918823242188,0.6536170840263367
1436,73600.0,3.767874956130981,-8.856152534484863,0.5937620401382446
1437,73700.0,3.6954503059387207,-8.844181060791016,0.5273229479789734
1438,73800.0,3.6954503059387207,-8.844181060791016,0.5273229479789734
1439,73900.0,3.5781345367431636,-8.93037223815918,0.6368576288223267
1440,72000.0,3.3854012489318848,-9.02973175048828,0.9283517003059388
1441,72100.0,3.6727054119110103,-8.939350128173828,0.5943605899810791
1442,72200.0,3.6727054119110103,-8.939350128173828,0.5943605899810791
1443,72300.0,3.6176388263702393,-8.818443298339844,0.7775170207023621
1444,72400.0,3.6176388263702393,-8.818443298339844,0.7775170207023621
1445,72500.0,3.5727474689483643,-8.87410831451416,0.6853402256965637
1446,72600.0,3.5727474689483643,-8.87410831451416,0.6853402256965637
1447,72700.0,3.7571010589599614,-8.792107582092285,0.5416881442070007
1448,72800.0,3.691260576248169,-8.875904083251953,0.6955155730247498
1449,72900.0,3.691260576248169,-8.875904083251953,0.6955155730247498
1450,73000.0,3.7032315731048575,-8.832210540771484,0.5213374495506287
1451,73100.0,3.7032315731048575,-8.832210540771484,0.5213374495506287
1452,73200.0,3.9007530212402335,-8.710105895996094,0.5764040350914001
1453,73300.0,3.9007530212402335,-8.710105895996094,0.5764040350914001
1454,73400.0,3.7385458946228023,-8.869918823242188,0.6536170840263367
1455,73500.0,3.7385458946228023,-8.869918823242188,0.6536170840263367
1456,73600.0,3.767874956130981,-8.856152534484863,0.5937620401382446
1457,73700.0,3.6954503059387207,-8.844181060791016,0.5273229479789734
1458,73800.0,3.6954503059387207,-8.844181060791016,0.5273229479789734
1459,73900.0,3.5781345367431636,-8.93037223815918,0.6368576288223267
1460,74000.0,3.5781345367431636,-8.93037223815918,0.6368576288223267
1461,74100.0,3.9217023849487305,-8.712499618530272,0.6206967830657959
1462,74200.0,3.9217023849487305,-8.712499618530272,0.6206967830657959
1463,74300.0,3.8097734451293945,-8.831611633300781,0.6709750294685364
1464,74400.0,3.8097734451293945,-8.831611633300781,0.6709750294685364
1465,74500.0,3.6050691604614262,-8.843582153320312,0.667982280254364
1466,74600.0,3.779247283935547,-8.807669639587402,0.6859387755393982
1467,74700.0,3.779247283935547,-8.807669639587402,0.6859387755393982
1468,74800.0,3.82653284072876,-8.762179374694824,0.8403648138046265
1469,74900.0,3.82653284072876,-8.762179374694824,0.8403648138046265
1470,75000.0,3.899555921554565,-8.756194114685059,0.7876923680305481
1471,75100.0,3.899555921554565,-8.756194114685059,0.7876923680305481
1472,75200.0,3.760093688964844,-8.881291389465332,0.8780734539031982
1473,75300.0,3.760093688964844,-8.881291389465332,0.8780734539031982
1474,75400.0,3.7152025699615483,-8.828020095825195,0.8720879554748535
1475,75500.0,3.590105533599853,-8.91181755065918,0.6248866319656372
1476,75600.0,3.590105533599853,-8.91181755065918,0.6248866319656372
1477,75700.0,3.693654775619507,-8.729259490966799,0.4219780564308167
1478,75800.0,3.693654775619507,-8.729259490966799,0.4219780564308167
1479,75900.0,3.463212728500366,-8.849568367004395,0.6368576288223267
1480,74000.0,3.5781345367431636,-8.93037223815918,0.6368576288223267
1481,74100.0,3.9217023849487305,-8.712499618530272,0.6206967830657959
1482,74200.0,3.9217023849487305,-8.712499618530272,0.6206967830657959
1483,74300.0,3.8097734451293945,-8.831611633300781,0.6709750294685364
1484,74400.0,3.8097734451293945,-8.831611633300781,0.6709750294685364
1485,74500.0,3.6050691604614262,-8.843582153320312,0.667982280254364
1486,74600.0,3.779247283935547,-8.807669639587402,0.6859387755393982
1487,74700.0,3.779247283935547,-8.807669639587402,0.6859387755393982
1488,74800.0,3.82653284072876,-8.762179374694824,0.8403648138046265
1489,74900.0,3.82653284072876,-8.762179374694824,0.8403648138046265
1490,75000.0,3.899555921554565,-8.756194114685059,0.7876923680305481
1491,75100.0,3.899555921554565,-8.756194114685059,0.7876923680305481
1492,75200.0,3.760093688964844,-8.881291389465332,0.8780734539031982
1493,75300.0,3.760093688964844,-8.881291389465332,0.8780734539031982
1494,75400.0,3.7152025699615483,-8.828020095825195,0.8720879554748535
1495,75500.0,3.590105533599853,-8.91181755065918,0.6248866319656372
1496,75600.0,3.590105533599853,-8.91181755065918,0.6248866319656372
1497,75700.0,3.693654775619507,-8.729259490966799,0.4219780564308167
1498,75800.0,3.693654775619507,-8.729259490966799,0.4219780564308167
1499,75900.0,3.463212728500366,-8.849568367004395,0.6368576288223267
1500,76000.0,3.463212728500366,-8.849568367004395,0.6368576288223267
1501,76100.0,3.9618053436279297,-8.628104209899902,0.6607996821403503
1502,76200.0,3.9618053436279297,-8.628104209899902,0.6607996821403503
1503,76300.0,3.6499605178833012,-8.828020095825195,0.7565677165985107
1504,76400.0,3.467402696609497,-8.867524147033691,0.6572083830833435
1505,76500.0,3.467402696609497,-8.867524147033691,0.6572083830833435
1506,76600.0,4.088099479675293,-8.655637741088867,0.6973112225532532
1507,76700.0,4.088099479675293,-8.655637741088867,0.6973112225532532
1508,76800.0,3.80378794670105,-8.759785652160645,0.7697358727455139
1509,76900.0,3.80378794670105,-8.759785652160645,0.7697358727455139
1510,77000.0,3.423708438873291,-8.992023468017578,0.6524199843406677
1511,77100.0,3.423708438873291,-8.992023468017578,0.6524199843406677
1512,77200.0,3.8750154972076416,-8.810662269592285,0.6973112225532532
1513,77300.0,3.73016619682312,-8.823830604553223,0.6931213736534119
1514,77400.0,3.73016619682312,-8.823830604553223,0.6931213736534119
1515,77500.0,3.3710360527038574,-8.951321601867676,0.5758054852485657
1516,77600.0,3.3710360527038574,-8.951321601867676,0.5758054852485657
1517,77700.0,3.6727054119110103,-8.866926193237305,0.6350619792938232
1518,77800.0,3.6727054119110103,-8.866926193237305,0.6350619792938232
1519,77900.0,3.3961751461029053,-8.99621295928955,0.7416039705276489
1520,76000.0,3.463212728500366,-8.849568367004395,0.6368576288223267
1521,76100.0,3.9618053436279297,-8.628104209899902,0.6607996821403503
1522,76200.0,3.9618053436279297,-8.628104209899902,0.6607996821403503
1523,76300.0,3.6499605178833012,-8.828020095825195,0.7565677165985107
1524,76400.0,3.467402696609497,-8.867524147033691,0.6572083830833435
1525,76500.0,3.467402696609497,-8.867524147033691,0.6572083830833435
1526,76600.0,4.088099479675293,-8.655637741088867,0.6973112225532532
1527,76700.0,4.088099479675293,-8.655637741088867,0.6973112225532532
1528,76800.0,3.80378794670105,-8.759785652160645,0.7697358727455139
1529,76900.0,3.80378794670105,-8.759785652160645,0.7697358727455139
1530,77000.0,3.423708438873291,-8.992023468017578,0.6524199843406677
1531,77100.0,3.423708438873291,-8.992023468017578,0.6524199843406677
1532,77200.0,3.8750154972076416,-8.810662269592285,0.6973112225532532
1533,77300.0,3.73016619682312,-8.823830604553223,0.6931213736534119
1534,77400.0,3.73016619682312,-8.823830604553223,0.6931213736534119
1535,77500.0,3.3710360527038574,-8.951321601867676,0.5758054852485657
1536,77600.0,3.3710360527038574,-8.951321601867676,0.5758054852485657
1537,77700.0,3.6727054119110103,-8.866926193237305,0.6350619792938232
1538,77800.0,3.6727054119110103,-8.866926193237305,0.6350619792938232
1539,77900.0,3.3961751461029053,-8.99621295928955,0.7416039705276489
1540,78000.0,3.3961751461029053,-8.99621295928955,0.7416039705276489
1541,78100.0,3.6577415466308594,-8.805274963378906,0.5752069354057312
1542,78200.0,3.603273630142212,-8.779537200927733,0.6308721303939819
1543,78300.0,3.603273630142212,-8.779537200927733,0.6308721303939819
1544,78400.0,3.897760391235352,-8.738836288452147,0.6027402877807617
1545,78500.0,3.897760391235352,-8.738836288452147,0.6027402877807617
1546,78600.0,3.9624037742614746,-8.787319183349611,0.8535329103469849
1547,78700.0,3.9624037742614746,-8.787319183349611,0.8535329103469849
1548,78800.0,3.5924997329711914,-8.887276649475098,0.7350199222564697
1549,78900.0,3.5924997329711914,-8.887276649475098,0.7350199222564697
1550,79000.0,3.643376350402832,-8.867524147033691,0.7679402232170105
1551,79100.0,3.8821980953216553,-8.850765228271484,0.4920084476470947
1552,79200.0,3.8821980953216553,-8.850765228271484,0.4920084476470947
1553,79300.0,3.525461912155152,-8.919598579406738,0.7769184708595276
1554,79400.0,3.525461912155152,-8.919598579406738,0.7769184708595276
1555,79500.0,3.76488208770752,-8.78193187713623,0.6105214357376099
1556,79600.0,3.76488208770752,-8.78193187713623,0.6105214357376099
1557,79700.0,3.3848025798797607,-8.96149730682373,0.4710591733455658
1558,79800.0,3.3848025798797607,-8.96149730682373,0.4710591733455658
1559,79900.0,3.5972881317138667,-8.884882926940918,0.6799532771110535
1560,78000.0,3.3961751461029053,-8.99621295928955,0.7416039705276489
1561,78100.0,3.6577415466308594,-8.805274963378906,0.5752069354057312
1562,78200.0,3.603273630142212,-8.779537200927733,0.6308721303939819
1563,78300.0,3.603273630142212,-8.779537200927733,0.6308721303939819
1564,78400.0,3.897760391235352,-8.738836288452147,0.6027402877807617
1565,78500.0,3.897760391235352,-8.738836288452147,0.6027402877807617
1566,78600.0,3.9624037742614746,-8.787319183349611,0.8535329103469849
1567,78700.0,3.9624037742614746,-8.787319183349611,0.8535329103469849
1568,78800.0,3.5924997329711914,-8.887276649475098,0.7350199222564697
1569,78900.0,3.5924997329711914,-8.887276649475098,0.7350199222564697
1570,79000.0,3.643376350402832,-8.867524147033691,0.7679402232170105
1571,79100.0,3.8821980953216553,-8.850765228271484,0.4920084476470947
1572,79200.0,3.8821980953216553,-8.850765228271484,0.4920084476470947
1573,79300.0,3.525461912155152,-8.919598579406738,0.7769184708595276
1574,79400.0,3.525461912155152,-8.919598579406738,0.7769184708595276
1575,79500.0,3.76488208770752,-8.78193187713623,0.6105214357376099
1576,79600.0,3.76488208770752,-8.78193187713623,0.6105214357376099
1577,79700.0,3.3848025798797607,-8.96149730682373,0.4710591733455658
1578,79800.0,3.3848025798797607,-8.96149730682373,0.4710591733455658
1579,79900.0,3.5972881317138667,-8.884882926940918,0.6799532771110535
1580,80000.0,3.6709096431732178,-8.848969459533691,0.7487865686416626
1581,80100.0,3.6709096431732178,-8.848969459533691,0.7487865686416626
1582,80200.0,3.5272576808929443,-8.838793754577637,0.669179379940033
1583,80300.0,3.5272576808929443,-8.838793754577637,0.669179379940033
1584,80400.0,3.6409821510314937,-8.80048656463623,0.6206967830657959
1585,80500.0,3.6409821510314937,-8.80048656463623,0.6206967830657959
1586,80600.0,3.9462430477142334,-8.702324867248535,0.5404910445213318
1587,80700.0,3.9462430477142334,-8.702324867248535,0.5404910445213318
1588,80800.0,3.618835926055908,-8.905831336975098,0.7344213724136353
1589,80900.0,3.8091750144958496,-8.767566680908201,0.7074866294860841
1590,81000.0,3.8091750144958496,-8.767566680908201,0.7074866294860841
1591,81100.0,3.765480756759644,-8.825626373291016,0.8236053586006165
1592,81200.0,3.765480756759644,-8.825626373291016,0.8236053586006165
1593,81300.0,3.7684733867645264,-8.892663955688477,0.7487865686416626
1594,81400.0,3.7684733867645264,-8.892663955688477,0.7487865686416626
1595,81500.0,3.869628429412842,-8.731653213500978,0.5488707423210144
1596,81600.0,3.869628429412842,-8.731653213500978,0.5488707423210144
1597,81700.0,3.786429882049561,-8.819640159606934,0.8367735147476196
1598,81800.0,3.786429882049561,-8.819640159606934,0.8367735147476196
1599,81900.0,3.737348794937134,-8.837596893310547,0.5159504413604736
1600,80000.0,3.6709096431732178,-8.848969459533691,0.7487865686416626
1601,80100.0,3.6709096431732178,-8.848969459533691,0.7487865686416626
1602,80200.0,3.5272576808929443,-8.838793754577637,0.669179379940033
1603,80300.0,3.5272576808929443,-8.838793754577637,0.669179379940033
1604,80400.0,3.6409821510314937,-8.80048656463623,0.6206967830657959
1605,80500.0,3.6409821510314937,-8.80048656463623,0.6206967830657959
1606,80600.0,3.9462430477142334,-8.702324867248535,0.5404910445213318
1607,80700.0,3.9462430477142334,-8.702324867248535,0.5404910445213318
1608,80800.0,3.618835926055908,-8.905831336975098,0.7344213724136353
1609,80900.0,3.8091750144958496,-8.767566680908201,0.7074866294860841
1610,81000.0,3.8091750144958496,-8.767566680908201,0.7074866294860841
1611,81100.0,3.765480756759644,-8.825626373291016,0.8236053586006165
1612,81200.0,3.765480756759644,-8.825626373291016,0.8236053586006165
1613,81300.0,3.7684733867645264,-8.892663955688477,0.7487865686416626
1614,81400.0,3.7684733867645264,-8.892663955688477,0.7487865686416626
1615,81500.0,3.869628429412842,-8.731653213500978,0.5488707423210144
1616,81600.0,3.869628429412842,-8.731653213500978,0.5488707423210144
1617,81700.0,3.786429882049561,-8.819640159606934,0.8367735147476196
1618,81800.0,3.786429882049561,-8.819640159606934,0.8367735147476196
1619,81900.0,3.737348794937134,-8.837596893310547,0.5159504413604736
1620,82000.0,3.6750996112823486,-8.85794734954834,0.7140706777572632
1621,82100.0,3.6750996112823486,-8.85794734954834,0.7140706777572632
1622,82200.0,3.909731388092041,-8.832808494567871,0.6272808313369751
1623,82300.0,3.909731388092041,-8.832808494567871,0.6272808313369751
1624,82400.0,3.6481647491455083,-8.834005355834961,0.7134721279144287
1625,82500.0,3.6481647491455083,-8.834005355834961,0.7134721279144287
1626,82600.0,3.866037130355835,-8.819640159606934,0.690727174282074
1627,82700.0,3.866037130355835,-8.819640159606934,0.690727174282074
1628,82800.0,3.8097734451293945,-8.787917137145996,0.7350199222564697
1629,82900.0,3.732560396194458,-8.881291389465332,0.8134300112724304
1630,83000.0,3.732560396194458,-8.881291389465332,0.8134300112724304
1631,83100.0,3.511695384979248,-8.886079788208008,0.5674257874488831
1632,83200.0,3.511695384979248,-8.886079788208008,0.5674257874488831
1633,83300.0,3.672106742858887,-8.893261909484863,0.8607155084609985
1634,83400.0,3.672106742858887,-8.893261909484863,0.8607155084609985
1635,83500.0,3.5452141761779785,-8.909422874450684,0.5781996846199036
1636,83600.0,3.5452141761779785,-8.909422874450684,0.5781996846199036
1637,83700.0,3.885789394378662,-8.765172004699707,0.811634361743927
1638,83800.0,3.736151695251465,-8.80467700958252,0.6524199843406677
1639,83900.0,3.736151695251465,-8.80467700958252,0.6524199843406677
1640,82000.0,3.6750996112823486,-8.85794734954834,0.7140706777572632
1641,82100.0,3.6750996112823486,-8.85794734954834,0.7140706777572632
1642,82200.0,3.909731388092041,-8.832808494567871,0.6272808313369751
1643,82300.0,3.909731388092041,-8.832808494567871,0.6272808313369751
1644,82400.0,3.6481647491455083,-8.834005355834961,0.7134721279144287
1645,82500.0,3.6481647491455083,-8.834005355834961,0.7134721279144287
1646,82600.0,3.866037130355835,-8.819640159606934,0.690727174282074
1647,82700.0,3.866037130355835,-8.819640159606934,0.690727174282074
1648,82800.0,3.8097734451293945,-8.787917137145996,0.7350199222564697
1649,82900.0,3.732560396194458,-8.881291389465332,0.8134300112724304
1650,83000.0,3.732560396194458,-8.881291389465332,0.8134300112724304
1651,83100.0,3.511695384979248,-8.886079788208008,0.5674257874488831
1652,83200.0,3.511695384979248,-8.886079788208008,0.5674257874488831
1653,83300.0,3.672106742858887,-8.893261909484863,0.8607155084609985
1654,83400.0,3.672106742858887,-8.893261909484863,0.8607155084609985
1655,83500.0,3.5452141761779785,-8.909422874450684,0.5781996846199036
1656,83600.0,3.5452141761779785,-8.909422874450684,0.5781996846199036
1657,83700.0,3.885789394378662,-8.765172004699707,0.811634361743927
1658,83800.0,3.736151695251465,-8.80467700958252,0.6524199843406677
1659,83900.0,3.736151695251465,-8.80467700958252,0.6524199843406677
1660,84000.0,3.870825529098511,-8.71489429473877,0.6524199843406677
1661,84100.0,3.870825529098511,-8.71489429473877,0.6524199843406677
1662,84200.0,3.7421371936798096,-8.775946617126465,0.7422025203704834
1663,84300.0,3.7421371936798096,-8.775946617126465,0.7422025203704834
1664,84400.0,3.58292293548584,-8.849568367004395,0.6805518269538879
1665,84500.0,3.904344320297241,-8.828619003295898,0.8373720645904541
1666,84600.0,3.904344320297241,-8.828619003295898,0.8373720645904541
1667,84700.0,3.363853454589844,-9.00399398803711,0.8385691642761229
1668,84800.0,3.363853454589844,-9.00399398803711,0.8385691642761229
1669,84900.0,3.978564739227295,-8.665813446044924,0.7032967209815979
1670,85000.0,3.978564739227295,-8.665813446044924,0.7032967209815979
1671,85100.0,3.830124139785767,-8.7484130859375,0.8720879554748535
1672,85200.0,3.830124139785767,-8.7484130859375,0.8720879554748535
1673,85300.0,3.6619315147399902,-8.898050308227539,0.9522937536239624
1674,85400.0,3.6619315147399902,-8.898050308227539,0.9522937536239624
1675,85500.0,3.74752426147461,-8.725069999694824,0.7912836670875549
1676,85600.0,3.718195199966431,-8.793304443359375,0.7278373241424559
1677,85700.0,3.718195199966431,-8.793304443359375,0.7278373241424559
1678,85800.0,3.755305290222168,-8.700529098510742,0.606930136680603
1679,85900.0,3.755305290222168,-8.700529098510742,0.606930136680603
1680,84000.0,3.870825529098511,-8.71489429473877,0.6524199843406677
1681,84100.0,3.870825529098511,-8.71489429473877,0.6524199843406677
1682,84200.0,3.7421371936798096,-8.775946617126465,0.7422025203704834
1683,84300.0,3.7421371936798096,-8.775946617126465,0.7422025203704834
1684,84400.0,3.58292293548584,-8.849568367004395,0.6805518269538879
1685,84500.0,3.904344320297241,-8.828619003295898,0.8373720645904541
1686,84600.0,3.904344320297241,-8.828619003295898,0.8373720645904541
1687,84700.0,3.363853454589844,-9.00399398803711,0.8385691642761229
1688,84800.0,3.363853454589844,-9.00399398803711,0.8385691642761229
1689,84900.0,3.978564739227295,-8.665813446044924,0.7032967209815979
1690,85000.0,3.978564739227295,-8.665813446044924,0.7032967209815979
1691,85100.0,3.830124139785767,-8.7484130859375,0.8720879554748535
1692,85200.0,3.830124139785767,-8.7484130859375,0.8720879554748535
1693,85300.0,3.6619315147399902,-8.898050308227539,0.9522937536239624
1694,85400.0,3.6619315147399902,-8.898050308227539,0.9522937536239624
1695,85500.0,3.74752426147461,-8.725069999694824,0.7912836670875549
1696,85600.0,3.718195199966431,-8.793304443359375,0.7278373241424559
1697,85700.0,3.718195199966431,-8.793304443359375,0.7278373241424559
1698,85800.0,3.755305290222168,-8.700529098510742,0.606930136680603
1699,85900.0,3.755305290222168,-8.700529098510742,0.606930136680603
1700,86000.0,3.646967649459839,-8.768165588378906,0.4991910457611084
1701,86100.0,3.646967649459839,-8.768165588378906,0.4991910457611084
1702,86200.0,3.80378794670105,-8.821435928344727,0.667982280254364
1703,86300.0,3.80378794670105,-8.821435928344727,0.667982280254364
1704,86400.0,3.7122097015380864,-8.7669677734375,0.7422025203704834
1705,86500.0,3.634398221969605,-8.811859130859375,0.8475474119186401
1706,86600.0,3.634398221969605,-8.811859130859375,0.8475474119186401
1707,86700.0,3.3895909786224365,-8.950124740600586,0.5404910445213318
1708,86800.0,3.3895909786224365,-8.950124740600586,0.5404910445213318
1709,86900.0,3.8534677028656006,-8.694543838500978,0.8816647529602051
1710,87000.0,3.8534677028656006,-8.694543838500978,0.8816647529602051
1711,87100.0,3.6308069229125977,-8.769362449645996,0.6260837316513062
1712,87200.0,3.6308069229125977,-8.769362449645996,0.6260837316513062
1713,87300.0,3.7277719974517822,-8.890868186950684,0.8385691642761229
1714,87400.0,3.362656354904175,-8.920795440673828,0.7493851184844971
1715,87500.0,3.362656354904175,-8.920795440673828,0.7493851184844971
1716,87600.0,3.899555921554565,-8.780735015869139,0.5961562395095825
1717,87700.0,3.899555921554565,-8.780735015869139,0.5961562395095825
1718,87800.0,3.796605348587036,-8.73344898223877,0.6440402865409851
1719,87900.0,3.796605348587036,-8.73344898223877,0.6440402865409851
1720,86000.0,3.646967649459839,-8.768165588378906,0.4991910457611084
1721,86100.0,3.646967649459839,-8.768165588378906,0.4991910457611084
1722,86200.0,3.80378794670105,-8.821435928344727,0.667982280254364
1723,86300.0,3.80378794670105,-8.821435928344727,0.667982280254364
1724,86400.0,3.7122097015380864,-8.7669677734375,0.7422025203704834
1725,86500.0,3.634398221969605,-8.811859130859375,0.8475474119186401
1726,86600.0,3.634398221969605,-8.811859130859375,0.8475474119186401
1727,86700.0,3.3895909786224365,-8.950124740600586,0.5404910445213318
1728,86800.0,3.3895909786224365,-8.950124740600586,0.5404910445213318
1729,86900.0,3.8534677028656006,-8.694543838500978,0.8816647529602051
1730,87000.0,3.8534677028656006,-8.694543838500978,0.8816647529602051
1731,87100.0,3.6308069229125977,-8.769362449645996,0.6260837316513062
1732,87200.0,3.6308069229125977,-8.769362449645996,0.6260837316513062
1733,87300.0,3.7277719974517822,-8.890868186950684,0.8385691642761229
1734,87400.0,3.362656354904175,-8.920795440673828,0.7493851184844971
1735,87500.0,3.362656354904175,-8.920795440673828,0.7493851184844971
1736,87600.0,3.899555921554565,-8.780735015869139,0.5961562395095825
1737,87700.0,3.899555921554565,-8.780735015869139,0.5961562395095825
1738,87800.0,3.796605348587036,-8.73344898223877,0.6440402865409851
1739,87900.0,3.796605348587036,-8.73344898223877,0.6440402865409851
1740,88000.0,3.7409400939941406,-8.823830604553223,0.6063315868377686
1741,88100.0,3.7409400939941406,-8.823830604553223,0.6063315868377686
1742,88200.0,3.9516298770904537,-8.701725959777832,0.3633201122283936
1743,88300.0,4.092289447784424,-8.706514358520508,0.4800374507904053
1744,88400.0,4.092289447784424,-8.706514358520508,0.4800374507904053
1745,88500.0,4.0863037109375,-8.676587104797362,0.3878606855869293
1746,88600.0,4.0863037109375,-8.676587104797362,0.3878606855869293
1747,88700.0,3.914519786834717,-8.681375503540039,0.042497079819440835
1748,88800.0,3.914519786834717,-8.681375503540039,0.042497079819440835
1749,88900.0,3.852869033813477,-8.847772598266602,0.3627215623855591
1750,89000.0,3.852869033813477,-8.847772598266602,0.3627215623855591
1751,89100.0,3.755305290222168,-8.833407402038574,0.2819172441959381
1752,89200.0,3.9223008155822754,-8.777143478393555,0.4812345504760742
1753,89300.0,3.9223008155822754,-8.777143478393555,0.4812345504760742
1754,89400.0,3.889979124069214,-8.774748802185059,0.5985504388809204
1755,89500.0,3.889979124069214,-8.774748802185059,0.5985504388809204
1756,89600.0,3.4853591918945317,-8.886677742004395,0.6931213736534119
1757,89700.0,3.4853591918945317,-8.886677742004395,0.6931213736534119
1758,89800.0,3.810970544815064,-8.842385292053223,0.3758896589279175
1759,89900.0,3.810970544815064,-8.842385292053223,0.3758896589279175
1760,88000.0,3.7409400939941406,-8.823830604553223,0.6063315868377686
1761,88100.0,3.7409400939941406,-8.823830604553223,0.6063315868377686
1762,88200.0,3.9516298770904537,-8.701725959777832,0.3633201122283936
1763,88300.0,4.092289447784424,-8.706514358520508,0.4800374507904053
1764,88400.0,4.092289447784424,-8.706514358520508,0.4800374507904053
1765,88500.0,4.0863037109375,-8.676587104797362,0.3878606855869293
1766,88600.0,4.0863037109375,-8.676587104797362,0.3878606855869293
1767,88700.0,3.914519786834717,-8.681375503540039,0.042497079819440835
1768,88800.0,3.914519786834717,-8.681375503540039,0.042497079819440835
1769,88900.0,3.852869033813477,-8.847772598266602,0.3627215623855591
1770,89000.0,3.852869033813477,-8.847772598266602,0.3627215623855591
1771,89100.0,3.755305290222168,-8.833407402038574,0.2819172441959381
1772,89200.0,3.9223008155822754,-8.777143478393555,0.4812345504760742
1773,89300.0,3.9223008155822754,-8.777143478393555,0.4812345504760742
1774,89400.0,3.889979124069214,-8.774748802185059,0.5985504388809204
1775,89500.0,3.889979124069214,-8.774748802185059,0.5985504388809204
1776,89600.0,3.4853591918945317,-8.886677742004395,0.6931213736534119
1777,89700.0,3.4853591918945317,-8.886677742004395,0.6931213736534119
1778,89800.0,3.810970544815064,-8.842385292053223,0.3758896589279175
1779,89900.0,3.810970544815064,-8.842385292053223,0.3758896589279175
1780,90000.0,3.9875428676605225,-8.670601844787598,0.8577227592468262
1781,90100.0,3.5051112174987797,-8.969876289367676,0.5889736413955688
1782,90200.0,3.5051112174987797,-8.969876289367676,0.5889736413955688
1783,90300.0,3.7888240814208975,-8.76337718963623,0.5363011956214905
1784,90400.0,3.7888240814208975,-8.76337718963623,0.5363011956214905
1785,90500.0,3.5751416683197017,-8.804078102111816,0.4225766062736511
1786,90600.0,3.5751416683197017,-8.804078102111816,0.4225766062736511
1787,90700.0,3.6756980419158936,-8.833407402038574,0.6063315868377686
1788,90800.0,3.6756980419158936,-8.833407402038574,0.6063315868377686
1789,90900.0,3.6727054119110103,-8.83939266204834,0.6979097723960876
1790,91000.0,3.8085763454437256,-8.842984199523926,0.7266402244567871
1791,91100.0,3.8085763454437256,-8.842984199523926,0.7266402244567871
1792,91200.0,3.671508312225342,-8.81664752960205,0.5722141861915588
1793,91300.0,3.671508312225342,-8.81664752960205,0.5722141861915588
1794,91400.0,3.73016619682312,-8.780136108398438,0.5494692921638489
1795,91500.0,3.73016619682312,-8.780136108398438,0.5494692921638489
1796,91600.0,3.5045127868652344,-8.916007041931152,0.4985924959182739
1797,91700.0,3.5045127868652344,-8.916007041931152,0.4985924959182739
1798,91800.0,3.797203779220581,-8.781332969665527,0.6961141228675842
1799,91900.0,3.7385458946228023,-8.804078102111816,0.6206967830657959
1800,90000.0,3.9875428676605225,-8.670601844787598,0.8577227592468262
1801,90100.0,3.5051112174987797,-8.969876289367676,0.5889736413955688
1802,90200.0,3.5051112174987797,-8.969876289367676,0.5889736413955688
1803,90300.0,3.7888240814208975,-8.76337718963623,0.5363011956214905
1804,90400.0,3.7888240814208975,-8.76337718963623,0.5363011956214905
1805,90500.0,3.5751416683197017,-8.804078102111816,0.4225766062736511
1806,90600.0,3.5751416683197017,-8.804078102111816,0.4225766062736511
1807,90700.0,3.6756980419158936,-8.833407402038574,0.6063315868377686
1808,90800.0,3.6756980419158936,-8.833407402038574,0.6063315868377686
1809,90900.0,3.6727054119110103,-8.83939266204834,0.6979097723960876
1810,91000.0,3.8085763454437256,-8.842984199523926,0.7266402244567871
1811,91100.0,3.8085763454437256,-8.842984199523926,0.7266402244567871
1812,91200.0,3.671508312225342,-8.81664752960205,0.5722141861915588
1813,91300.0,3.671508312225342,-8.81664752960205,0.5722141861915588
1814,91400.0,3.73016619682312,-8.780136108398438,0.5494692921638489
1815,91500.0,3.73016619682312,-8.780136108398438,0.5494692921638489
1816,91600.0,3.5045127868652344,-8.916007041931152,0.4985924959182739
1817,91700.0,3.5045127868652344,-8.916007041931152,0.4985924959182739
1818,91800.0,3.797203779220581,-8.781332969665527,0.6961141228675842
1819,91900.0,3.7385458946228023,-8.804078102111816,0.6206967830657959
1820,92000.0,3.7385458946228023,-8.804078102111816,0.6206967830657959
1821,92100.0,3.7702691555023193,-8.814851760864258,0.6625953316688538
1822,92200.0,3.7702691555023193,-8.814851760864258,0.6625953316688538
1823,92300.0,3.4320881366729736,-8.920795440673828,0.5273229479789734
1824,92400.0,3.4320881366729736,-8.920795440673828,0.5273229479789734
1825,92500.0,3.812766313552856,-8.755595207214355,0.7380126714706421
1826,92600.0,3.812766313552856,-8.755595207214355,0.7380126714706421
1827,92700.0,3.464409828186035,-8.925583839416504,0.6111199855804443
1828,92800.0,3.770867586135864,-8.818443298339844,0.7589619159698486
1829,92900.0,3.770867586135864,-8.818443298339844,0.7589619159698486
1830,93000.0,3.5661635398864746,-8.871115684509277,0.6871358752250671
1831,93100.0,3.5661635398864746,-8.871115684509277,0.6871358752250671
1832,93200.0,3.745130062103272,-8.828020095825195,0.7326257228851318
1833,93300.0,3.745130062103272,-8.828020095825195,0.7326257228851318
1834,93400.0,3.618835926055908,-8.814851760864258,0.6518214344978333
1835,93500.0,3.618835926055908,-8.814851760864258,0.6518214344978333
1836,93600.0,3.5883097648620605,-8.920196533203125,0.7098808288574219
1837,93700.0,3.5595793724060063,-8.861538887023926,0.5536591410636902
1838,93800.0,3.5595793724060063,-8.861538887023926,0.5536591410636902
1839,93900.0,3.7732617855072017,-8.737639427185059,0.6572083830833435
1840,92000.0,3.7385458946228023,-8.804078102111816,0.6206967830657959
1841,92100.0,3.7702691555023193,-8.814851760864258,0.6625953316688538
1842,92200.0,3.7702691555023193,-8.814851760864258,0.6625953316688538
1843,92300.0,3.4320881366729736,-8.920795440673828,0.5273229479789734
1844,92400.0,3.4320881366729736,-8.920795440673828,0.5273229479789734
1845,92500.0,3.812766313552856,-8.755595207214355,0.7380126714706421
1846,92600.0,3.812766313552856,-8.755595207214355,0.7380126714706421
1847,92700.0,3.464409828186035,-8.925583839416504,0.6111199855804443
1848,92800.0,3.770867586135864,-8.818443298339844,0.7589619159698486
1849,92900.0,3.770867586135864,-8.818443298339844,0.7589619159698486
1850,93000.0,3.5661635398864746,-8.871115684509277,0.6871358752250671
1851,93100.0,3.5661635398864746,-8.871115684509277,0.6871358752250671
1852,93200.0,3.745130062103272,-8.828020095825195,0.7326257228851318
1853,93300.0,3.745130062103272,-8.828020095825195,0.7326257228851318
1854,93400.0,3.618835926055908,-8.814851760864258,0.6518214344978333
1855,93500.0,3.618835926055908,-8.814851760864258,0.6518214344978333
1856,93600.0,3.5883097648620605,-8.920196533203125,0.7098808288574219
1857,93700.0,3.5595793724060063,-8.861538887023926,0.5536591410636902
1858,93800.0,3.5595793724060063,-8.861538887023926,0.5536591410636902
1859,93900.0,3.7732617855072017,-8.737639427185059,0.6572083830833435
1860,94000.0,3.7732617855072017,-8.737639427185059,0.6572083830833435
1861,94100.0,3.475183725357056,-8.859743118286133,0.4237737059593201
1862,94200.0,3.475183725357056,-8.859743118286133,0.4237737059593201
1863,94300.0,3.642179250717163,-8.821435928344727,0.6877344250679016
1864,94400.0,3.642179250717163,-8.821435928344727,0.6877344250679016
1865,94500.0,3.5452141761779785,-8.87291145324707,0.6021417379379272
1866,94600.0,3.672106742858887,-8.825027465820312,0.5877765417098999
1867,94700.0,3.672106742858887,-8.825027465820312,0.5877765417098999
1868,94800.0,3.8055837154388423,-8.73344898223877,0.4273650050163269
1869,94900.0,3.8055837154388423,-8.73344898223877,0.4273650050163269
1870,95000.0,3.360262155532837,-8.940547943115234,0.6709750294685364
1871,95100.0,3.360262155532837,-8.940547943115234,0.6709750294685364
1872,95200.0,4.046200752258302,-8.722076416015625,0.8164227604866028
1873,95300.0,4.046200752258302,-8.722076416015625,0.8164227604866028
1874,95400.0,3.471592426300049,-8.908226013183594,0.7134721279144287
1875,95500.0,4.042609691619873,-8.735244750976562,0.8271966576576233
1876,95600.0,4.042609691619873,-8.735244750976562,0.8271966576576233
1877,95700.0,3.82653284072876,-8.901042938232422,0.9253589510917664
1878,95800.0,3.82653284072876,-8.901042938232422,0.9253589510917664
1879,95900.0,3.7187938690185542,-8.787917137145996,0.6745663285255432
1880,94000.0,3.7732617855072017,-8.737639427185059,0.6572083830833435
1881,94100.0,3.475183725357056,-8.859743118286133,0.4237737059593201
1882,94200.0,3.475183725357056,-8.859743118286133,0.4237737059593201
1883,94300.0,3.642179250717163,-8.821435928344727,0.6877344250679016
1884,94400.0,3.642179250717163,-8.821435928344727,0.6877344250679016
1885,94500.0,3.5452141761779785,-8.87291145324707,0.6021417379379272
1886,94600.0,3.672106742858887,-8.825027465820312,0.5877765417098999
1887,94700.0,3.672106742858887,-8.825027465820312,0.5877765417098999
1888,94800.0,3.8055837154388423,-8.73344898223877,0.4273650050163269
1889,94900.0,3.8055837154388423,-8.73344898223877,0.4273650050163269
1890,95000.0,3.360262155532837,-8.940547943115234,0.6709750294685364
1891,95100.0,3.360262155532837,-8.940547943115234,0.6709750294685364
1892,95200.0,4.046200752258302,-8.722076416015625,0.8164227604866028
1893,95300.0,4.046200752258302,-8.722076416015625,0.8164227604866028
1894,95400.0,3.471592426300049,-8.908226013183594,0.7134721279144287
1895,95500.0,4.042609691619873,-8.735244750976562,0.8271966576576233
1896,95600.0,4.042609691619873,-8.735244750976562,0.8271966576576233
1897,95700.0,3.82653284072876,-8.901042938232422,0.9253589510917664
1898,95800.0,3.82653284072876,-8.901042938232422,0.9253589510917664
1899,95900.0,3.7187938690185542,-8.787917137145996,0.6745663285255432
1900,96000.0,3.7187938690185542,-8.787917137145996,0.6745663285255432
1901,96100.0,3.660135746002197,-8.899846076965332,0.871489405632019
1902,96200.0,3.660135746002197,-8.899846076965332,0.871489405632019
1903,96300.0,3.1998505592346187,-8.871115684509277,0.3711012601852417
1904,96400.0,3.820547342300415,-8.739435195922853,0.3351882398128509
1905,96500.0,3.820547342300415,-8.739435195922853,0.3351882398128509
1906,96600.0,4.440645694732666,-8.544307708740233,0.9193734526634216
1907,96700.0,4.440645694732666,-8.544307708740233,0.9193734526634216
1908,96800.0,3.3937809467315674,-8.941744804382324,0.7499836683273315
1909,96900.0,3.3937809467315674,-8.941744804382324,0.7499836683273315
1910,97000.0,3.47039532661438,-9.004592895507812,1.0259153842926023
1911,97100.0,3.47039532661438,-9.004592895507812,1.0259153842926023
1912,97200.0,3.8097734451293945,-8.718485832214355,0.5925649404525757
1913,97300.0,3.4847605228424072,-8.89026927947998,0.6374561786651611
1914,97400.0,3.4847605228424072,-8.89026927947998,0.6374561786651611
1915,97500.0,3.914519786834717,-8.71369743347168,0.8690952062606812
1916,97600.0,3.914519786834717,-8.71369743347168,0.8690952062606812
1917,97700.0,3.799597978591919,-8.744821548461914,0.7535749673843384
1918,97800.0,3.799597978591919,-8.744821548461914,0.7535749673843384
1919,97900.0,3.778050184249878,-8.744821548461914,0.812831461429596
1920,96000.0,3.7187938690185542,-8.787917137145996,0.6745663285255432
1921,96100.0,3.660135746002197,-8.899846076965332,0.871489405632019
1922,96200.0,3.660135746002197,-8.899846076965332,0.871489405632019
1923,96300.0,3.1998505592346187,-8.871115684509277,0.3711012601852417
1924,96400.0,3.820547342300415,-8.739435195922853,0.3351882398128509
1925,96500.0,3.820547342300415,-8.739435195922853,0.3351882398128509
1926,96600.0,4.440645694732666,-8.544307708740233,0.9193734526634216
1927,96700.0,4.440645694732666,-8.544307708740233,0.9193734526634216
1928,96800.0,3.3937809467315674,-8.941744804382324,0.7499836683273315
1929,96900.0,3.3937809467315674,-8.941744804382324,0.7499836683273315
1930,97000.0,3.47039532661438,-9.004592895507812,1.0259153842926023
1931,97100.0,3.47039532661438,-9.004592895507812,1.0259153842926023
1932,97200.0,3.8097734451293945,-8.718485832214355,0.5925649404525757
1933,97300.0,3.4847605228424072,-8.89026927947998,0.6374561786651611
1934,97400.0,3.4847605228424072,-8.89026927947998,0.6374561786651611
1935,97500.0,3.914519786834717,-8.71369743347168,0.8690952062606812
1936,97600.0,3.914519786834717,-8.71369743347168,0.8690952062606812
1937,97700.0,3.799597978591919,-8.744821548461914,0.7535749673843384
1938,97800.0,3.799597978591919,-8.744821548461914,0.7535749673843384
1939,97900.0,3.778050184249878,-8.744821548461914,0.812831461429596
1940,98000.0,3.778050184249878,-8.744821548461914,0.812831461429596
1941,98100.0,3.953425645828247,-8.700529098510742,0.517746090888977
1942,98200.0,3.8821980953216553,-8.698134422302246,0.910993754863739
1943,98300.0,3.8821980953216553,-8.698134422302246,0.910993754863739
1944,98400.0,3.3662476539611816,-8.933963775634766,0.6428431272506714
1945,98500.0,3.3662476539611816,-8.933963775634766,0.6428431272506714
1946,98600.0,3.5523967742919917,-8.759785652160645,0.9289502501487732
1947,98700.0,3.5523967742919917,-8.759785652160645,0.9289502501487732
1948,98800.0,3.792415380477905,-8.75080680847168,0.7374141216278076
1949,98900.0,3.792415380477905,-8.75080680847168,0.7374141216278076
1950,99000.0,3.5727474689483643,-9.099164009094238,0.09277531504631042
1951,99100.0,3.268683910369873,-8.857349395751953,-0.8744821548461914
1952,99200.0,3.268683910369873,-8.857349395751953,-0.8744821548461914
1953,99300.0,4.440645694732666,-8.53413200378418,0.2759317457675934
1954,99400.0,4.440645694732666,-8.53413200378418,0.2759317457675934
1955,99500.0,3.6930561065673833,-8.813654899597168,-0.11671733111143112
1956,99600.0,3.6930561065673833,-8.813654899597168,-0.11671733111143112
1957,99700.0,3.0095114707946777,-9.271546363830566,-0.6763619780540466
1958,99800.0,3.0095114707946777,-9.271546363830566,-0.6763619780540466
1959,99900.0,3.8253357410430913,-8.811859130859375,-0.4429273009300232
1960,98000.0,3.778050184249878,-8.744821548461914,0.812831461429596
1961,98100.0,3.953425645828247,-8.700529098510742,0.517746090888977
1962,98200.0,3.8821980953216553,-8.698134422302246,0.910993754863739
1963,98300.0,3.8821980953216553,-8.698134422302246,0.910993754863739
1964,98400.0,3.3662476539611816,-8.933963775634766,0.6428431272506714
1965,98500.0,3.3662476539611816,-8.933963775634766,0.6428431272506714
1966,98600.0,3.5523967742919917,-8.759785652160645,0.9289502501487732
1967,98700.0,3.5523967742919917,-8.759785652160645,0.9289502501487732
1968,98800.0,3.792415380477905,-8.75080680847168,0.7374141216278076
1969,98900.0,3.792415380477905,-8.75080680847168,0.7374141216278076
1970,99000.0,3.5727474689483643,-9.099164009094238,0.09277531504631042
1971,99100.0,3.268683910369873,-8.857349395751953,-0.8744821548461914
1972,99200.0,3.268683910369873,-8.857349395751953,-0.8744821548461914
1973,99300.0,4.440645694732666,-8.53413200378418,0.2759317457675934
1974,99400.0,4.440645694732666,-8.53413200378418,0.2759317457675934
1975,99500.0,3.6930561065673833,-8.813654899597168,-0.11671733111143112
1976,99600.0,3.6930561065673833,-8.813654899597168,-0.11671733111143112
1977,99700.0,3.0095114707946777,-9.271546363830566,-0.6763619780540466
1978,99800.0,3.0095114707946777,-9.271546363830566,-0.6763619780540466
1979,99900.0,3.8253357410430913,-8.811859130859375,-0.4429273009300232
1980,100000.0,2.9897594451904297,-9.367912292480467,-0.9660604000091552
1981,100100.0,2.9897594451904297,-9.367912292480467,-0.9660604000091552
1982,100200.0,3.8253357410430913,-8.885480880737305,-0.26156654953956604
1983,100300.0,3.8253357410430913,-8.885480880737305,-0.26156654953956604
1984,100400.0,3.3261446952819824,-9.064447402954102,-0.3926490843296051
1985,100500.0,3.3261446952819824,-9.064447402954102,-0.3926490843296051
1986,100600.0,3.5296518802642822,-8.937555313110352,-0.18614917993545527
1987,100700.0,3.5296518802642822,-8.937555313110352,-0.18614917993545527
1988,100800.0,3.9869444370269775,-8.73225212097168,0.014963760972023009
1989,100900.0,3.98455023765564,-8.951920509338379,0.05446808785200119
1990,101000.0,3.98455023765564,-8.951920509338379,0.05446808785200119
1991,101100.0,3.931279182434082,-8.792705535888674,-0.25079262256622314
1992,101200.0,3.931279182434082,-8.792705535888674,-0.25079262256622314
1993,101300.0,3.3943793773651123,-8.976460456848145,-0.11192893236875534
1994,101400.0,3.3943793773651123,-8.976460456848145,-0.11192893236875534
1995,101500.0,3.832518339157105,-8.833407402038574,-0.13287819921970367
1996,101600.0,3.832518339157105,-8.833407402038574,-0.13287819921970367
1997,101700.0,3.614047527313232,-8.960299491882324,-0.042497079819440835
1998,101800.0,3.731961965560913,-8.886079788208008,-0.01735796220600605
1999,101900.0,3.731961965560913,-8.886079788208008,-0.01735796220600605
2000,100000.0,2.9897594451904297,-9.367912292480467,-0.9660604000091552
2001,100100.0,2.9897594451904297,-9.367912292480467,-0.9660604000091552
2002,100200.0,3.8253357410430913,-8.885480880737305,-0.26156654953956604
2003,100300.0,3.8253357410430913,-8.885480880737305,-0.26156654953956604
2004,100400.0,3.3261446952819824,-9.064447402954102,-0.3926490843296051
2005,100500.0,3.3261446952819824,-9.064447402954102,-0.3926490843296051
2006,100600.0,3.5296518802642822,-8.937555313110352,-0.18614917993545527
2007,100700.0,3.5296518802642822,-8.937555313110352,-0.18614917993545527
2008,100800.0,3.9869444370269775,-8.73225212097168,0.014963760972023009
2009,100900.0,3.98455023765564,-8.951920509338379,0.05446808785200119
2010,101000.0,3.98455023765564,-8.951920509338379,0.05446808785200119
2011,101100.0,3.931279182434082,-8.792705535888674,-0.25079262256622314
2012,101200.0,3.931279182434082,-8.792705535888674,-0.25079262256622314
2013,101300.0,3.3943793773651123,-8.976460456848145,-0.11192893236875534
2014,101400.0,3.3943793773651123,-8.976460456848145,-0.11192893236875534
2015,101500.0,3.832518339157105,-8.833407402038574,-0.13287819921970367
2016,101600.0,3.832518339157105,-8.833407402038574,-0.13287819921970367
2017,101700.0,3.614047527313232,-8.960299491882324,-0.042497079819440835
2018,101800.0,3.731961965560913,-8.886079788208008,-0.01735796220600605
2019,101900.0,3.731961965560913,-8.886079788208008,-0.01735796220600605
2020,102000.0,3.6008794307708736,-8.910021781921387,-0.15083470940589905
2021,102100.0,3.6008794307708736,-8.910021781921387,-0.15083470940589905
2022,102200.0,3.794809579849243,-8.917203903198242,-0.2322375625371933
2023,102300.0,3.794809579849243,-8.917203903198242,-0.2322375625371933
2024,102400.0,3.599682331085205,-8.974066734313965,-0.15921440720558167
2025,102500.0,3.599682331085205,-8.974066734313965,-0.15921440720558167
2026,102600.0,3.681085109710693,-8.852560997009277,-0.2861070930957794
2027,102700.0,3.601477861404419,-8.901641845703125,-0.009576806798577309
2028,102800.0,3.601477861404419,-8.901641845703125,-0.009576806798577309
2029,102900.0,3.9175124168396,-8.771756172180176,0.020949264988303185
2030,103000.0,3.9175124168396,-8.771756172180176,0.020949264988303185
2031,103100.0,3.709217071533203,-8.876502990722656,0.040701430290937424
2032,103200.0,3.709217071533203,-8.876502990722656,0.040701430290937424
2033,103300.0,4.105457305908203,-8.653243064880371,-0.09696517139673233
2034,103400.0,4.105457305908203,-8.653243064880371,-0.09696517139673233
2035,103500.0,3.588908433914185,-8.938153266906738,0.08319851011037828
2036,103600.0,3.588908433914185,-8.938153266906738,0.08319851011037828
2037,103700.0,3.752312660217285,-8.887276649475098,-0.10893617570400238
2038,103800.0,3.6559460163116455,-8.917203903198242,-0.08858546614646913
2039,103900.0,3.6559460163116455,-8.917203903198242,-0.08858546614646913
2040,102000.0,3.6008794307708736,-8.910021781921387,-0.15083470940589905
2041,102100.0,3.6008794307708736,-8.910021781921387,-0.15083470940589905
2042,102200.0,3.794809579849243,-8.917203903198242,-0.2322375625371933
2043,102300.0,3.794809579849243,-8.917203903198242,-0.2322375625371933
2044,102400.0,3.599682331085205,-8.974066734313965,-0.15921440720558167
2045,102500.0,3.599682331085205,-8.974066734313965,-0.15921440720558167
2046,102600.0,3.681085109710693,-8.852560997009277,-0.2861070930957794
2047,102700.0,3.601477861404419,-8.901641845703125,-0.009576806798577309
2048,102800.0,3.601477861404419,-8.901641845703125,-0.009576806798577309
2049,102900.0,3.9175124168396,-8.771756172180176,0.020949264988303185
2050,103000.0,3.9175124168396,-8.771756172180176,0.020949264988303185
2051,103100.0,3.709217071533203,-8.876502990722656,0.040701430290937424
2052,103200.0,3.709217071533203,-8.876502990722656,0.040701430290937424
2053,103300.0,4.105457305908203,-8.653243064880371,-0.09696517139673233
2054,103400.0,4.105457305908203,-8.653243064880371,-0.09696517139673233
2055,103500.0,3.588908433914185,-8.938153266906738,0.08319851011037828
2056,103600.0,3.588908433914185,-8.938153266906738,0.08319851011037828
2057,103700.0,3.752312660217285,-8.887276649475098,-0.10893617570400238
2058,103800.0,3.6559460163116455,-8.917203903198242,-0.08858546614646913
2059,103900.0,3.6559460163116455,-8.917203903198242,-0.08858546614646913
2060,104000.0,3.831321239471436,-8.83699893951416,0.058059390634298325
2061,104100.0,3.831321239471436,-8.83699893951416,0.058059390634298325
2062,104200.0,3.760093688964844,-8.87410831451416,0.0957680642604828
2063,104300.0,3.760093688964844,-8.87410831451416,0.0957680642604828
2064,104400.0,3.8025908470153813,-8.795698165893555,-0.0586579404771328
2065,104500.0,3.599083662033081,-8.912415504455566,0.042497079819440835
2066,104600.0,3.599083662033081,-8.912415504455566,0.042497079819440835
2067,104700.0,3.766677856445313,-8.866327285766602,-0.061052143573760986
2068,104800.0,3.766677856445313,-8.866327285766602,-0.061052143573760986
2069,104900.0,3.603273630142212,-8.87171459197998,0.043095629662275314
2070,105000.0,3.603273630142212,-8.87171459197998,0.043095629662275314
2071,105100.0,3.7433342933654794,-8.82083797454834,0.028131870552897453
2072,105200.0,3.7433342933654794,-8.82083797454834,0.028131870552897453
2073,105300.0,3.755903959274292,-8.897452354431152,0.2059013396501541
2074,105400.0,3.755903959274292,-8.897452354431152,0.2059013396501541
2075,105500.0,3.8684313297271733,-8.786720275878906,-0.07661445438861847
2076,105600.0,3.646369218826294,-8.844779968261719,0.16759411990642548
2077,105700.0,3.646369218826294,-8.844779968261719,0.16759411990642548
2078,105800.0,3.8546648025512695,-8.843582153320312,0.22266076505184174
2079,105900.0,3.8546648025512695,-8.843582153320312,0.22266076505184174
2080,104000.0,3.831321239471436,-8.83699893951416,0.058059390634298325
2081,104100.0,3.831321239471436,-8.83699893951416,0.058059390634298325
2082,104200.0,3.760093688964844,-8.87410831451416,0.0957680642604828
2083,104300.0,3.760093688964844,-8.87410831451416,0.0957680642604828
2084,104400.0,3.8025908470153813,-8.795698165893555,-0.0586579404771328
2085,104500.0,3.599083662033081,-8.912415504455566,0.042497079819440835
2086,104600.0,3.599083662033081,-8.912415504455566,0.042497079819440835
2087,104700.0,3.766677856445313,-8.866327285766602,-0.061052143573760986
2088,104800.0,3.766677856445313,-8.866327285766602,-0.061052143573760986
2089,104900.0,3.603273630142212,-8.87171459197998,0.043095629662275314
2090,105000.0,3.603273630142212,-8.87171459197998,0.043095629662275314
2091,105100.0,3.7433342933654794,-8.82083797454834,0.028131870552897453
2092,105200.0,3.7433342933654794,-8.82083797454834,0.028131870552897453
2093,105300.0,3.755903959274292,-8.897452354431152,0.2059013396501541
2094,105400.0,3.755903959274292,-8.897452354431152,0.2059013396501541
2095,105500.0,3.8684313297271733,-8.786720275878906,-0.07661445438861847
2096,105600.0,3.646369218826294,-8.844779968261719,0.16759411990642548
2097,105700.0,3.646369218826294,-8.844779968261719,0.16759411990642548
2098,105800.0,3.8546648025512695,-8.843582153320312,0.22266076505184174
2099,105900.0,3.8546648025512695,-8.843582153320312,0.22266076505184174
2100,106000.0,3.4979286193847656,-8.869918823242188,0.13168109953403473
2101,106100.0,3.4979286193847656,-8.869918823242188,0.13168109953403473
2102,106200.0,3.8911762237548833,-8.790311813354492,0.1215057373046875
2103,106300.0,3.8911762237548833,-8.790311813354492,0.1215057373046875
2104,106400.0,3.700238704681397,-8.89445972442627,0.4405331015586853
2105,106500.0,3.561973571777344,-8.923190116882324,0.04668693244457245
2106,106600.0,3.561973571777344,-8.923190116882324,0.04668693244457245
2107,106700.0,3.516483783721924,-8.942343711853027,0.25737667083740234
2108,106800.0,3.516483783721924,-8.942343711853027,0.25737667083740234
2109,106900.0,3.4153287410736084,-8.971672058105469,0.03770867735147476
2110,107000.0,3.4153287410736084,-8.971672058105469,0.03770867735147476
2111,107100.0,3.589506864547729,-8.890868186950684,-0.008978256024420261
2112,107200.0,3.589506864547729,-8.890868186950684,-0.008978256024420261
2113,107300.0,3.782240152359009,-8.87171459197998,0.2424129247665405
2114,107400.0,3.827131509780884,-8.828020095825195,0.11671733111143112
2115,107500.0,3.827131509780884,-8.828020095825195,0.11671733111143112
2116,107600.0,3.904344320297241,-8.795100212097168,0.19632454216480252
2117,107700.0,3.904344320297241,-8.795100212097168,0.19632454216480252
2118,107800.0,3.7044286727905273,-8.895057678222656,0.17417816817760468
2119,107900.0,3.7044286727905273,-8.895057678222656,0.17417816817760468
2120,106000.0,3.4979286193847656,-8.869918823242188,0.13168109953403473
2121,106100.0,3.4979286193847656,-8.869918823242188,0.13168109953403473
2122,106200.0,3.8911762237548833,-8.790311813354492,0.1215057373046875
2123,106300.0,3.8911762237548833,-8.790311813354492,0.1215057373046875
2124,106400.0,3.700238704681397,-8.89445972442627,0.4405331015586853
2125,106500.0,3.561973571777344,-8.923190116882324,0.04668693244457245
2126,106600.0,3.561973571777344,-8.923190116882324,0.04668693244457245
2127,106700.0,3.516483783721924,-8.942343711853027,0.25737667083740234
2128,106800.0,3.516483783721924,-8.942343711853027,0.25737667083740234
2129,106900.0,3.4153287410736084,-8.971672058105469,0.03770867735147476
2130,107000.0,3.4153287410736084,-8.971672058105469,0.03770867735147476
2131,107100.0,3.589506864547729,-8.890868186950684,-0.008978256024420261
2132,107200.0,3.589506864547729,-8.890868186950684,-0.008978256024420261
2133,107300.0,3.782240152359009,-8.87171459197998,0.2424129247665405
2134,107400.0,3.827131509780884,-8.828020095825195,0.11671733111143112
2135,107500.0,3.827131509780884,-8.828020095825195,0.11671733111143112
2136,107600.0,3.904344320297241,-8.795100212097168,0.19632454216480252
2137,107700.0,3.904344320297241,-8.795100212097168,0.19632454216480252
2138,107800.0,3.7044286727905273,-8.895057678222656,0.17417816817760468
2139,107900.0,3.7044286727905273,-8.895057678222656,0.17417816817760468
2140,108000.0,3.8738183975219727,-8.790909767150879,0.2489969730377197
2141,108100.0,3.8738183975219727,-8.790909767150879,0.2489969730377197
2142,108200.0,3.5595793724060063,-8.977059364318848,0.04908113554120064
2143,108300.0,3.806780815124512,-8.81784439086914,0.17537526786327362
2144,108400.0,3.806780815124512,-8.81784439086914,0.17537526786327362
2145,108500.0,3.5559880733489986,-8.874707221984863,0.0293289702385664
2146,108600.0,3.5559880733489986,-8.874707221984863,0.0293289702385664
2147,108700.0,3.6828808784484863,-8.883087158203125,0.16220717132091522
2148,108800.0,3.6828808784484863,-8.883087158203125,0.16220717132091522
2149,108900.0,3.811569213867188,-8.87171459197998,0.14185644686222074
2150,109000.0,3.811569213867188,-8.87171459197998,0.14185644686222074
2151,109100.0,3.779247283935547,-8.868123054504395,0.09696517139673233
2152,109200.0,3.845686435699463,-8.789113998413086,0.18555063009262085
2153,109300.0,3.845686435699463,-8.789113998413086,0.18555063009262085
2154,109400.0,3.7906198501586914,-8.869319915771484,0.1562216579914093
2155,109500.0,3.7906198501586914,-8.869319915771484,0.1562216579914093
2156,109600.0,3.64577054977417,-8.9249849319458,0.243011474609375
2157,109700.0,3.64577054977417,-8.9249849319458,0.243011474609375
2158,109800.0,3.8295257091522217,-8.801085472106934,0.1885433793067932
2159,109900.0,3.8295257091522217,-8.801085472106934,0.1885433793067932
2160,108000.0,3.8738183975219727,-8.790909767150879,0.2489969730377197
2161,108100.0,3.8738183975219727,-8.790909767150879,0.2489969730377197
2162,108200.0,3.5595793724060063,-8.977059364318848,0.04908113554120064
2163,108300.0,3.806780815124512,-8.81784439086914,0.17537526786327362
2164,108400.0,3.806780815124512,-8.81784439086914,0.17537526786327362
2165,108500.0,3.5559880733489986,-8.874707221984863,0.0293289702385664
2166,108600.0,3.5559880733489986,-8.874707221984863,0.0293289702385664
2167,108700.0,3.6828808784484863,-8.883087158203125,0.16220717132091522
2168,108800.0,3.6828808784484863,-8.883087158203125,0.16220717132091522
2169,108900.0,3.811569213867188,-8.87171459197998,0.14185644686222074
2170,109000.0,3.811569213867188,-8.87171459197998,0.14185644686222074
2171,109100.0,3.779247283935547,-8.868123054504395,0.09696517139673233
2172,109200.0,3.845686435699463,-8.789113998413086,0.18555063009262085
2173,109300.0,3.845686435699463,-8.789113998413086,0.18555063009262085
2174,109400.0,3.7906198501586914,-8.869319915771484,0.1562216579914093
2175,109500.0,3.7906198501586914,-8.869319915771484,0.1562216579914093
2176,109600.0,3.64577054977417,-8.9249849319458,0.243011474609375
2177,109700.0,3.64577054977417,-8.9249849319458,0.243011474609375
2178,109800.0,3.8295257091522217,-8.801085472106934,0.1885433793067932
2179,109900.0,3.8295257091522217,-8.801085472106934,0.1885433793067932
2180,110000.0,3.560776472091675,-8.937555313110352,0.2364274114370346
2181,110100.0,3.907337188720703,-8.760982513427733,-0.038905777037143714
2182,110200.0,3.907337188720703,-8.760982513427733,-0.038905777037143714
2183,110300.0,3.869029998779297,-8.834604263305664,0.23104046285152435
2184,110400.0,3.869029998779297,-8.834604263305664,0.23104046285152435
2185,110500.0,3.7343561649322514,-8.864531517028809,0.13766659796237946
2186,110600.0,3.7343561649322514,-8.864531517028809,0.13766659796237946
2187,110700.0,3.5847184658050537,-8.890868186950684,0.19452889263629916
2188,110800.0,3.5847184658050537,-8.890868186950684,0.19452889263629916
2189,110900.0,3.766079187393189,-8.869319915771484,0.2454056739807129
2190,111000.0,3.754706859588623,-8.837596893310547,0.07661445438861847
2191,111100.0,3.754706859588623,-8.837596893310547,0.07661445438861847
2192,111200.0,3.812766313552856,-8.812458038330078,0.09457096457481384
2193,111300.0,3.812766313552856,-8.812458038330078,0.09457096457481384
2194,111400.0,3.660135746002197,-8.902240753173828,0.03172317147254944
2195,111500.0,3.660135746002197,-8.902240753173828,0.03172317147254944
2196,111600.0,3.7702691555023193,-8.882488250732422,0.09816227108240128
2197,111700.0,3.7702691555023193,-8.882488250732422,0.09816227108240128
2198,111800.0,3.5039141178131104,-8.959701538085938,0.08080431073904037
2199,111900.0,3.811569213867188,-8.842385292053223,0.09457096457481384
2200,110000.0,3.560776472091675,-8.937555313110352,0.2364274114370346
2201,110100.0,3.907337188720703,-8.760982513427733,-0.038905777037143714
2202,110200.0,3.907337188720703,-8.760982513427733,-0.038905777037143714
2203,110300.0,3.869029998779297,-8.834604263305664,0.23104046285152435
2204,110400.0,3.869029998779297,-8.834604263305664,0.23104046285152435
2205,110500.0,3.7343561649322514,-8.864531517028809,0.13766659796237946
2206,110600.0,3.7343561649322514,-8.864531517028809,0.13766659796237946
2207,110700.0,3.5847184658050537,-8.890868186950684,0.19452889263629916
2208,110800.0,3.5847184658050537,-8.890868186950684,0.19452889263629916
2209,110900.0,3.766079187393189,-8.869319915771484,0.2454056739807129
2210,111000.0,3.754706859588623,-8.837596893310547,0.07661445438861847
2211,111100.0,3.754706859588623,-8.837596893310547,0.07661445438861847
2212,111200.0,3.812766313552856,-8.812458038330078,0.09457096457481384
2213,111300.0,3.812766313552856,-8.812458038330078,0.09457096457481384
2214,111400.0,3.660135746002197,-8.902240753173828,0.03172317147254944
2215,111500.0,3.660135746002197,-8.902240753173828,0.03172317147254944
2216,111600.0,3.7702691555023193,-8.882488250732422,0.09816227108240128
2217,111700.0,3.7702691555023193,-8.882488250732422,0.09816227108240128
2218,111800.0,3.5039141178131104,-8.959701538085938,0.08080431073904037
2219,111900.0,3.811569213867188,-8.842385292053223,0.09457096457481384
2220,112000.0,3.811569213867188,-8.842385292053223,0.09457096457481384
2221,112100.0,3.6361937522888175,-8.872312545776367,0.1472434103488922
2222,112200.0,3.6361937522888175,-8.872312545776367,0.1472434103488922
2223,112300.0,4.088697910308838,-8.683769226074219,0.11671733111143112
2224,112400.0,4.088697910308838,-8.683769226074219,0.11671733111143112
2225,112500.0,3.6972460746765137,-8.865130424499512,0.2172738015651703
2226,112600.0,3.6972460746765137,-8.865130424499512,0.2172738015651703
2227,112700.0,3.84269380569458,-8.768165588378906,0.25318682193756104
2228,112800.0,3.6499605178833012,-8.878896713256836,0.3902548849582672
2229,112900.0,3.6499605178833012,-8.878896713256836,0.3902548849582672
2230,113000.0,3.6756980419158936,-8.875306129455566,0.17836803197860718
2231,113100.0,3.6756980419158936,-8.875306129455566,0.17836803197860718
2232,113200.0,3.5661635398864746,-8.860940933227539,0.09696517139673233
2233,113300.0,3.5661635398864746,-8.860940933227539,0.09696517139673233
2234,113400.0,3.654150247573853,-8.839991569519043,0.3124433159828186
2235,113500.0,3.654150247573853,-8.839991569519043,0.3124433159828186
2236,113600.0,3.622427225112915,-8.908226013183594,0.2609679996967316
2237,113700.0,3.4991257190704346,-8.958504676818848,0.3274070918560028
2238,113800.0,3.4991257190704346,-8.958504676818848,0.3274070918560028
2239,113900.0,3.796006679534912,-8.811859130859375,0.16101007163524628
2240,112000.0,3.811569213867188,-8.842385292053223,0.09457096457481384
2241,112100.0,3.6361937522888175,-8.872312545776367,0.1472434103488922
2242,112200.0,3.6361937522888175,-8.872312545776367,0.1472434103488922
2243,112300.0,4.088697910308838,-8.683769226074219,0.11671733111143112
2244,112400.0,4.088697910308838,-8.683769226074219,0.11671733111143112
2245,112500.0,3.6972460746765137,-8.865130424499512,0.2172738015651703
2246,112600.0,3.6972460746765137,-8.865130424499512,0.2172738015651703
2247,112700.0,3.84269380569458,-8.768165588378906,0.25318682193756104
2248,112800.0,3.6499605178833012,-8.878896713256836,0.3902548849582672
2249,112900.0,3.6499605178833012,-8.878896713256836,0.3902548849582672
2250,113000.0,3.6756980419158936,-8.875306129455566,0.17836803197860718
2251,113100.0,3.6756980419158936,-8.875306129455566,0.17836803197860718
2252,113200.0,3.5661635398864746,-8.860940933227539,0.09696517139673233
2253,113300.0,3.5661635398864746,-8.860940933227539,0.09696517139673233
2254,113400.0,3.654150247573853,-8.839991569519043,0.3124433159828186
2255,113500.0,3.654150247573853,-8.839991569519043,0.3124433159828186
2256,113600.0,3.622427225112915,-8.908226013183594,0.2609679996967316
2257,113700.0,3.4991257190704346,-8.958504676818848,0.3274070918560028
2258,113800.0,3.4991257190704346,-8.958504676818848,0.3274070918560028
2259,113900.0,3.796006679534912,-8.811859130859375,0.16101007163524628
2260,114000.0,3.796006679534912,-8.811859130859375,0.16101007163524628
2261,114100.0,3.5506010055541988,-8.921992301940918,0.25079262256622314
2262,114200.0,3.5506010055541988,-8.921992301940918,0.25079262256622314
2263,114300.0,3.76488208770752,-8.807669639587402,0.11432313174009325
2264,114400.0,3.76488208770752,-8.807669639587402,0.11432313174009325
2265,114500.0,3.5924997329711914,-8.89565658569336,0.2849099934101105
2266,114600.0,3.5924997329711914,-8.89565658569336,0.2849099934101105
2267,114700.0,3.839102506637573,-8.813654899597168,0.272938996553421
2268,114800.0,3.739144563674927,-8.866327285766602,0.2645592987537384
2269,114900.0,3.739144563674927,-8.866327285766602,0.2645592987537384
2270,115000.0,3.739742994308472,-8.877100944519043,0.1843535304069519
2271,115100.0,3.739742994308472,-8.877100944519043,0.1843535304069519
2272,115200.0,3.8289270401000977,-8.802282333374023,0.14664486050605774
2273,115300.0,3.8289270401000977,-8.802282333374023,0.14664486050605774
2274,115400.0,3.6493618488311768,-8.89146614074707,0.2274491637945175
2275,115500.0,3.6762967109680176,-8.926780700683594,0.2603694200515747
2276,115600.0,3.6762967109680176,-8.926780700683594,0.2603694200515747
2277,115700.0,3.638587951660156,-8.82442855834961,0.018555063754320145
2278,115800.0,3.638587951660156,-8.82442855834961,0.018555063754320145
2279,115900.0,3.7618894577026367,-8.82442855834961,0.10055647045373917
2280,114000.0,3.796006679534912,-8.811859130859375,0.16101007163524628
2281,114100.0,3.5506010055541988,-8.921992301940918,0.25079262256622314
2282,114200.0,3.5506010055541988,-8.921992301940918,0.25079262256622314
2283,114300.0,3.76488208770752,-8.807669639587402,0.11432313174009325
2284,114400.0,3.76488208770752,-8.807669639587402,0.11432313174009325
2285,114500.0,3.5924997329711914,-8.89565658569336,0.2849099934101105
2286,114600.0,3.5924997329711914,-8.89565658569336,0.2849099934101105
2287,114700.0,3.839102506637573,-8.813654899597168,0.272938996553421
2288,114800.0,3.739144563674927,-8.866327285766602,0.2645592987537384
2289,114900.0,3.739144563674927,-8.866327285766602,0.2645592987537384
2290,115000.0,3.739742994308472,-8.877100944519043,0.1843535304069519
2291,115100.0,3.739742994308472,-8.877100944519043,0.1843535304069519
2292,115200.0,3.8289270401000977,-8.802282333374023,0.14664486050605774
2293,115300.0,3.8289270401000977,-8.802282333374023,0.14664486050605774
2294,115400.0,3.6493618488311768,-8.89146614074707,0.2274491637945175
2295,115500.0,3.6762967109680176,-8.926780700683594,0.2603694200515747
2296,115600.0,3.6762967109680176,-8.926780700683594,0.2603694200515747
2297,115700.0,3.638587951660156,-8.82442855834961,0.018555063754320145
2298,115800.0,3.638587951660156,-8.82442855834961,0.018555063754320145
2299,115900.0,3.7618894577026367,-8.82442855834961,0.10055647045373917
2300,116000.0,3.7618894577026367,-8.82442855834961,0.10055647045373917
2301,116100.0,3.4913446903228764,-8.936956405639648,0.20769700407981875
2302,116200.0,3.4913446903228764,-8.936956405639648,0.20769700407981875
2303,116300.0,3.578732967376709,-8.911218643188477,0.13168109953403473
2304,116400.0,3.575740337371826,-8.884284019470215,0.06643909960985184
2305,116500.0,3.575740337371826,-8.884284019470215,0.06643909960985184
2306,116600.0,3.817554712295532,-8.857349395751953,0.13287819921970367
2307,116700.0,3.817554712295532,-8.857349395751953,0.13287819921970367
2308,116800.0,3.539228677749634,-8.926780700683594,0.22625206410884854
2309,116900.0,3.539228677749634,-8.926780700683594,0.22625206410884854
2310,117000.0,3.654150247573853,-8.860342025756836,0.21607670187950132
2311,117100.0,3.654150247573853,-8.860342025756836,0.21607670187950132
2312,117200.0,3.6828808784484863,-8.877100944519043,0.15682020783424375
2313,117300.0,3.7385458946228023,-8.845377922058105,0.18974047899246216
2314,117400.0,3.7385458946228023,-8.845377922058105,0.18974047899246216
2315,117500.0,3.651756048202514,-8.881291389465332,0.25737667083740234
2316,117600.0,3.651756048202514,-8.881291389465332,0.25737667083740234
2317,117700.0,3.62302565574646,-8.91421127319336,0.5009866952896118
2318,117800.0,3.62302565574646,-8.91421127319336,0.5009866952896118
2319,117900.0,3.845088005065918,-8.781332969665527,0.050876785069704056
2320,116000.0,3.7618894577026367,-8.82442855834961,0.10055647045373917
2321,116100.0,3.4913446903228764,-8.936956405639648,0.20769700407981875
2322,116200.0,3.4913446903228764,-8.936956405639648,0.20769700407981875
2323,116300.0,3.578732967376709,-8.911218643188477,0.13168109953403473
2324,116400.0,3.575740337371826,-8.884284019470215,0.06643909960985184
2325,116500.0,3.575740337371826,-8.884284019470215,0.06643909960985184
2326,116600.0,3.817554712295532,-8.857349395751953,0.13287819921970367
2327,116700.0,3.817554712295532,-8.857349395751953,0.13287819921970367
2328,116800.0,3.539228677749634,-8.926780700683594,0.22625206410884854
2329,116900.0,3.539228677749634,-8.926780700683594,0.22625206410884854
2330,117000.0,3.654150247573853,-8.860342025756836,0.21607670187950132
2331,117100.0,3.654150247573853,-8.860342025756836,0.21607670187950132
2332,117200.0,3.6828808784484863,-8.877100944519043,0.15682020783424375
2333,117300.0,3.7385458946228023,-8.845377922058105,0.18974047899246216
2334,117400.0,3.7385458946228023,-8.845377922058105,0.18974047899246216
2335,117500.0,3.651756048202514,-8.881291389465332,0.25737667083740234
2336,117600.0,3.651756048202514,-8.881291389465332,0.25737667083740234
2337,117700.0,3.62302565574646,-8.91421127319336,0.5009866952896118
2338,117800.0,3.62302565574646,-8.91421127319336,0.5009866952896118
2339,117900.0,3.845088005065918,-8.781332969665527,0.050876785069704056
2340,118000.0,3.845088005065918,-8.781332969665527,0.050876785069704056
2341,118100.0,3.6104562282562256,-8.857349395751953,0.22685061395168304
2342,118200.0,3.3500866889953613,-9.058462142944336,0.18375498056411746
2343,118300.0,3.3500866889953613,-9.058462142944336,0.18375498056411746
2344,118400.0,3.954024076461792,-8.652046203613281,-0.09816227108240128
2345,118500.0,3.954024076461792,-8.652046203613281,-0.09816227108240128
2346,118600.0,3.6852750778198238,-8.9064302444458,0.10893617570400238
2347,118700.0,3.6852750778198238,-8.9064302444458,0.10893617570400238
2348,118800.0,3.669712543487549,-8.959102630615234,0.17717093229293826
2349,118900.0,3.669712543487549,-8.959102630615234,0.17717093229293826
2350,119000.0,3.9372646808624263,-8.692748069763184,-0.10295066982507706
2351,119100.0,4.038419723510741,-8.786121368408201,0.06703764945268631
2352,119200.0,4.038419723510741,-8.786121368408201,0.06703764945268631
2353,119300.0,4.021660327911377,-8.686761856079103,0.0867898091673851
2354,119400.0,4.021660327911377,-8.686761856079103,0.0867898091673851
2355,119500.0,3.3692402839660645,-8.883087158203125,-0.08200141042470932
2356,119600.0,3.3692402839660645,-8.883087158203125,-0.08200141042470932
2357,119700.0,4.424484729766847,-8.468291282653809,0.05027823522686958
2358,119800.0,4.424484729766847,-8.468291282653809,0.05027823522686958
2359,119900.0,3.79181694984436,-8.823830604553223,-0.11133038252592088
2360,118000.0,3.845088005065918,-8.781332969665527,0.050876785069704056
2361,118100.0,3.6104562282562256,-8.857349395751953,0.22685061395168304
2362,118200.0,3.3500866889953613,-9.058462142944336,0.18375498056411746
2363,118300.0,3.3500866889953613,-9.058462142944336,0.18375498056411746
2364,118400.0,3.954024076461792,-8.652046203613281,-0.09816227108240128
2365,118500.0,3.954024076461792,-8.652046203613281,-0.09816227108240128
2366,118600.0,3.6852750778198238,-8.9064302444458,0.10893617570400238
2367,118700.0,3.6852750778198238,-8.9064302444458,0.10893617570400238
2368,118800.0,3.669712543487549,-8.959102630615234,0.17717093229293826
2369,118900.0,3.669712543487549,-8.959102630615234,0.17717093229293826
2370,119000.0,3.9372646808624263,-8.692748069763184,-0.10295066982507706
2371,119100.0,4.038419723510741,-8.786121368408201,0.06703764945268631
2372,119200.0,4.038419723510741,-8.786121368408201,0.06703764945268631
2373,119300.0,4.021660327911377,-8.686761856079103,0.0867898091673851
2374,119400.0,4.021660327911377,-8.686761856079103,0.0867898091673851
2375,119500.0,3.3692402839660645,-8.883087158203125,-0.08200141042470932
2376,119600.0,3.3692402839660645,-8.883087158203125,-0.08200141042470932
2377,119700.0,4.424484729766847,-8.468291282653809,0.05027823522686958
2378,119800.0,4.424484729766847,-8.468291282653809,0.05027823522686958
2379,119900.0,3.79181694984436,-8.823830604553223,-0.11133038252592088
2380,120000.0,3.897161722183228,-8.669404029846191,0.09097966551780699
2381,120100.0,3.897161722183228,-8.669404029846191,0.09097966551780699
2382,120200.0,4.280832767486571,-8.649652481079103,0.18136078119277954
2383,120300.0,4.280832767486571,-8.649652481079103,0.18136078119277954
2384,120400.0,4.412513732910156,-8.558672904968263,0.0867898091673851
2385,120500.0,4.412513732910156,-8.558672904968263,0.0867898091673851
2386,120600.0,3.9510314464569087,-8.831611633300781,0.17657238245010376
2387,120700.0,3.9510314464569087,-8.831611633300781,0.17657238245010376
2388,120800.0,4.019266128540038,-8.788516044616701,0.14425064623355865
2389,120900.0,3.8606503009796143,-8.786720275878906,0.08918401598930359
2390,121000.0,3.8606503009796143,-8.786720275878906,0.08918401598930359
2391,121100.0,3.864840030670166,-8.73344898223877,0.2082955539226532
2392,121200.0,3.864840030670166,-8.73344898223877,0.2082955539226532
2393,121300.0,4.046799659729004,-8.687360763549805,0.25977087020874023
2394,121400.0,4.046799659729004,-8.687360763549805,0.25977087020874023
2395,121500.0,3.945045948028565,-8.783727645874022,0.32261869311332697
2396,121600.0,3.945045948028565,-8.783727645874022,0.32261869311332697
2397,121700.0,3.851073503494263,-8.82442855834961,0.3986345827579498
2398,121800.0,3.785232782363892,-8.805274963378906,0.3687070608139038
2399,121900.0,3.785232782363892,-8.805274963378906,0.3687070608139038
2400,120000.0,3.897161722183228,-8.669404029846191,0.09097966551780699
2401,120100.0,3.897161722183228,-8.669404029846191,0.09097966551780699
2402,120200.0,4.280832767486571,-8.649652481079103,0.18136078119277954
2403,120300.0,4.280832767486571,-8.649652481079103,0.18136078119277954
2404,120400.0,4.412513732910156,-8.558672904968263,0.0867898091673851
2405,120500.0,4.412513732910156,-8.558672904968263,0.0867898091673851
2406,120600.0,3.9510314464569087,-8.831611633300781,0.17657238245010376
2407,120700.0,3.9510314464569087,-8.831611633300781,0.17657238245010376
2408,120800.0,4.019266128540038,-8.788516044616701,0.14425064623355865
2409,120900.0,3.8606503009796143,-8.786720275878906,0.08918401598930359
2410,121000.0,3.8606503009796143,-8.786720275878906,0.08918401598930359
2411,121100.0,3.864840030670166,-8.73344898223877,0.2082955539226532
2412,121200.0,3.864840030670166,-8.73344898223877,0.2082955539226532
2413,121300.0,4.046799659729004,-8.687360763549805,0.25977087020874023
2414,121400.0,4.046799659729004,-8.687360763549805,0.25977087020874023
2415,121500.0,3.945045948028565,-8.783727645874022,0.32261869311332697
2416,121600.0,3.945045948028565,-8.783727645874022,0.32261869311332697
2417,121700.0,3.851073503494263,-8.82442855834961,0.3986345827579498
2418,121800.0,3.785232782363892,-8.805274963378906,0.3687070608139038
2419,121900.0,3.785232782363892,-8.805274963378906,0.3687070608139038
2420,122000.0,3.864241600036621,-8.803479194641113,0.3627215623855591
2421,122100.0,3.864241600036621,-8.803479194641113,0.3627215623855591
2422,122200.0,3.864840030670166,-8.7669677734375,0.4668693244457245
2423,122300.0,3.864840030670166,-8.7669677734375,0.4668693244457245
2424,122400.0,4.000710964202882,-8.705317497253418,0.3711012601852417
2425,122500.0,4.000710964202882,-8.705317497253418,0.3711012601852417
2426,122600.0,3.9151182174682617,-8.79928970336914,0.4267664551734924
2427,122700.0,3.84269380569458,-8.85675048828125,0.4022258818149567
2428,122800.0,3.84269380569458,-8.85675048828125,0.4022258818149567
2429,122900.0,3.989937067031861,-8.789712905883789,0.4932055473327637
2430,123000.0,3.989937067031861,-8.789712905883789,0.4932055473327637
2431,123100.0,3.7618894577026367,-8.838793754577637,0.5907692909240723
2432,123200.0,3.7618894577026367,-8.838793754577637,0.5907692909240723
2433,123300.0,3.560776472091675,-8.834005355834961,0.4022258818149567
2434,123400.0,3.560776472091675,-8.834005355834961,0.4022258818149567
2435,123500.0,3.91631531715393,-8.690353393554688,0.25498247146606445
2436,123600.0,3.91631531715393,-8.690353393554688,0.25498247146606445
2437,123700.0,3.778648853302002,-8.826823234558105,0.4285621047019959
2438,123800.0,3.7152025699615483,-8.832808494567871,0.4776432514190674
2439,123900.0,3.7152025699615483,-8.832808494567871,0.4776432514190674
2440,122000.0,3.864241600036621,-8.803479194641113,0.3627215623855591
2441,122100.0,3.864241600036621,-8.803479194641113,0.3627215623855591
2442,122200.0,3.864840030670166,-8.7669677734375,0.4668693244457245
2443,122300.0,3.864840030670166,-8.7669677734375,0.4668693244457245
2444,122400.0,4.000710964202882,-8.705317497253418,0.3711012601852417
2445,122500.0,4.000710964202882,-8.705317497253418,0.3711012601852417
2446,122600.0,3.9151182174682617,-8.79928970336914,0.4267664551734924
2447,122700.0,3.84269380569458,-8.85675048828125,0.4022258818149567
2448,122800.0,3.84269380569458,-8.85675048828125,0.4022258818149567
2449,122900.0,3.989937067031861,-8.789712905883789,0.4932055473327637
2450,123000.0,3.989937067031861,-8.789712905883789,0.4932055473327637
2451,123100.0,3.7618894577026367,-8.838793754577637,0.5907692909240723
2452,123200.0,3.7618894577026367,-8.838793754577637,0.5907692909240723
2453,123300.0,3.560776472091675,-8.834005355834961,0.4022258818149567
2454,123400.0,3.560776472091675,-8.834005355834961,0.4022258818149567
2455,123500.0,3.91631531715393,-8.690353393554688,0.25498247146606445
2456,123600.0,3.91631531715393,-8.690353393554688,0.25498247146606445
2457,123700.0,3.778648853302002,-8.826823234558105,0.4285621047019959
2458,123800.0,3.7152025699615483,-8.832808494567871,0.4776432514190674
2459,123900.0,3.7152025699615483,-8.832808494567871,0.4776432514190674
2460,124000.0,4.0288429260253915,-8.723872184753418,0.4531026780605316
2461,124100.0,4.0288429260253915,-8.723872184753418,0.4531026780605316
2462,124200.0,3.801393747329712,-8.850166320800781,0.4955997467041016
2463,124300.0,3.801393747329712,-8.850166320800781,0.4955997467041016
2464,124400.0,3.824138641357422,-8.802881240844727,0.4213795065879822
2465,124500.0,3.8019924163818364,-8.795698165893555,0.3387795388698578
2466,124600.0,3.8019924163818364,-8.795698165893555,0.3387795388698578
2467,124700.0,3.756502389907837,-8.769960403442383,0.36571431159973145
2468,124800.0,3.756502389907837,-8.769960403442383,0.36571431159973145
2469,124900.0,3.876212596893311,-8.773551940917969,0.4124012291431427
2470,125000.0,3.876212596893311,-8.773551940917969,0.4124012291431427
2471,125100.0,3.7636849880218506,-8.760982513427733,0.5021837949752808
2472,125200.0,3.7636849880218506,-8.760982513427733,0.5021837949752808
2473,125300.0,3.772064685821533,-8.819640159606934,0.3567360639572144
2474,125400.0,3.869029998779297,-8.775347709655763,0.3585317134857178
2475,125500.0,3.869029998779297,-8.775347709655763,0.3585317134857178
2476,125600.0,3.7349545955657963,-8.828619003295898,0.4752490520477295
2477,125700.0,3.7349545955657963,-8.828619003295898,0.4752490520477295
2478,125800.0,3.7672762870788574,-8.80048656463623,0.4118026793003082
2479,125900.0,3.7672762870788574,-8.80048656463623,0.4118026793003082
2480,124000.0,4.0288429260253915,-8.723872184753418,0.4531026780605316
2481,124100.0,4.0288429260253915,-8.723872184753418,0.4531026780605316
2482,124200.0,3.801393747329712,-8.850166320800781,0.4955997467041016
2483,124300.0,3.801393747329712,-8.850166320800781,0.4955997467041016
2484,124400.0,3.824138641357422,-8.802881240844727,0.4213795065879822
2485,124500.0,3.8019924163818364,-8.795698165893555,0.3387795388698578
2486,124600.0,3.8019924163818364,-8.795698165893555,0.3387795388698578
2487,124700.0,3.756502389907837,-8.769960403442383,0.36571431159973145
2488,124800.0,3.756502389907837,-8.769960403442383,0.36571431159973145
2489,124900.0,3.876212596893311,-8.773551940917969,0.4124012291431427
2490,125000.0,3.876212596893311,-8.773551940917969,0.4124012291431427
2491,125100.0,3.7636849880218506,-8.760982513427733,0.5021837949752808
2492,125200.0,3.7636849880218506,-8.760982513427733,0.5021837949752808
2493,125300.0,3.772064685821533,-8.819640159606934,0.3567360639572144
2494,125400.0,3.869029998779297,-8.775347709655763,0.3585317134857178
2495,125500.0,3.869029998779297,-8.775347709655763,0.3585317134857178
2496,125600.0,3.7349545955657963,-8.828619003295898,0.4752490520477295
2497,125700.0,3.7349545955657963,-8.828619003295898,0.4752490520477295
2498,125800.0,3.7672762870788574,-8.80048656463623,0.4118026793003082
2499,125900.0,3.7672762870788574,-8.80048656463623,0.4118026793003082
2500,126000.0,4.036623954772948,-8.645462036132812,0.4231751561164856
2501,126100.0,4.036623954772948,-8.645462036132812,0.4231751561164856
2502,126200.0,3.732560396194458,-8.857349395751953,0.5428852438926697
2503,126300.0,3.732560396194458,-8.857349395751953,0.5428852438926697
2504,126400.0,3.9624037742614746,-8.700529098510742,0.5213374495506287
2505,126500.0,3.927687883377075,-8.739435195922853,0.4022258818149567
2506,126600.0,3.927687883377075,-8.739435195922853,0.4022258818149567
2507,126700.0,4.0737342834472665,-8.661623001098633,0.5207388401031494
2508,126800.0,4.0737342834472665,-8.661623001098633,0.5207388401031494
2509,126900.0,3.725976467132568,-8.774150848388674,0.5231330990791321
2510,127000.0,3.725976467132568,-8.774150848388674,0.5231330990791321
2511,127100.0,3.79181694984436,-8.819042205810547,0.4321534037590027
2512,127200.0,3.79181694984436,-8.819042205810547,0.4321534037590027
2513,127300.0,3.651756048202514,-8.823830604553223,0.5949591398239136
2514,127400.0,3.7989995479583736,-8.8878755569458,0.4608838260173798
2515,127500.0,3.7989995479583736,-8.8878755569458,0.4608838260173798
2516,127600.0,4.0743327140808105,-8.662819862365723,0.5183446407318115
2517,127700.0,4.0743327140808105,-8.662819862365723,0.5183446407318115
2518,127800.0,3.5637693405151367,-8.83819580078125,0.5051765441894531
2519,127900.0,3.5637693405151367,-8.83819580078125,0.5051765441894531
2520,126000.0,4.036623954772948,-8.645462036132812,0.4231751561164856
2521,126100.0,4.036623954772948,-8.645462036132812,0.4231751561164856
2522,126200.0,3.732560396194458,-8.857349395751953,0.5428852438926697
2523,126300.0,3.732560396194458,-8.857349395751953,0.5428852438926697
2524,126400.0,3.9624037742614746,-8.700529098510742,0.5213374495506287
2525,126500.0,3.927687883377075,-8.739435195922853,0.4022258818149567
2526,126600.0,3.927687883377075,-8.739435195922853,0.4022258818149567
2527,126700.0,4.0737342834472665,-8.661623001098633,0.5207388401031494
2528,126800.0,4.0737342834472665,-8.661623001098633,0.5207388401031494
2529,126900.0,3.725976467132568,-8.774150848388674,0.5231330990791321
2530,127000.0,3.725976467132568,-8.774150848388674,0.5231330990791321
2531,127100.0,3.79181694984436,-8.819042205810547,0.4321534037590027
2532,127200.0,3.79181694984436,-8.819042205810547,0.4321534037590027
2533,127300.0,3.651756048202514,-8.823830604553223,0.5949591398239136
2534,127400.0,3.7989995479583736,-8.8878755569458,0.4608838260173798
2535,127500.0,3.7989995479583736,-8.8878755569458,0.4608838260173798
2536,127600.0,4.0743327140808105,-8.662819862365723,0.5183446407318115
2537,127700.0,4.0743327140808105,-8.662819862365723,0.5183446407318115
2538,127800.0,3.5637693405151367,-8.83819580078125,0.5051765441894531
2539,127900.0,3.5637693405151367,-8.83819580078125,0.5051765441894531
2540,128000.0,3.95641827583313,-8.759186744689941,0.4566939771175385
2541,128100.0,3.95641827583313,-8.759186744689941,0.4566939771175385
2542,128200.0,3.6571431159973145,-8.91181755065918,0.5051765441894531
2543,128300.0,3.760692358016968,-8.798690795898438,0.4327519536018372
2544,128400.0,3.760692358016968,-8.798690795898438,0.4327519536018372
2545,128500.0,3.8055837154388423,-8.831012725830078,0.4195838570594788
2546,128600.0,3.8055837154388423,-8.831012725830078,0.4195838570594788
2547,128700.0,3.9205052852630615,-8.75080680847168,0.5183446407318115
2548,128800.0,3.9205052852630615,-8.75080680847168,0.5183446407318115
2549,128900.0,3.8498764038085938,-8.754997253417969,0.4920084476470947
2550,129000.0,3.8498764038085938,-8.754997253417969,0.4920084476470947
2551,129100.0,3.8480806350708012,-8.728660583496094,0.4830302000045776
2552,129200.0,3.7421371936798096,-8.845976829528809,0.5135562419891357
2553,129300.0,3.7421371936798096,-8.845976829528809,0.5135562419891357
2554,129400.0,3.7038300037384033,-8.834005355834961,0.4842272996902466
2555,129500.0,3.7038300037384033,-8.834005355834961,0.4842272996902466
2556,129600.0,3.9773676395416264,-8.768763542175293,0.4411316514015198
2557,129700.0,3.9773676395416264,-8.768763542175293,0.4411316514015198
2558,129800.0,3.7247793674468994,-8.848370552062988,0.5219359993934631
2559,129900.0,3.7247793674468994,-8.848370552062988,0.5219359993934631
2560,128000.0,3.95641827583313,-8.759186744689941,0.4566939771175385
2561,128100.0,3.95641827583313,-8.759186744689941,0.4566939771175385
2562,128200.0,3.6571431159973145,-8.91181755065918,0.5051765441894531
2563,128300.0,3.760692358016968,-8.798690795898438,0.4327519536018372
2564,128400.0,3.760692358016968,-8.798690795898438,0.4327519536018372
2565,128500.0,3.8055837154388423,-8.831012725830078,0.4195838570594788
2566,128600.0,3.8055837154388423,-8.831012725830078,0.4195838570594788
2567,128700.0,3.9205052852630615,-8.75080680847168,0.5183446407318115
2568,128800.0,3.9205052852630615,-8.75080680847168,0.5183446407318115
2569,128900.0,3.8498764038085938,-8.754997253417969,0.4920084476470947
2570,129000.0,3.8498764038085938,-8.754997253417969,0.4920084476470947
2571,129100.0,3.8480806350708012,-8.728660583496094,0.4830302000045776
2572,129200.0,3.7421371936798096,-8.845976829528809,0.5135562419891357
2573,129300.0,3.7421371936798096,-8.845976829528809,0.5135562419891357
2574,129400.0,3.7038300037384033,-8.834005355834961,0.4842272996902466
2575,129500.0,3.7038300037384033,-8.834005355834961,0.4842272996902466
2576,129600.0,3.9773676395416264,-8.768763542175293,0.4411316514015198
2577,129700.0,3.9773676395416264,-8.768763542175293,0.4411316514015198
2578,129800.0,3.7247793674468994,-8.848370552062988,0.5219359993934631
2579,129900.0,3.7247793674468994,-8.848370552062988,0.5219359993934631
2580,130000.0,3.642179250717163,-8.87171459197998,0.5716156363487244
2581,130100.0,3.756502389907837,-8.82083797454834,0.5380968451499939
2582,130200.0,3.756502389907837,-8.82083797454834,0.5380968451499939
2583,130300.0,3.574543237686157,-8.917802810668945,0.5021837949752808
2584,130400.0,3.574543237686157,-8.917802810668945,0.5021837949752808
2585,130500.0,3.405751943588257,-9.014169692993164,0.6021417379379272
2586,130600.0,3.405751943588257,-9.014169692993164,0.6021417379379272
2587,130700.0,3.8941690921783447,-8.793902397155763,0.4782418012619018
2588,130800.0,3.8941690921783447,-8.793902397155763,0.4782418012619018
2589,130900.0,3.533841609954834,-8.892065048217773,0.444722980260849
2590,131000.0,3.5470097064971924,-8.942941665649414,0.4118026793003082
2591,131100.0,3.5470097064971924,-8.942941665649414,0.4118026793003082
2592,131200.0,3.606266260147095,-8.790909767150879,0.3112462162971497
2593,131300.0,3.606266260147095,-8.790909767150879,0.3112462162971497
2594,131400.0,4.138377666473389,-8.677783966064451,0.3938461840152741
2595,131500.0,4.138377666473389,-8.677783966064451,0.3938461840152741
2596,131600.0,3.968987941741944,-8.728062629699707,0.4082113802433014
2597,131700.0,3.968987941741944,-8.728062629699707,0.4082113802433014
2598,131800.0,4.154538631439209,-8.702922821044924,0.3711012601852417
2599,131900.0,3.78104305267334,-8.736441612243652,0.3800795078277588
2600,130000.0,3.642179250717163,-8.87171459197998,0.5716156363487244
2601,130100.0,3.756502389907837,-8.82083797454834,0.5380968451499939
2602,130200.0,3.756502389907837,-8.82083797454834,0.5380968451499939
2603,130300.0,3.574543237686157,-8.917802810668945,0.5021837949752808
2604,130400.0,3.574543237686157,-8.917802810668945,0.5021837949752808
2605,130500.0,3.405751943588257,-9.014169692993164,0.6021417379379272
2606,130600.0,3.405751943588257,-9.014169692993164,0.6021417379379272
2607,130700.0,3.8941690921783447,-8.793902397155763,0.4782418012619018
2608,130800.0,3.8941690921783447,-8.793902397155763,0.4782418012619018
2609,130900.0,3.533841609954834,-8.892065048217773,0.444722980260849
2610,131000.0,3.5470097064971924,-8.942941665649414,0.4118026793003082
2611,131100.0,3.5470097064971924,-8.942941665649414,0.4118026793003082
2612,131200.0,3.606266260147095,-8.790909767150879,0.3112462162971497
2613,131300.0,3.606266260147095,-8.790909767150879,0.3112462162971497
2614,131400.0,4.138377666473389,-8.677783966064451,0.3938461840152741
2615,131500.0,4.138377666473389,-8.677783966064451,0.3938461840152741
2616,131600.0,3.968987941741944,-8.728062629699707,0.4082113802433014
2617,131700.0,3.968987941741944,-8.728062629699707,0.4082113802433014
2618,131800.0,4.154538631439209,-8.702922821044924,0.3711012601852417
2619,131900.0,3.78104305267334,-8.736441612243652,0.3800795078277588
2620,132000.0,3.78104305267334,-8.736441612243652,0.3800795078277588
2621,132100.0,3.9624037742614746,-8.667608261108397,0.3615244626998901
2622,132200.0,3.9624037742614746,-8.667608261108397,0.3615244626998901
2623,132300.0,3.8019924163818364,-8.816049575805664,0.3746925592422485
2624,132400.0,3.8019924163818364,-8.816049575805664,0.3746925592422485
2625,132500.0,3.8163576126098633,-8.845976829528809,0.2759317457675934
2626,132600.0,3.8163576126098633,-8.845976829528809,0.2759317457675934
2627,132700.0,3.737348794937134,-8.757390975952147,0.3513490855693817
2628,132800.0,4.1635165214538565,-8.67598819732666,0.5009866952896118
2629,132900.0,4.1635165214538565,-8.67598819732666,0.5009866952896118
2630,133000.0,3.7277719974517822,-8.859145164489746,0.5428852438926697
2631,133100.0,3.7277719974517822,-8.859145164489746,0.5428852438926697
2632,133200.0,3.8211460113525386,-8.845377922058105,0.5614402890205383
2633,133300.0,3.8211460113525386,-8.845377922058105,0.5614402890205383
2634,133400.0,4.016871929168701,-8.746018409729004,0.5883750915527344
2635,133500.0,4.016871929168701,-8.746018409729004,0.5883750915527344
2636,133600.0,3.7343561649322514,-8.887276649475098,0.6536170840263367
2637,133700.0,3.9600095748901367,-8.755595207214355,0.4507084786891937
2638,133800.0,3.9600095748901367,-8.755595207214355,0.4507084786891937
2639,133900.0,3.813364744186402,-8.802282333374023,0.5099649429321289
2640,132000.0,3.78104305267334,-8.736441612243652,0.3800795078277588
2641,132100.0,3.9624037742614746,-8.667608261108397,0.3615244626998901
2642,132200.0,3.9624037742614746,-8.667608261108397,0.3615244626998901
2643,132300.0,3.8019924163818364,-8.816049575805664,0.3746925592422485
2644,132400.0,3.8019924163818364,-8.816049575805664,0.3746925592422485
2645,132500.0,3.8163576126098633,-8.845976829528809,0.2759317457675934
2646,132600.0,3.8163576126098633,-8.845976829528809,0.2759317457675934
2647,132700.0,3.737348794937134,-8.757390975952147,0.3513490855693817
2648,132800.0,4.1635165214538565,-8.67598819732666,0.5009866952896118
2649,132900.0,4.1635165214538565,-8.67598819732666,0.5009866952896118
2650,133000.0,3.7277719974517822,-8.859145164489746,0.5428852438926697
2651,133100.0,3.7277719974517822,-8.859145164489746,0.5428852438926697
2652,133200.0,3.8211460113525386,-8.845377922058105,0.5614402890205383
2653,133300.0,3.8211460113525386,-8.845377922058105,0.5614402890205383
2654,133400.0,4.016871929168701,-8.746018409729004,0.5883750915527344
2655,133500.0,4.016871929168701,-8.746018409729004,0.5883750915527344
2656,133600.0,3.7343561649322514,-8.887276649475098,0.6536170840263367
2657,133700.0,3.9600095748901367,-8.755595207214355,0.4507084786891937
2658,133800.0,3.9600095748901367,-8.755595207214355,0.4507084786891937
2659,133900.0,3.813364744186402,-8.802282333374023,0.5099649429321289
2660,134000.0,3.813364744186402,-8.802282333374023,0.5099649429321289
2661,134100.0,3.6403837203979488,-8.864531517028809,0.4884171485900879
2662,134200.0,3.6403837203979488,-8.864531517028809,0.4884171485900879
2663,134300.0,3.770867586135864,-8.826224327087402,0.5261258482933044
2664,134400.0,3.770867586135864,-8.826224327087402,0.5261258482933044
2665,134500.0,3.8875849246978764,-8.732851028442383,0.497395396232605
2666,134600.0,3.812766313552856,-8.789113998413086,0.5476736426353455
2667,134700.0,3.812766313552856,-8.789113998413086,0.5476736426353455
2668,134800.0,3.9378633499145512,-8.7298583984375,0.596754789352417
2669,134900.0,3.9378633499145512,-8.7298583984375,0.596754789352417
2670,135000.0,3.5715503692626958,-8.87410831451416,0.5111620426177979
2671,135100.0,3.5715503692626958,-8.87410831451416,0.5111620426177979
2672,135200.0,3.824138641357422,-8.752602577209473,0.5345055460929871
2673,135300.0,3.824138641357422,-8.752602577209473,0.5345055460929871
2674,135400.0,3.8534677028656006,-8.78312873840332,0.6733692288398743
2675,135500.0,3.765480756759644,-8.752602577209473,0.5764040350914001
2676,135600.0,3.765480756759644,-8.752602577209473,0.5764040350914001
2677,135700.0,4.2311530113220215,-8.559869766235353,0.5171475410461426
2678,135800.0,4.2311530113220215,-8.559869766235353,0.5171475410461426
2679,135900.0,3.5332431793212886,-8.8878755569458,0.5961562395095825
2680,134000.0,3.813364744186402,-8.802282333374023,0.5099649429321289
2681,134100.0,3.6403837203979488,-8.864531517028809,0.4884171485900879
2682,134200.0,3.6403837203979488,-8.864531517028809,0.4884171485900879
2683,134300.0,3.770867586135864,-8.826224327087402,0.5261258482933044
2684,134400.0,3.770867586135864,-8.826224327087402,0.5261258482933044
2685,134500.0,3.8875849246978764,-8.732851028442383,0.497395396232605
2686,134600.0,3.812766313552856,-8.789113998413086,0.5476736426353455
2687,134700.0,3.812766313552856,-8.789113998413086,0.5476736426353455
2688,134800.0,3.9378633499145512,-8.7298583984375,0.596754789352417
2689,134900.0,3.9378633499145512,-8.7298583984375,0.596754789352417
2690,135000.0,3.5715503692626958,-8.87410831451416,0.5111620426177979
2691,135100.0,3.5715503692626958,-8.87410831451416,0.5111620426177979
2692,135200.0,3.824138641357422,-8.752602577209473,0.5345055460929871
2693,135300.0,3.824138641357422,-8.752602577209473,0.5345055460929871
2694,135400.0,3.8534677028656006,-8.78312873840332,0.6733692288398743
2695,135500.0,3.765480756759644,-8.752602577209473,0.5764040350914001
2696,135600.0,3.765480756759644,-8.752602577209473,0.5764040350914001
2697,135700.0,4.2311530113220215,-8.559869766235353,0.5171475410461426
2698,135800.0,4.2311530113220215,-8.559869766235353,0.5171475410461426
2699,135900.0,3.5332431793212886,-8.8878755569458,0.5961562395095825
2700,136000.0,3.5332431793212886,-8.8878755569458,0.5961562395095825
2701,136100.0,3.9228994846344,-8.704718589782715,0.6171054840087891
2702,136200.0,3.9228994846344,-8.704718589782715,0.6171054840087891
2703,136300.0,3.6296098232269287,-8.791508674621582,0.5207388401031494
2704,136400.0,3.7032315731048575,-8.804078102111816,0.4291606545448303
2705,136500.0,3.7032315731048575,-8.804078102111816,0.4291606545448303
2706,136600.0,3.9779660701751713,-8.618527412414549,0.2017114907503128
2707,136700.0,3.9779660701751713,-8.618527412414549,0.2017114907503128
2708,136800.0,3.6008794307708736,-8.845377922058105,0.3842693865299225
2709,136900.0,3.6008794307708736,-8.845377922058105,0.3842693865299225
2710,137000.0,3.827131509780884,-8.767566680908201,0.5752069354057312
2711,137100.0,3.827131509780884,-8.767566680908201,0.5752069354057312
2712,137200.0,4.0300397872924805,-8.672396659851074,0.38367083668708796
2713,137300.0,3.9228994846344,-8.720281600952147,0.30945056676864624
2714,137400.0,3.9228994846344,-8.720281600952147,0.30945056676864624
2715,137500.0,3.995922565460205,-8.726266860961914,0.5608417391777039
2716,137600.0,3.995922565460205,-8.726266860961914,0.5608417391777039
2717,137700.0,3.705625772476196,-8.76337718963623,0.4495113790035248
2718,137800.0,3.705625772476196,-8.76337718963623,0.4495113790035248
2719,137900.0,3.4835634231567383,-8.899248123168945,0.7224503755569458
2720,136000.0,3.5332431793212886,-8.8878755569458,0.5961562395095825
2721,136100.0,3.9228994846344,-8.704718589782715,0.6171054840087891
2722,136200.0,3.9228994846344,-8.704718589782715,0.6171054840087891
2723,136300.0,3.6296098232269287,-8.791508674621582,0.5207388401031494
2724,136400.0,3.7032315731048575,-8.804078102111816,0.4291606545448303
2725,136500.0,3.7032315731048575,-8.804078102111816,0.4291606545448303
2726,136600.0,3.9779660701751713,-8.618527412414549,0.2017114907503128
2727,136700.0,3.9779660701751713,-8.618527412414549,0.2017114907503128
2728,136800.0,3.6008794307708736,-8.845377922058105,0.3842693865299225
2729,136900.0,3.6008794307708736,-8.845377922058105,0.3842693865299225
2730,137000.0,3.827131509780884,-8.767566680908201,0.5752069354057312
2731,137100.0,3.827131509780884,-8.767566680908201,0.5752069354057312
2732,137200.0,4.0300397872924805,-8.672396659851074,0.38367083668708796
2733,137300.0,3.9228994846344,-8.720281600952147,0.30945056676864624
2734,137400.0,3.9228994846344,-8.720281600952147,0.30945056676864624
2735,137500.0,3.995922565460205,-8.726266860961914,0.5608417391777039
2736,137600.0,3.995922565460205,-8.726266860961914,0.5608417391777039
2737,137700.0,3.705625772476196,-8.76337718963623,0.4495113790035248
2738,137800.0,3.705625772476196,-8.76337718963623,0.4495113790035248
2739,137900.0,3.4835634231567383,-8.899248123168945,0.7224503755569458
2740,138000.0,3.4835634231567383,-8.899248123168945,0.7224503755569458
2741,138100.0,3.6972460746765137,-8.99860668182373,0.12030863761901855
2742,138200.0,3.4979286193847656,-8.983643531799316,0.5787982344627379
2743,138300.0,3.4979286193847656,-8.983643531799316,0.5787982344627379
2744,138400.0,3.5021185874938965,-8.877699851989746,0.4608838260173798
2745,138500.0,3.5021185874938965,-8.877699851989746,0.4608838260173798
2746,138600.0,3.7684733867645264,-8.884882926940918,0.7050924301147461
2747,138700.0,3.7684733867645264,-8.884882926940918,0.7050924301147461
2748,138800.0,3.7888240814208975,-8.816049575805664,0.5303156971931458
2749,138900.0,3.7888240814208975,-8.816049575805664,0.5303156971931458
2750,139000.0,3.660135746002197,-8.831012725830078,0.6763619780540466
2751,139100.0,3.772663354873657,-8.74721622467041,0.5979518890380859
2752,139200.0,3.772663354873657,-8.74721622467041,0.5979518890380859
2753,139300.0,3.736750364303589,-8.83819580078125,0.436343252658844
2754,139400.0,3.736750364303589,-8.83819580078125,0.436343252658844
2755,139500.0,3.791218280792236,-8.862735748291016,0.5931634902954102
2756,139600.0,3.791218280792236,-8.862735748291016,0.5931634902954102
2757,139700.0,3.8552632331848153,-8.883685111999512,0.6123170852661133
2758,139800.0,3.8552632331848153,-8.883685111999512,0.6123170852661133
2759,139900.0,3.5643677711486816,-8.902838706970215,0.6105214357376099
2760,138000.0,3.4835634231567383,-8.899248123168945,0.7224503755569458
2761,138100.0,3.6972460746765137,-8.99860668182373,0.12030863761901855
2762,138200.0,3.4979286193847656,-8.983643531799316,0.5787982344627379
2763,138300.0,3.4979286193847656,-8.983643531799316,0.5787982344627379
2764,138400.0,3.5021185874938965,-8.877699851989746,0.4608838260173798
2765,138500.0,3.5021185874938965,-8.877699851989746,0.4608838260173798
2766,138600.0,3.7684733867645264,-8.884882926940918,0.7050924301147461
2767,138700.0,3.7684733867645264,-8.884882926940918,0.7050924301147461
2768,138800.0,3.7888240814208975,-8.816049575805664,0.5303156971931458
2769,138900.0,3.7888240814208975,-8.816049575805664,0.5303156971931458
2770,139000.0,3.660135746002197,-8.831012725830078,0.6763619780540466
2771,139100.0,3.772663354873657,-8.74721622467041,0.5979518890380859
2772,139200.0,3.772663354873657,-8.74721622467041,0.5979518890380859
2773,139300.0,3.736750364303589,-8.83819580078125,0.436343252658844
2774,139400.0,3.736750364303589,-8.83819580078125,0.436343252658844
2775,139500.0,3.791218280792236,-8.862735748291016,0.5931634902954102
2776,139600.0,3.791218280792236,-8.862735748291016,0.5931634902954102
2777,139700.0,3.8552632331848153,-8.883685111999512,0.6123170852661133
2778,139800.0,3.8552632331848153,-8.883685111999512,0.6123170852661133
2779,139900.0,3.5643677711486816,-8.902838706970215,0.6105214357376099
2780,140000.0,3.806780815124512,-8.82442855834961,0.5015852451324463
2781,140100.0,3.806780815124512,-8.82442855834961,0.5015852451324463
2782,140200.0,3.603872060775757,-8.877100944519043,0.5494692921638489
2783,140300.0,3.603872060775757,-8.877100944519043,0.5494692921638489
2784,140400.0,3.736151695251465,-8.828020095825195,0.6847416758537292
2785,140500.0,3.736151695251465,-8.828020095825195,0.6847416758537292
2786,140600.0,3.6008794307708736,-8.889671325683594,0.6027402877807617
2787,140700.0,3.6008794307708736,-8.889671325683594,0.6027402877807617
2788,140800.0,3.5907039642333984,-8.857349395751953,0.545877993106842
2789,140900.0,3.5595793724060063,-8.905233383178711,0.6356605291366577
2790,141000.0,3.5595793724060063,-8.905233383178711,0.6356605291366577
2791,141100.0,3.8151605129241934,-8.790909767150879,0.6829460263252258
2792,141200.0,3.8151605129241934,-8.790909767150879,0.6829460263252258
2793,141300.0,3.700837373733521,-8.904634475708008,0.5363011956214905
2794,141400.0,3.700837373733521,-8.904634475708008,0.5363011956214905
2795,141500.0,3.858256101608277,-8.728062629699707,0.4788403511047363
2796,141600.0,3.858256101608277,-8.728062629699707,0.4788403511047363
2797,141700.0,3.324947595596313,-8.990227699279785,0.7439981698989868
2798,141800.0,3.820547342300415,-8.773551940917969,0.5261258482933044
2799,141900.0,3.820547342300415,-8.773551940917969,0.5261258482933044
2800,140000.0,3.806780815124512,-8.82442855834961,0.5015852451324463
2801,140100.0,3.806780815124512,-8.82442855834961,0.5015852451324463
2802,140200.0,3.603872060775757,-8.877100944519043,0.5494692921638489
2803,140300.0,3.603872060775757,-8.877100944519043,0.5494692921638489
2804,140400.0,3.736151695251465,-8.828020095825195,0.6847416758537292
2805,140500.0,3.736151695251465,-8.828020095825195,0.6847416758537292
2806,140600.0,3.6008794307708736,-8.889671325683594,0.6027402877807617
2807,140700.0,3.6008794307708736,-8.889671325683594,0.6027402877807617
2808,140800.0,3.5907039642333984,-8.857349395751953,0.545877993106842
2809,140900.0,3.5595793724060063,-8.905233383178711,0.6356605291366577
2810,141000.0,3.5595793724060063,-8.905233383178711,0.6356605291366577
2811,141100.0,3.8151605129241934,-8.790909767150879,0.6829460263252258
2812,141200.0,3.8151605129241934,-8.790909767150879,0.6829460263252258
2813,141300.0,3.700837373733521,-8.904634475708008,0.5363011956214905
2814,141400.0,3.700837373733521,-8.904634475708008,0.5363011956214905
2815,141500.0,3.858256101608277,-8.728062629699707,0.4788403511047363
2816,141600.0,3.858256101608277,-8.728062629699707,0.4788403511047363
2817,141700.0,3.324947595596313,-8.990227699279785,0.7439981698989868
2818,141800.0,3.820547342300415,-8.773551940917969,0.5261258482933044
2819,141900.0,3.820547342300415,-8.773551940917969,0.5261258482933044
2820,142000.0,3.5458126068115234,-8.899248123168945,0.6177040338516235
2821,142100.0,3.5458126068115234,-8.899248123168945,0.6177040338516235
2822,142200.0,3.888782024383545,-8.719083786010742,0.6476315855979919
2823,142300.0,3.888782024383545,-8.719083786010742,0.6476315855979919
2824,142400.0,3.725377798080444,-8.851962089538574,0.5261258482933044
2825,142500.0,3.725377798080444,-8.851962089538574,0.5261258482933044
2826,142600.0,3.443460702896118,-8.927978515625,0.629675030708313
2827,142700.0,3.558382272720337,-8.946533203125,0.6643909811973572
2828,142800.0,3.558382272720337,-8.946533203125,0.6643909811973572
2829,142900.0,4.018667697906493,-8.612542152404785,0.3082534670829773
2830,143000.0,4.018667697906493,-8.612542152404785,0.3082534670829773
2831,143100.0,3.999513864517212,-8.702324867248535,0.6344634294509888
2832,143200.0,3.999513864517212,-8.702324867248535,0.6344634294509888
2833,143300.0,3.8163576126098633,-8.741828918457031,0.5530605912208557
2834,143400.0,3.8163576126098633,-8.741828918457031,0.5530605912208557
2835,143500.0,3.5589809417724614,-8.893261909484863,0.6769605278968811
2836,143600.0,3.621230125427246,-8.930971145629883,0.6105214357376099
2837,143700.0,3.621230125427246,-8.930971145629883,0.6105214357376099
2838,143800.0,3.760093688964844,-8.84058952331543,0.7068880796432495
2839,143900.0,3.760093688964844,-8.84058952331543,0.7068880796432495
2840,142000.0,3.5458126068115234,-8.899248123168945,0.6177040338516235
2841,142100.0,3.5458126068115234,-8.899248123168945,0.6177040338516235
2842,142200.0,3.888782024383545,-8.719083786010742,0.6476315855979919
2843,142300.0,3.888782024383545,-8.719083786010742,0.6476315855979919
2844,142400.0,3.725377798080444,-8.851962089538574,0.5261258482933044
2845,142500.0,3.725377798080444,-8.851962089538574,0.5261258482933044
2846,142600.0,3.443460702896118,-8.927978515625,0.629675030708313
2847,142700.0,3.558382272720337,-8.946533203125,0.6643909811973572
2848,142800.0,3.558382272720337,-8.946533203125,0.6643909811973572
2849,142900.0,4.018667697906493,-8.612542152404785,0.3082534670829773
2850,143000.0,4.018667697906493,-8.612542152404785,0.3082534670829773
2851,143100.0,3.999513864517212,-8.702324867248535,0.6344634294509888
2852,143200.0,3.999513864517212,-8.702324867248535,0.6344634294509888
2853,143300.0,3.8163576126098633,-8.741828918457031,0.5530605912208557
2854,143400.0,3.8163576126098633,-8.741828918457031,0.5530605912208557
2855,143500.0,3.5589809417724614,-8.893261909484863,0.6769605278968811
2856,143600.0,3.621230125427246,-8.930971145629883,0.6105214357376099
2857,143700.0,3.621230125427246,-8.930971145629883,0.6105214357376099
2858,143800.0,3.760093688964844,-8.84058952331543,0.7068880796432495
2859,143900.0,3.760093688964844,-8.84058952331543,0.7068880796432495
2860,144000.0,3.7158010005950928,-8.857349395751953,0.5835866928100586
2861,144100.0,3.7158010005950928,-8.857349395751953,0.5835866928100586
2862,144200.0,3.621230125427246,-8.858546257019043,0.6027402877807617
2863,144300.0,3.621230125427246,-8.858546257019043,0.6027402877807617
2864,144400.0,3.615244626998901,-8.837596893310547,0.6667851805686951
2865,144500.0,3.963600873947144,-8.74721622467041,0.4812345504760742
2866,144600.0,3.963600873947144,-8.74721622467041,0.4812345504760742
2867,144700.0,3.596689462661743,-8.939949035644531,0.6033388376235962
2868,144800.0,3.596689462661743,-8.939949035644531,0.6033388376235962
2869,144900.0,4.219780445098877,-8.67598819732666,1.0079588890075684
2870,145000.0,4.219780445098877,-8.67598819732666,1.0079588890075684
2871,145100.0,4.0509891510009775,-8.65982723236084,0.8409633636474609
2872,145200.0,4.0509891510009775,-8.65982723236084,0.8409633636474609
2873,145300.0,3.9223008155822754,-8.779537200927733,0.4836287498474121
2874,145400.0,4.167108058929443,-8.637681007385254,0.7074866294860841
2875,145500.0,4.167108058929443,-8.637681007385254,0.7074866294860841
2876,145600.0,3.924695253372192,-8.79809284210205,0.6590040326118469
2877,145700.0,3.924695253372192,-8.79809284210205,0.6590040326118469
2878,145800.0,4.007893562316895,-8.758588790893555,0.608127236366272
2879,145900.0,4.007893562316895,-8.758588790893555,0.608127236366272
2880,144000.0,3.7158010005950928,-8.857349395751953,0.5835866928100586
2881,144100.0,3.7158010005950928,-8.857349395751953,0.5835866928100586
2882,144200.0,3.621230125427246,-8.858546257019043,0.6027402877807617
2883,144300.0,3.621230125427246,-8.858546257019043,0.6027402877807617
2884,144400.0,3.615244626998901,-8.837596893310547,0.6667851805686951
2885,144500.0,3.963600873947144,-8.74721622467041,0.4812345504760742
2886,144600.0,3.963600873947144,-8.74721622467041,0.4812345504760742
2887,144700.0,3.596689462661743,-8.939949035644531,0.6033388376235962
2888,144800.0,3.596689462661743,-8.939949035644531,0.6033388376235962
2889,144900.0,4.219780445098877,-8.67598819732666,1.0079588890075684
2890,145000.0,4.219780445098877,-8.67598819732666,1.0079588890075684
2891,145100.0,4.0509891510009775,-8.65982723236084,0.8409633636474609
2892,145200.0,4.0509891510009775,-8.65982723236084,0.8409633636474609
2893,145300.0,3.9223008155822754,-8.779537200927733,0.4836287498474121
2894,145400.0,4.167108058929443,-8.637681007385254,0.7074866294860841
2895,145500.0,4.167108058929443,-8.637681007385254,0.7074866294860841
2896,145600.0,3.924695253372192,-8.79809284210205,0.6590040326118469
2897,145700.0,3.924695253372192,-8.79809284210205,0.6590040326118469
2898,145800.0,4.007893562316895,-8.758588790893555,0.608127236366272
2899,145900.0,4.007893562316895,-8.758588790893555,0.608127236366272
2900,146000.0,3.425503969192505,-8.96269416809082,0.7050924301147461
2901,146100.0,3.425503969192505,-8.96269416809082,0.7050924301147461
2902,146200.0,4.049792289733887,-8.766369819641112,0.5716156363487244
2903,146300.0,3.5883097648620605,-8.807669639587402,0.5464765429496765
2904,146400.0,3.5883097648620605,-8.807669639587402,0.5464765429496765
2905,146500.0,3.449446201324463,-8.981847763061523,0.6129156351089478
2906,146600.0,3.449446201324463,-8.981847763061523,0.6129156351089478
2907,146700.0,3.746925592422485,-8.887276649475098,0.7116764783859253
2908,146800.0,3.746925592422485,-8.887276649475098,0.7116764783859253
2909,146900.0,4.619013786315918,-8.448538780212402,0.9726444482803344
2910,147000.0,4.619013786315918,-8.448538780212402,0.9726444482803344
2911,147100.0,2.9107506275177,-9.118915557861328,0.4908113479614258
2912,147200.0,3.658938646316528,-8.775347709655763,0.1927332431077957
2913,147300.0,3.658938646316528,-8.775347709655763,0.1927332431077957
2914,147400.0,3.3417069911956787,-8.953716278076172,0.5093663930892944
2915,147500.0,3.3417069911956787,-8.953716278076172,0.5093663930892944
2916,147600.0,3.8630445003509517,-8.700529098510742,0.6703764796257019
2917,147700.0,3.8630445003509517,-8.700529098510742,0.6703764796257019
2918,147800.0,3.9001545906066895,-8.78312873840332,0.5566518902778625
2919,147900.0,3.9001545906066895,-8.78312873840332,0.5566518902778625
2920,146000.0,3.425503969192505,-8.96269416809082,0.7050924301147461
2921,146100.0,3.425503969192505,-8.96269416809082,0.7050924301147461
2922,146200.0,4.049792289733887,-8.766369819641112,0.5716156363487244
2923,146300.0,3.5883097648620605,-8.807669639587402,0.5464765429496765
2924,146400.0,3.5883097648620605,-8.807669639587402,0.5464765429496765
2925,146500.0,3.449446201324463,-8.981847763061523,0.6129156351089478
2926,146600.0,3.449446201324463,-8.981847763061523,0.6129156351089478
2927,146700.0,3.746925592422485,-8.887276649475098,0.7116764783859253
2928,146800.0,3.746925592422485,-8.887276649475098,0.7116764783859253
2929,146900.0,4.619013786315918,-8.448538780212402,0.9726444482803344
2930,147000.0,4.619013786315918,-8.448538780212402,0.9726444482803344
2931,147100.0,2.9107506275177,-9.118915557861328,0.4908113479614258
2932,147200.0,3.658938646316528,-8.775347709655763,0.1927332431077957
2933,147300.0,3.658938646316528,-8.775347709655763,0.1927332431077957
2934,147400.0,3.3417069911956787,-8.953716278076172,0.5093663930892944
2935,147500.0,3.3417069911956787,-8.953716278076172,0.5093663930892944
2936,147600.0,3.8630445003509517,-8.700529098510742,0.6703764796257019
2937,147700.0,3.8630445003509517,-8.700529098510742,0.6703764796257019
2938,147800.0,3.9001545906066895,-8.78312873840332,0.5566518902778625
2939,147900.0,3.9001545906066895,-8.78312873840332,0.5566518902778625
2940,148000.0,3.5470097064971924,-8.948328971862793,0.5590460896492004
2941,148100.0,3.5470097064971924,-8.948328971862793,0.5590460896492004
2942,148200.0,3.736151695251465,-8.851364135742188,0.3794809579849243
2943,148300.0,3.739742994308472,-8.80587387084961,0.7984662652015686
2944,148400.0,3.739742994308472,-8.80587387084961,0.7984662652015686
2945,148500.0,3.897760391235352,-8.728062629699707,0.5895721912384033
2946,148600.0,3.897760391235352,-8.728062629699707,0.5895721912384033
2947,148700.0,3.441664934158325,-8.939949035644531,0.37828385829925537
2948,148800.0,3.441664934158325,-8.939949035644531,0.37828385829925537
2949,148900.0,3.9737763404846187,-8.701725959777832,0.3387795388698578
2950,149000.0,3.9737763404846187,-8.701725959777832,0.3387795388698578
2951,149100.0,3.7223851680755615,-8.823830604553223,0.5123591423034668
2952,149200.0,3.7158010005950928,-8.82323169708252,0.3794809579849243
2953,149300.0,3.7158010005950928,-8.82323169708252,0.3794809579849243
2954,149400.0,3.7834372520446777,-8.826224327087402,0.4596867263317108
2955,149500.0,3.7834372520446777,-8.826224327087402,0.4596867263317108
2956,149600.0,3.7954082489013667,-8.83939266204834,0.31543606519699097
2957,149700.0,3.7954082489013667,-8.83939266204834,0.31543606519699097
2958,149800.0,3.845088005065918,-8.857349395751953,0.5003881454467773
2959,149900.0,3.845088005065918,-8.857349395751953,0.5003881454467773
2960,148000.0,3.5470097064971924,-8.948328971862793,0.5590460896492004
2961,148100.0,3.5470097064971924,-8.948328971862793,0.5590460896492004
2962,148200.0,3.736151695251465,-8.851364135742188,0.3794809579849243
2963,148300.0,3.739742994308472,-8.80587387084961,0.7984662652015686
2964,148400.0,3.739742994308472,-8.80587387084961,0.7984662652015686
2965,148500.0,3.897760391235352,-8.728062629699707,0.5895721912384033
2966,148600.0,3.897760391235352,-8.728062629699707,0.5895721912384033
2967,148700.0,3.441664934158325,-8.939949035644531,0.37828385829925537
2968,148800.0,3.441664934158325,-8.939949035644531,0.37828385829925537
2969,148900.0,3.9737763404846187,-8.701725959777832,0.3387795388698578
2970,149000.0,3.9737763404846187,-8.701725959777832,0.3387795388698578
2971,149100.0,3.7223851680755615,-8.823830604553223,0.5123591423034668
2972,149200.0,3.7158010005950928,-8.82323169708252,0.3794809579849243
2973,149300.0,3.7158010005950928,-8.82323169708252,0.3794809579849243
2974,149400.0,3.7834372520446777,-8.826224327087402,0.4596867263317108
2975,149500.0,3.7834372520446777,-8.826224327087402,0.4596867263317108
2976,149600.0,3.7954082489013667,-8.83939266204834,0.31543606519699097
2977,149700.0,3.7954082489013667,-8.83939266204834,0.31543606519699097
2978,149800.0,3.845088005065918,-8.857349395751953,0.5003881454467773
2979,149900.0,3.845088005065918,-8.857349395751953,0.5003881454467773
2980,150000.0,3.4781765937805176,-8.808866500854492,0.3082534670829773
2981,150100.0,3.7343561649322514,-8.850166320800781,0.6536170840263367
2982,150200.0,3.7343561649322514,-8.850166320800781,0.6536170840263367
2983,150300.0,3.7624878883361816,-8.88907241821289,0.5638344883918762
2984,150400.0,3.7624878883361816,-8.88907241821289,0.5638344883918762
2985,150500.0,3.923498153686523,-8.726266860961914,0.5279214978218079
2986,150600.0,3.923498153686523,-8.726266860961914,0.5279214978218079
2987,150700.0,3.8833951950073238,-8.759186744689941,0.5895721912384033
2988,150800.0,3.8833951950073238,-8.759186744689941,0.5895721912384033
2989,150900.0,3.7229835987091056,-8.751405715942383,0.6913257241249084
2990,151000.0,3.6254198551177983,-8.811859130859375,0.6512228846549988
2991,151100.0,3.6254198551177983,-8.811859130859375,0.6512228846549988
2992,151200.0,3.66851544380188,-8.905233383178711,0.6596025824546814
2993,151300.0,3.66851544380188,-8.905233383178711,0.6596025824546814
2994,151400.0,3.426701068878174,-8.96389102935791,0.5548562407493591
2995,151500.0,3.426701068878174,-8.96389102935791,0.5548562407493591
2996,151600.0,3.6182372570037837,-8.820239067077637,0.5608417391777039
2997,151700.0,3.6182372570037837,-8.820239067077637,0.5608417391777039
2998,151800.0,3.806182146072388,-8.761581420898438,0.5626373887062073
2999,151900.0,3.5021185874938965,-8.860940933227539,0.6997054219245911
3000,150000.0,3.4781765937805176,-8.808866500854492,0.3082534670829773
3001,150100.0,3.7343561649322514,-8.850166320800781,0.6536170840263367
3002,150200.0,3.7343561649322514,-8.850166320800781,0.6536170840263367
3003,150300.0,3.7624878883361816,-8.88907241821289,0.5638344883918762
3004,150400.0,3.7624878883361816,-8.88907241821289,0.5638344883918762
3005,150500.0,3.923498153686523,-8.726266860961914,0.5279214978218079
3006,150600.0,3.923498153686523,-8.726266860961914,0.5279214978218079
3007,150700.0,3.8833951950073238,-8.759186744689941,0.5895721912384033
3008,150800.0,3.8833951950073238,-8.759186744689941,0.5895721912384033
3009,150900.0,3.7229835987091056,-8.751405715942383,0.6913257241249084
3010,151000.0,3.6254198551177983,-8.811859130859375,0.6512228846549988
3011,151100.0,3.6254198551177983,-8.811859130859375,0.6512228846549988
3012,151200.0,3.66851544380188,-8.905233383178711,0.6596025824546814
3013,151300.0,3.66851544380188,-8.905233383178711,0.6596025824546814
3014,151400.0,3.426701068878174,-8.96389102935791,0.5548562407493591
3015,151500.0,3.426701068878174,-8.96389102935791,0.5548562407493591
3016,151600.0,3.6182372570037837,-8.820239067077637,0.5608417391777039
3017,151700.0,3.6182372570037837,-8.820239067077637,0.5608417391777039
3018,151800.0,3.806182146072388,-8.761581420898438,0.5626373887062073
3019,151900.0,3.5021185874938965,-8.860940933227539,0.6997054219245911
3020,152000.0,3.5021185874938965,-8.860940933227539,0.6997054219245911
3021,152100.0,3.647566318511963,-8.801085472106934,0.5698199868202211
3022,152200.0,3.647566318511963,-8.801085472106934,0.5698199868202211
3023,152300.0,3.5781345367431636,-8.792705535888674,0.5195417404174805
3024,152400.0,3.5781345367431636,-8.792705535888674,0.5195417404174805
3025,152500.0,3.792415380477905,-8.74721622467041,0.5692214369773865
3026,152600.0,3.792415380477905,-8.74721622467041,0.5692214369773865
3027,152700.0,3.523067712783813,-8.91540813446045,0.7535749673843384
3028,152800.0,3.876212596893311,-8.798690795898438,0.6943184733390808
3029,152900.0,3.876212596893311,-8.798690795898438,0.6943184733390808
3030,153000.0,3.756502389907837,-8.862735748291016,0.7469909191131592
3031,153100.0,3.756502389907837,-8.862735748291016,0.7469909191131592
3032,153200.0,3.666121244430542,-8.810662269592285,0.6332663297653198
3033,153300.0,3.666121244430542,-8.810662269592285,0.6332663297653198
3034,153400.0,3.827131509780884,-8.765172004699707,0.5494692921638489
3035,153500.0,3.827131509780884,-8.765172004699707,0.5494692921638489
3036,153600.0,3.6290111541748047,-8.872312545776367,0.618302583694458
3037,153700.0,3.8253357410430913,-8.810662269592285,0.7769184708595276
3038,153800.0,3.8253357410430913,-8.810662269592285,0.7769184708595276
3039,153900.0,3.739742994308472,-8.79809284210205,0.6033388376235962
3040,152000.0,3.5021185874938965,-8.860940933227539,0.6997054219245911
3041,152100.0,3.647566318511963,-8.801085472106934,0.5698199868202211
3042,152200.0,3.647566318511963,-8.801085472106934,0.5698199868202211
3043,152300.0,3.5781345367431636,-8.792705535888674,0.5195417404174805
3044,152400.0,3.5781345367431636,-8.792705535888674,0.5195417404174805
3045,152500.0,3.792415380477905,-8.74721622467041,0.5692214369773865
3046,152600.0,3.792415380477905,-8.74721622467041,0.5692214369773865
3047,152700.0,3.523067712783813,-8.91540813446045,0.7535749673843384
3048,152800.0,3.876212596893311,-8.798690795898438,0.6943184733390808
3049,152900.0,3.876212596893311,-8.798690795898438,0.6943184733390808
3050,153000.0,3.756502389907837,-8.862735748291016,0.7469909191131592
3051,153100.0,3.756502389907837,-8.862735748291016,0.7469909191131592
3052,153200.0,3.666121244430542,-8.810662269592285,0.6332663297653198
3053,153300.0,3.666121244430542,-8.810662269592285,0.6332663297653198
3054,153400.0,3.827131509780884,-8.765172004699707,0.5494692921638489
3055,153500.0,3.827131509780884,-8.765172004699707,0.5494692921638489
3056,153600.0,3.6290111541748047,-8.872312545776367,0.618302583694458
3057,153700.0,3.8253357410430913,-8.810662269592285,0.7769184708595276
3058,153800.0,3.8253357410430913,-8.810662269592285,0.7769184708595276
3059,153900.0,3.739742994308472,-8.79809284210205,0.6033388376235962
3060,154000.0,3.739742994308472,-8.79809284210205,0.6033388376235962
3061,154100.0,3.8289270401000977,-8.662819862365723,0.3932476341724396
3062,154200.0,3.8289270401000977,-8.662819862365723,0.3932476341724396
3063,154300.0,3.6978445053100586,-8.904036521911621,0.5422866940498352
3064,154400.0,3.6978445053100586,-8.904036521911621,0.5422866940498352
3065,154500.0,3.6290111541748047,-8.871115684509277,0.5291185975074768
3066,154600.0,4.259883403778076,-8.626308441162111,0.20709845423698425
3067,154700.0,4.259883403778076,-8.626308441162111,0.20709845423698425
3068,154800.0,4.259883403778076,-8.626308441162111,0.20709845423698425
3069,154900.0,4.108449935913087,-8.710704803466799,0.2232593148946762
3070,155000.0,3.736151695251465,-8.846575736999512,0.3675099611282349
3071,155100.0,3.736151695251465,-8.846575736999512,0.3675099611282349
3072,155200.0,3.6481647491455083,-8.76337718963623,0.3794809579849243
3073,155300.0,3.6481647491455083,-8.76337718963623,0.3794809579849243
3074,155400.0,3.726574897766113,-8.844779968261719,0.5734112858772278
3075,155500.0,3.785232782363892,-8.845976829528809,0.5907692909240723
3076,155600.0,3.785232782363892,-8.845976829528809,0.5907692909240723
3077,155700.0,3.515286684036255,-8.821435928344727,0.4255693554878235
3078,155800.0,3.515286684036255,-8.821435928344727,0.4255693554878235
3079,155900.0,3.925293684005737,-8.750208854675293,0.6919242739677429
3080,154000.0,3.739742994308472,-8.79809284210205,0.6033388376235962
3081,154100.0,3.8289270401000977,-8.662819862365723,0.3932476341724396
3082,154200.0,3.8289270401000977,-8.662819862365723,0.3932476341724396
3083,154300.0,3.6978445053100586,-8.904036521911621,0.5422866940498352
3084,154400.0,3.6978445053100586,-8.904036521911621,0.5422866940498352
3085,154500.0,3.6290111541748047,-8.871115684509277,0.5291185975074768
3086,154600.0,4.259883403778076,-8.626308441162111,0.20709845423698425
3087,154700.0,4.259883403778076,-8.626308441162111,0.20709845423698425
3088,154800.0,4.259883403778076,-8.626308441162111,0.20709845423698425
3089,154900.0,4.108449935913087,-8.710704803466799,0.2232593148946762
3090,155000.0,3.736151695251465,-8.846575736999512,0.3675099611282349
3091,155100.0,3.736151695251465,-8.846575736999512,0.3675099611282349
3092,155200.0,3.6481647491455083,-8.76337718963623,0.3794809579849243
3093,155300.0,3.6481647491455083,-8.76337718963623,0.3794809579849243
3094,155400.0,3.726574897766113,-8.844779968261719,0.5734112858772278
3095,155500.0,3.785232782363892,-8.845976829528809,0.5907692909240723
3096,155600.0,3.785232782363892,-8.845976829528809,0.5907692909240723
3097,155700.0,3.515286684036255,-8.821435928344727,0.4255693554878235
3098,155800.0,3.515286684036255,-8.821435928344727,0.4255693554878235
3099,155900.0,3.925293684005737,-8.750208854675293,0.6919242739677429
3100,156000.0,3.925293684005737,-8.750208854675293,0.6919242739677429
3101,156100.0,3.945644378662109,-8.828020095825195,0.2861070930957794
3102,156200.0,3.945644378662109,-8.828020095825195,0.2861070930957794
3103,156300.0,3.974973440170288,-8.786720275878906,0.4417302012443543
3104,156400.0,3.8355112075805664,-8.793304443359375,0.3920505344867706
3105,156500.0,3.8355112075805664,-8.793304443359375,0.3920505344867706
3106,156600.0,4.124610900878906,-8.650250434875487,0.31543606519699097
3107,156700.0,4.124610900878906,-8.650250434875487,0.31543606519699097
3108,156800.0,3.7235822677612314,-8.944138526916504,0.5674257874488831
3109,156900.0,3.7235822677612314,-8.944138526916504,0.5674257874488831
3110,157000.0,3.6379895210266113,-8.859743118286133,0.6368576288223267
3111,157100.0,3.6379895210266113,-8.859743118286133,0.6368576288223267
3112,157200.0,3.888782024383545,-8.713098526000978,0.4680664241313934
3113,157300.0,3.81994891166687,-8.794501304626465,0.6278793811798096
3114,157400.0,3.81994891166687,-8.794501304626465,0.6278793811798096
3115,157500.0,3.8402996063232417,-8.765172004699707,0.6075286865234375
3116,157600.0,3.8402996063232417,-8.765172004699707,0.6075286865234375
3117,157700.0,3.8343141078948975,-8.797493934631348,0.6338648796081543
3118,157800.0,3.8343141078948975,-8.797493934631348,0.6338648796081543
3119,157900.0,3.8929719924926762,-8.740632057189941,0.4776432514190674
3120,156000.0,3.925293684005737,-8.750208854675293,0.6919242739677429
3121,156100.0,3.945644378662109,-8.828020095825195,0.2861070930957794
3122,156200.0,3.945644378662109,-8.828020095825195,0.2861070930957794
3123,156300.0,3.974973440170288,-8.786720275878906,0.4417302012443543
3124,156400.0,3.8355112075805664,-8.793304443359375,0.3920505344867706
3125,156500.0,3.8355112075805664,-8.793304443359375,0.3920505344867706
3126,156600.0,4.124610900878906,-8.650250434875487,0.31543606519699097
3127,156700.0,4.124610900878906,-8.650250434875487,0.31543606519699097
3128,156800.0,3.7235822677612314,-8.944138526916504,0.5674257874488831
3129,156900.0,3.7235822677612314,-8.944138526916504,0.5674257874488831
3130,157000.0,3.6379895210266113,-8.859743118286133,0.6368576288223267
3131,157100.0,3.6379895210266113,-8.859743118286133,0.6368576288223267
3132,157200.0,3.888782024383545,-8.713098526000978,0.4680664241313934
3133,157300.0,3.81994891166687,-8.794501304626465,0.6278793811798096
3134,157400.0,3.81994891166687,-8.794501304626465,0.6278793811798096
3135,157500.0,3.8402996063232417,-8.765172004699707,0.6075286865234375
3136,157600.0,3.8402996063232417,-8.765172004699707,0.6075286865234375
3137,157700.0,3.8343141078948975,-8.797493934631348,0.6338648796081543
3138,157800.0,3.8343141078948975,-8.797493934631348,0.6338648796081543
3139,157900.0,3.8929719924926762,-8.740632057189941,0.4776432514190674
3140,158000.0,3.8929719924926762,-8.740632057189941,0.4776432514190674
3141,158100.0,3.719990968704224,-8.777143478393555,0.6518214344978333
3142,158200.0,3.7193922996521,-8.814851760864258,0.4806360006332398
3143,158300.0,3.7193922996521,-8.814851760864258,0.4806360006332398
3144,158400.0,3.8157589435577393,-8.822632789611816,0.5602431893348694
3145,158500.0,3.8157589435577393,-8.822632789611816,0.5602431893348694
3146,158600.0,4.144362926483153,-8.723274230957031,0.27054479718208313
3147,158700.0,4.144362926483153,-8.723274230957031,0.27054479718208313
3148,158800.0,4.1431660652160645,-8.655038833618164,0.2364274114370346
3149,158900.0,4.1431660652160645,-8.655038833618164,0.2364274114370346
3150,159000.0,4.135385036468507,-8.588600158691406,0.1915361285209656
3151,159100.0,4.045602321624757,-8.598775863647461,0.08499415963888167
3152,159200.0,4.045602321624757,-8.598775863647461,0.08499415963888167
3153,159300.0,4.3586440086364755,-8.482058525085451,0.1999158412218094
3154,159400.0,4.3586440086364755,-8.482058525085451,0.1999158412218094
3155,159500.0,3.9875428676605225,-8.64127254486084,0.2472013235092163
3156,159600.0,3.9875428676605225,-8.64127254486084,0.2472013235092163
3157,159700.0,4.350264549255371,-8.678382873535156,0.5153518915176392
3158,159800.0,4.350264549255371,-8.678382873535156,0.5153518915176392
3159,159900.0,3.658938646316528,-8.813055992126465,0.5237316489219666
3160,158000.0,3.8929719924926762,-8.740632057189941,0.4776432514190674
3161,158100.0,3.719990968704224,-8.777143478393555,0.6518214344978333
3162,158200.0,3.7193922996521,-8.814851760864258,0.4806360006332398
3163,158300.0,3.7193922996521,-8.814851760864258,0.4806360006332398
3164,158400.0,3.8157589435577393,-8.822632789611816,0.5602431893348694
3165,158500.0,3.8157589435577393,-8.822632789611816,0.5602431893348694
3166,158600.0,4.144362926483153,-8.723274230957031,0.27054479718208313
3167,158700.0,4.144362926483153,-8.723274230957031,0.27054479718208313
3168,158800.0,4.1431660652160645,-8.655038833618164,0.2364274114370346
3169,158900.0,4.1431660652160645,-8.655038833618164,0.2364274114370346
3170,159000.0,4.135385036468507,-8.588600158691406,0.1915361285209656
3171,159100.0,4.045602321624757,-8.598775863647461,0.08499415963888167
3172,159200.0,4.045602321624757,-8.598775863647461,0.08499415963888167
3173,159300.0,4.3586440086364755,-8.482058525085451,0.1999158412218094
3174,159400.0,4.3586440086364755,-8.482058525085451,0.1999158412218094
3175,159500.0,3.9875428676605225,-8.64127254486084,0.2472013235092163
3176,159600.0,3.9875428676605225,-8.64127254486084,0.2472013235092163
3177,159700.0,4.350264549255371,-8.678382873535156,0.5153518915176392
3178,159800.0,4.350264549255371,-8.678382873535156,0.5153518915176392
3179,159900.0,3.658938646316528,-8.813055992126465,0.5237316489219666
3180,160000.0,4.065354347229004,-8.684967041015625,0.3435679376125336
3181,160100.0,4.065354347229004,-8.684967041015625,0.3435679376125336
3182,160200.0,3.9139211177825928,-8.83939266204834,0.6159083843231201
3183,160300.0,3.9139211177825928,-8.83939266204834,0.6159083843231201
3184,160400.0,3.976170539855957,-8.718485832214355,0.1454477459192276
3185,160500.0,3.976170539855957,-8.718485832214355,0.1454477459192276
3186,160600.0,3.7888240814208975,-8.780136108398438,0.3555389642715454
3187,160700.0,3.7888240814208975,-8.780136108398438,0.3555389642715454
3188,160800.0,3.950432777404785,-8.735244750976562,0.4836287498474121
3189,160900.0,3.86543869972229,-8.851962089538574,0.5728127360343933
3190,161000.0,3.86543869972229,-8.851962089538574,0.5728127360343933
3191,161100.0,3.775057554244995,-8.799888610839844,0.6254851818084717
3192,161200.0,3.775057554244995,-8.799888610839844,0.6254851818084717
3193,161300.0,3.895964622497559,-8.716690063476562,0.71766197681427
3194,161400.0,3.895964622497559,-8.716690063476562,0.71766197681427
3195,161500.0,3.816956043243408,-8.806472778320312,0.5530605912208557
3196,161600.0,3.816956043243408,-8.806472778320312,0.5530605912208557
3197,161700.0,3.8750154972076416,-8.746018409729004,0.4255693554878235
3198,161800.0,4.02345609664917,-8.719083786010742,0.586579442024231
3199,161900.0,4.02345609664917,-8.719083786010742,0.586579442024231
3200,160000.0,4.065354347229004,-8.684967041015625,0.3435679376125336
3201,160100.0,4.065354347229004,-8.684967041015625,0.3435679376125336
3202,160200.0,3.9139211177825928,-8.83939266204834,0.6159083843231201
3203,160300.0,3.9139211177825928,-8.83939266204834,0.6159083843231201
3204,160400.0,3.976170539855957,-8.718485832214355,0.1454477459192276
3205,160500.0,3.976170539855957,-8.718485832214355,0.1454477459192276
3206,160600.0,3.7888240814208975,-8.780136108398438,0.3555389642715454
3207,160700.0,3.7888240814208975,-8.780136108398438,0.3555389642715454
3208,160800.0,3.950432777404785,-8.735244750976562,0.4836287498474121
3209,160900.0,3.86543869972229,-8.851962089538574,0.5728127360343933
3210,161000.0,3.86543869972229,-8.851962089538574,0.5728127360343933
3211,161100.0,3.775057554244995,-8.799888610839844,0.6254851818084717
3212,161200.0,3.775057554244995,-8.799888610839844,0.6254851818084717
3213,161300.0,3.895964622497559,-8.716690063476562,0.71766197681427
3214,161400.0,3.895964622497559,-8.716690063476562,0.71766197681427
3215,161500.0,3.816956043243408,-8.806472778320312,0.5530605912208557
3216,161600.0,3.816956043243408,-8.806472778320312,0.5530605912208557
3217,161700.0,3.8750154972076416,-8.746018409729004,0.4255693554878235
3218,161800.0,4.02345609664917,-8.719083786010742,0.586579442024231
3219,161900.0,4.02345609664917,-8.719083786010742,0.586579442024231
3220,162000.0,3.4919431209564213,-8.910021781921387,0.5829881429672241
3221,162100.0,3.4919431209564213,-8.910021781921387,0.5829881429672241
3222,162200.0,3.8965632915496826,-8.829216957092285,0.6877344250679016
3223,162300.0,3.8965632915496826,-8.829216957092285,0.6877344250679016
3224,162400.0,3.658938646316528,-8.85555362701416,0.7134721279144287
3225,162500.0,3.658938646316528,-8.85555362701416,0.7134721279144287
3226,162600.0,3.739144563674927,-8.880692481994629,0.5111620426177979
3227,162700.0,3.7816414833068848,-8.723872184753418,0.5758054852485657
3228,162800.0,3.7816414833068848,-8.723872184753418,0.5758054852485657
3229,162900.0,3.664325714111328,-8.76457405090332,0.4985924959182739
3230,163000.0,3.664325714111328,-8.76457405090332,0.4985924959182739
3231,163100.0,3.7247793674468994,-8.8070707321167,0.8068459630012512
3232,163200.0,3.7247793674468994,-8.8070707321167,0.8068459630012512
3233,163300.0,3.833117008209229,-8.796895980834961,0.7038952708244324
3234,163400.0,3.833117008209229,-8.796895980834961,0.7038952708244324
3235,163500.0,3.899555921554565,-8.639476776123049,0.557250440120697
3236,163600.0,3.9193081855773926,-8.777143478393555,0.4554968774318695
3237,163700.0,3.9193081855773926,-8.777143478393555,0.4554968774318695
3238,163800.0,3.5146880149841313,-8.945934295654297,0.6494272351264954
3239,163900.0,3.5146880149841313,-8.945934295654297,0.6494272351264954
3240,162000.0,3.4919431209564213,-8.910021781921387,0.5829881429672241
3241,162100.0,3.4919431209564213,-8.910021781921387,0.5829881429672241
3242,162200.0,3.8965632915496826,-8.829216957092285,0.6877344250679016
3243,162300.0,3.8965632915496826,-8.829216957092285,0.6877344250679016
3244,162400.0,3.658938646316528,-8.85555362701416,0.7134721279144287
3245,162500.0,3.658938646316528,-8.85555362701416,0.7134721279144287
3246,162600.0,3.739144563674927,-8.880692481994629,0.5111620426177979
3247,162700.0,3.7816414833068848,-8.723872184753418,0.5758054852485657
3248,162800.0,3.7816414833068848,-8.723872184753418,0.5758054852485657
3249,162900.0,3.664325714111328,-8.76457405090332,0.4985924959182739
3250,163000.0,3.664325714111328,-8.76457405090332,0.4985924959182739
3251,163100.0,3.7247793674468994,-8.8070707321167,0.8068459630012512
3252,163200.0,3.7247793674468994,-8.8070707321167,0.8068459630012512
3253,163300.0,3.833117008209229,-8.796895980834961,0.7038952708244324
3254,163400.0,3.833117008209229,-8.796895980834961,0.7038952708244324
3255,163500.0,3.899555921554565,-8.639476776123049,0.557250440120697
3256,163600.0,3.9193081855773926,-8.777143478393555,0.4554968774318695
3257,163700.0,3.9193081855773926,-8.777143478393555,0.4554968774318695
3258,163800.0,3.5146880149841313,-8.945934295654297,0.6494272351264954
3259,163900.0,3.5146880149841313,-8.945934295654297,0.6494272351264954
3260,164000.0,3.60566782951355,-8.863933563232422,0.4944026470184326
3261,164100.0,3.60566782951355,-8.863933563232422,0.4944026470184326
3262,164200.0,3.969586372375488,-8.680776596069336,0.6057330369949341
3263,164300.0,3.969586372375488,-8.680776596069336,0.6057330369949341
3264,164400.0,3.76488208770752,-8.83819580078125,0.5003881454467773
3265,164500.0,3.5649664402008057,-8.871115684509277,0.4722562730312347
3266,164600.0,3.5649664402008057,-8.871115684509277,0.4722562730312347
3267,164700.0,3.803189516067505,-8.786720275878906,0.5847837924957275
3268,164800.0,3.803189516067505,-8.786720275878906,0.5847837924957275
3269,164900.0,3.897161722183228,-8.74721622467041,0.606930136680603
3270,165000.0,3.897161722183228,-8.74721622467041,0.606930136680603
3271,165100.0,3.5865142345428467,-8.93156909942627,0.6512228846549988
3272,165200.0,3.5865142345428467,-8.93156909942627,0.6512228846549988
3273,165300.0,3.924096584320069,-8.705317497253418,0.6362590789794922
3274,165400.0,3.6954503059387207,-8.848370552062988,0.6607996821403503
3275,165500.0,3.6954503059387207,-8.848370552062988,0.6607996821403503
3276,165600.0,3.6403837203979488,-8.829815864562988,0.4429273009300232
3277,165700.0,3.6403837203979488,-8.829815864562988,0.4429273009300232
3278,165800.0,3.889380693435669,-8.740632057189941,0.5919663906097412
3279,165900.0,3.889380693435669,-8.740632057189941,0.5919663906097412
3280,164000.0,3.60566782951355,-8.863933563232422,0.4944026470184326
3281,164100.0,3.60566782951355,-8.863933563232422,0.4944026470184326
3282,164200.0,3.969586372375488,-8.680776596069336,0.6057330369949341
3283,164300.0,3.969586372375488,-8.680776596069336,0.6057330369949341
3284,164400.0,3.76488208770752,-8.83819580078125,0.5003881454467773
3285,164500.0,3.5649664402008057,-8.871115684509277,0.4722562730312347
3286,164600.0,3.5649664402008057,-8.871115684509277,0.4722562730312347
3287,164700.0,3.803189516067505,-8.786720275878906,0.5847837924957275
3288,164800.0,3.803189516067505,-8.786720275878906,0.5847837924957275
3289,164900.0,3.897161722183228,-8.74721622467041,0.606930136680603
3290,165000.0,3.897161722183228,-8.74721622467041,0.606930136680603
3291,165100.0,3.5865142345428467,-8.93156909942627,0.6512228846549988
3292,165200.0,3.5865142345428467,-8.93156909942627,0.6512228846549988
3293,165300.0,3.924096584320069,-8.705317497253418,0.6362590789794922
3294,165400.0,3.6954503059387207,-8.848370552062988,0.6607996821403503
3295,165500.0,3.6954503059387207,-8.848370552062988,0.6607996821403503
3296,165600.0,3.6403837203979488,-8.829815864562988,0.4429273009300232
3297,165700.0,3.6403837203979488,-8.829815864562988,0.4429273009300232
3298,165800.0,3.889380693435669,-8.740632057189941,0.5919663906097412
3299,165900.0,3.889380693435669,-8.740632057189941,0.5919663906097412
3300,166000.0,3.587112665176392,-8.835801124572754,0.5548562407493591
3301,166100.0,3.587112665176392,-8.835801124572754,0.5548562407493591
3302,166200.0,3.673303842544556,-8.743025779724121,0.5494692921638489
3303,166300.0,3.884592294692993,-8.754398345947267,0.646434485912323
3304,166400.0,3.884592294692993,-8.754398345947267,0.646434485912323
3305,166500.0,3.599083662033081,-8.807669639587402,0.6320692300796509
3306,166600.0,3.599083662033081,-8.807669639587402,0.6320692300796509
3307,166700.0,3.7493197917938232,-8.778340339660645,0.6560112833976746
3308,166800.0,3.7493197917938232,-8.778340339660645,0.6560112833976746
3309,166900.0,3.825934410095215,-8.82323169708252,0.6194996833801271
3310,167000.0,3.825934410095215,-8.82323169708252,0.6194996833801271
3311,167100.0,3.6846764087677,-8.841787338256836,0.7691373229026794
3312,167200.0,3.6960489749908447,-8.848969459533691,0.7451952695846558
3313,167300.0,3.6960489749908447,-8.848969459533691,0.7451952695846558
3314,167400.0,3.858854532241821,-8.75080680847168,0.6584054827690125
3315,167500.0,3.858854532241821,-8.75080680847168,0.6584054827690125
3316,167600.0,3.5865142345428467,-8.845976829528809,0.5602431893348694
3317,167700.0,3.5865142345428467,-8.845976829528809,0.5602431893348694
3318,167800.0,3.706822872161865,-8.830414772033691,0.5009866952896118
3319,167900.0,3.706822872161865,-8.830414772033691,0.5009866952896118
3320,166000.0,3.587112665176392,-8.835801124572754,0.5548562407493591
3321,166100.0,3.587112665176392,-8.835801124572754,0.5548562407493591
3322,166200.0,3.673303842544556,-8.743025779724121,0.5494692921638489
3323,166300.0,3.884592294692993,-8.754398345947267,0.646434485912323
3324,166400.0,3.884592294692993,-8.754398345947267,0.646434485912323
3325,166500.0,3.599083662033081,-8.807669639587402,0.6320692300796509
3326,166600.0,3.599083662033081,-8.807669639587402,0.6320692300796509
3327,166700.0,3.7493197917938232,-8.778340339660645,0.6560112833976746
3328,166800.0,3.7493197917938232,-8.778340339660645,0.6560112833976746
3329,166900.0,3.825934410095215,-8.82323169708252,0.6194996833801271
3330,167000.0,3.825934410095215,-8.82323169708252,0.6194996833801271
3331,167100.0,3.6846764087677,-8.841787338256836,0.7691373229026794
3332,167200.0,3.6960489749908447,-8.848969459533691,0.7451952695846558
3333,167300.0,3.6960489749908447,-8.848969459533691,0.7451952695846558
3334,167400.0,3.858854532241821,-8.75080680847168,0.6584054827690125
3335,167500.0,3.858854532241821,-8.75080680847168,0.6584054827690125
3336,167600.0,3.5865142345428467,-8.845976829528809,0.5602431893348694
3337,167700.0,3.5865142345428467,-8.845976829528809,0.5602431893348694
3338,167800.0,3.706822872161865,-8.830414772033691,0.5009866952896118
3339,167900.0,3.706822872161865,-8.830414772033691,0.5009866952896118
3340,168000.0,3.6858735084533687,-8.820239067077637,0.5901707410812378
3341,168100.0,3.6511576175689697,-8.797493934631348,0.7308300733566284
3342,168200.0,3.6511576175689697,-8.797493934631348,0.7308300733566284
3343,168300.0,3.532644510269165,-8.929773330688477,0.7026981711387634
3344,168400.0,3.532644510269165,-8.929773330688477,0.7026981711387634
3345,168500.0,3.879803895950317,-8.810063362121582,0.6667851805686951
3346,168600.0,3.879803895950317,-8.810063362121582,0.6667851805686951
3347,168700.0,3.70742130279541,-8.835801124572754,0.7170634269714355
3348,168800.0,3.70742130279541,-8.835801124572754,0.7170634269714355
3349,168900.0,3.842095136642456,-8.762179374694824,0.6607996821403503
3350,169000.0,3.553593873977661,-8.893860816955566,0.7146692276000977
3351,169100.0,3.553593873977661,-8.893860816955566,0.7146692276000977
3352,169200.0,3.694253206253052,-8.798690795898438,0.7864952683448792
3353,169300.0,3.694253206253052,-8.798690795898438,0.7864952683448792
3354,169400.0,3.7020344734191895,-8.84058952331543,0.558447539806366
3355,169500.0,3.7020344734191895,-8.84058952331543,0.558447539806366
3356,169600.0,3.6619315147399902,-8.826224327087402,0.4938040971755981
3357,169700.0,3.6619315147399902,-8.826224327087402,0.4938040971755981
3358,169800.0,3.6104562282562256,-8.87410831451416,0.5386953949928284
3359,169900.0,3.6104562282562256,-8.87410831451416,0.5386953949928284
3360,168000.0,3.6858735084533687,-8.820239067077637,0.5901707410812378
3361,168100.0,3.6511576175689697,-8.797493934631348,0.7308300733566284
3362,168200.0,3.6511576175689697,-8.797493934631348,0.7308300733566284
3363,168300.0,3.532644510269165,-8.929773330688477,0.7026981711387634
3364,168400.0,3.532644510269165,-8.929773330688477,0.7026981711387634
3365,168500.0,3.879803895950317,-8.810063362121582,0.6667851805686951
3366,168600.0,3.879803895950317,-8.810063362121582,0.6667851805686951
3367,168700.0,3.70742130279541,-8.835801124572754,0.7170634269714355
3368,168800.0,3.70742130279541,-8.835801124572754,0.7170634269714355
3369,168900.0,3.842095136642456,-8.762179374694824,0.6607996821403503
3370,169000.0,3.553593873977661,-8.893860816955566,0.7146692276000977
3371,169100.0,3.553593873977661,-8.893860816955566,0.7146692276000977
3372,169200.0,3.694253206253052,-8.798690795898438,0.7864952683448792
3373,169300.0,3.694253206253052,-8.798690795898438,0.7864952683448792
3374,169400.0,3.7020344734191895,-8.84058952331543,0.558447539806366
3375,169500.0,3.7020344734191895,-8.84058952331543,0.558447539806366
3376,169600.0,3.6619315147399902,-8.826224327087402,0.4938040971755981
3377,169700.0,3.6619315147399902,-8.826224327087402,0.4938040971755981
3378,169800.0,3.6104562282562256,-8.87410831451416,0.5386953949928284
3379,169900.0,3.6104562282562256,-8.87410831451416,0.5386953949928284
3380,170000.0,3.5960910320281982,-8.869319915771484,0.6655880808830261
3381,170100.0,3.5104982852935787,-8.901042938232422,0.8044517636299133
3382,170200.0,3.5104982852935787,-8.901042938232422,0.8044517636299133
3383,170300.0,3.4189200401306152,-8.912415504455566,0.5758054852485657
3384,170400.0,3.4189200401306152,-8.912415504455566,0.5758054852485657
3385,170500.0,3.923498153686523,-8.769362449645996,0.7481880187988281
3386,170600.0,3.923498153686523,-8.769362449645996,0.7481880187988281
3387,170700.0,3.7612907886505127,-8.835801124572754,0.6625953316688538
3388,170800.0,3.7612907886505127,-8.835801124572754,0.6625953316688538
3389,170900.0,3.5272576808929443,-8.859743118286133,0.547075092792511
3390,171000.0,3.7816414833068848,-8.772953987121582,0.6482301354408264
3391,171100.0,3.7816414833068848,-8.772953987121582,0.6482301354408264
3392,171200.0,3.659537315368652,-8.857349395751953,0.7817068696022034
3393,171300.0,3.659537315368652,-8.857349395751953,0.7817068696022034
3394,171400.0,3.3028011322021484,-8.993220329284668,0.5518634915351868
3395,171500.0,3.3028011322021484,-8.993220329284668,0.5518634915351868
3396,171600.0,3.492541790008545,-8.953117370605469,0.5746083855628967
3397,171700.0,3.492541790008545,-8.953117370605469,0.5746083855628967
3398,171800.0,3.733757495880127,-8.82083797454834,0.579995334148407
3399,171900.0,3.95641827583313,-8.740632057189941,0.5506663918495178
3400,170000.0,3.5960910320281982,-8.869319915771484,0.6655880808830261
3401,170100.0,3.5104982852935787,-8.901042938232422,0.8044517636299133
3402,170200.0,3.5104982852935787,-8.901042938232422,0.8044517636299133
3403,170300.0,3.4189200401306152,-8.912415504455566,0.5758054852485657
3404,170400.0,3.4189200401306152,-8.912415504455566,0.5758054852485657
3405,170500.0,3.923498153686523,-8.769362449645996,0.7481880187988281
3406,170600.0,3.923498153686523,-8.769362449645996,0.7481880187988281
3407,170700.0,3.7612907886505127,-8.835801124572754,0.6625953316688538
3408,170800.0,3.7612907886505127,-8.835801124572754,0.6625953316688538
3409,170900.0,3.5272576808929443,-8.859743118286133,0.547075092792511
3410,171000.0,3.7816414833068848,-8.772953987121582,0.6482301354408264
3411,171100.0,3.7816414833068848,-8.772953987121582,0.6482301354408264
3412,171200.0,3.659537315368652,-8.857349395751953,0.7817068696022034
3413,171300.0,3.659537315368652,-8.857349395751953,0.7817068696022034
3414,171400.0,3.3028011322021484,-8.993220329284668,0.5518634915351868
3415,171500.0,3.3028011322021484,-8.993220329284668,0.5518634915351868
3416,171600.0,3.492541790008545,-8.953117370605469,0.5746083855628967
3417,171700.0,3.492541790008545,-8.953117370605469,0.5746083855628967
3418,171800.0,3.733757495880127,-8.82083797454834,0.579995334148407
3419,171900.0,3.95641827583313,-8.740632057189941,0.5506663918495178
3420,172000.0,3.95641827583313,-8.740632057189941,0.5506663918495178
3421,172100.0,3.334524393081665,-8.998008728027344,0.4201824069023132
3422,172200.0,3.334524393081665,-8.998008728027344,0.4201824069023132
3423,172300.0,3.4835634231567383,-9.012373924255373,0.5506663918495178
3424,172400.0,3.4835634231567383,-9.012373924255373,0.5506663918495178
3425,172500.0,3.7433342933654794,-8.80587387084961,0.496198296546936
3426,172600.0,3.7433342933654794,-8.80587387084961,0.496198296546936
3427,172700.0,3.608062028884888,-8.924386978149414,0.5847837924957275
3428,172800.0,3.709815502166748,-8.880692481994629,0.6338648796081543
3429,172900.0,3.709815502166748,-8.880692481994629,0.6338648796081543
3430,173000.0,3.6373908519744873,-8.83699893951416,0.4710591733455658
3431,173100.0,3.6373908519744873,-8.83699893951416,0.4710591733455658
3432,173200.0,3.9402575492858887,-8.743624687194824,0.6278793811798096
3433,173300.0,3.9402575492858887,-8.743624687194824,0.6278793811798096
3434,173400.0,3.711012601852417,-8.837596893310547,0.5363011956214905
3435,173500.0,3.711012601852417,-8.837596893310547,0.5363011956214905
3436,173600.0,3.804386615753174,-8.756793022155763,0.4932055473327637
3437,173700.0,3.9414546489715576,-8.69334602355957,0.6745663285255432
3438,173800.0,3.9414546489715576,-8.69334602355957,0.6745663285255432
3439,173900.0,3.626018524169922,-8.833407402038574,0.5716156363487244
0,0.0,-5.887940406799316,-8.071452140808105,0.8637082576751709
1,100.0,-5.887940406799316,-8.071452140808105,0.8637082576751709
2,200.0,-5.705981254577638,-7.470507621765138,1.174954533576965
3,300.0,-5.705981254577638,-7.470507621765138,1.174954533576965
4,400.0,-4.58968448638916,-6.01303768157959,0.8439561128616333
5,500.0,-4.58968448638916,-6.01303768157959,0.8439561128616333
6,600.0,-4.171896457672118,-9.1260986328125,2.793434858322144
7,700.0,-4.171896457672118,-9.1260986328125,2.793434858322144
8,800.0,8.827422142028809,-19.59235191345215,-2.8012158870697017
9,900.0,6.117784023284912,-7.523180484771728,-1.169567584991455
10,1000.0,6.117784023284912,-7.523180484771728,-1.169567584991455
11,1100.0,3.9618053436279297,-8.720879554748535,-0.3423708379268646
12,1200.0,3.9618053436279297,-8.720879554748535,-0.3423708379268646
13,1300.0,5.138555526733398,-8.17021369934082,-0.2645592987537384
14,1400.0,5.138555526733398,-8.17021369934082,-0.2645592987537384
15,1500.0,4.614823818206787,-8.446145057678223,-0.20231004059314728
16,1600.0,4.614823818206787,-8.446145057678223,-0.20231004059314728
17,1700.0,4.745906352996826,-8.306084632873535,-0.2669534981250763
18,1800.0,5.172672748565674,-8.040328025817871,-0.4435258507728577
19,1900.0,5.172672748565674,-8.040328025817871,-0.4435258507728577
20,2000.0,4.988319396972656,-8.219893455505371,-0.3172317147254944
21,2100.0,4.988319396972656,-8.219893455505371,-0.3172317147254944
22,2200.0,5.015254020690918,-8.186373710632324,-0.33279404044151306
23,2300.0,5.015254020690918,-8.186373710632324,-0.33279404044151306
24,2400.0,5.163694381713867,-8.112154006958008,-0.3166331648826599
25,2500.0,5.163694381713867,-8.112154006958008,-0.3166331648826599
26,2600.0,4.988319396972656,-8.165425300598145,-0.3770867586135864
27,2700.0,5.112817764282227,-8.13908863067627,-0.586579442024231
28,2800.0,5.112817764282227,-8.13908863067627,-0.586579442024231
29,2900.0,5.046378612518311,-8.168417930603027,-0.4614823758602142
30,3000.0,5.046378612518311,-8.168417930603027,-0.4614823758602142
31,3100.0,5.10383939743042,-8.164826393127441,-0.4100070297718048
32,3200.0,5.10383939743042,-8.164826393127441,-0.4100070297718048
33,3300.0,5.131372928619385,-8.154052734375,-0.3190273642539978
34,3400.0,5.131372928619385,-8.154052734375,-0.3190273642539978
35,3500.0,4.913500308990479,-8.306084632873535,-0.1735796183347702
36,3600.0,4.953004837036133,-8.234258651733397,-0.3447650372982025
37,3700.0,4.953004837036133,-8.234258651733397,-0.3447650372982025
38,3800.0,4.954800605773926,-8.257002830505371,-0.10175357013940813
39,3900.0,4.954800605773926,-8.257002830505371,-0.10175357013940813
40,2000.0,4.988319396972656,-8.219893455505371,-0.3172317147254944
41,2100.0,4.988319396972656,-8.219893455505371,-0.3172317147254944
42,2200.0,5.015254020690918,-8.186373710632324,-0.33279404044151306
43,2300.0,5.015254020690918,-8.186373710632324,-0.33279404044151306
44,2400.0,5.163694381713867,-8.112154006958008,-0.3166331648826599
45,2500.0,5.163694381713867,-8.112154006958008,-0.3166331648826599
46,2600.0,4.988319396972656,-8.165425300598145,-0.3770867586135864
47,2700.0,5.112817764282227,-8.13908863067627,-0.586579442024231
48,2800.0,5.112817764282227,-8.13908863067627,-0.586579442024231
49,2900.0,5.046378612518311,-8.168417930603027,-0.4614823758602142
50,3000.0,5.046378612518311,-8.168417930603027,-0.4614823758602142
51,3100.0,5.10383939743042,-8.164826393127441,-0.4100070297718048
52,3200.0,5.10383939743042,-8.164826393127441,-0.4100070297718048
53,3300.0,5.131372928619385,-8.154052734375,-0.3190273642539978
54,3400.0,5.131372928619385,-8.154052734375,-0.3190273642539978
55,3500.0,4.913500308990479,-8.306084632873535,-0.1735796183347702
56,3600.0,4.953004837036133,-8.234258651733397,-0.3447650372982025
57,3700.0,4.953004837036133,-8.234258651733397,-0.3447650372982025
58,3800.0,4.954800605773926,-8.257002830505371,-0.10175357013940813
59,3900.0,4.954800605773926,-8.257002830505371,-0.10175357013940813
60,4000.0,4.839878559112549,-8.238448143005371,-0.26336219906806946
61,4100.0,4.839878559112549,-8.238448143005371,-0.26336219906806946
62,4200.0,5.278616428375244,-7.9631147384643555,-0.1215057373046875
63,4300.0,5.278616428375244,-7.9631147384643555,-0.1215057373046875
64,4400.0,4.792593479156494,-8.299500465393066,-0.08080431073904037
65,4500.0,5.065532207489014,-8.197746276855469,-0.1125274822115898
66,4600.0,5.065532207489014,-8.197746276855469,-0.1125274822115898
67,4700.0,4.856637954711914,-8.297704696655272,-0.13407529890537262
68,4800.0,4.856637954711914,-8.297704696655272,-0.13407529890537262
69,4900.0,4.941632270812988,-8.281543731689451,-0.1993172913789749
70,5000.0,4.941632270812988,-8.281543731689451,-0.1993172913789749
71,5100.0,4.95120906829834,-8.215105056762695,-0.013766659423708916
72,5200.0,4.95120906829834,-8.215105056762695,-0.013766659423708916
73,5300.0,5.015852451324463,-8.17141056060791,-0.23762452602386475
74,5400.0,4.750096321105957,-8.329427719116211,0.1041477769613266
75,5500.0,4.750096321105957,-8.329427719116211,0.1041477769613266
76,5600.0,5.013458251953125,-8.227075576782228,-0.2232593148946762
77,5700.0,5.013458251953125,-8.227075576782228,-0.2232593148946762
78,5800.0,4.931457042694092,-8.241440773010254,-0.046088382601737976
79,5900.0,4.931457042694092,-8.241440773010254,-0.046088382601737976
80,4000.0,4.839878559112549,-8.238448143005371,-0.26336219906806946
81,4100.0,4.839878559112549,-8.238448143005371,-0.26336219906806946
82,4200.0,5.278616428375244,-7.9631147384643555,-0.1215057373046875
83,4300.0,5.278616428375244,-7.9631147384643555,-0.1215057373046875
84,4400.0,4.792593479156494,-8.299500465393066,-0.08080431073904037
85,4500.0,5.065532207489014,-8.197746276855469,-0.1125274822115898
86,4600.0,5.065532207489014,-8.197746276855469,-0.1125274822115898
87,4700.0,4.856637954711914,-8.297704696655272,-0.13407529890537262
88,4800.0,4.856637954711914,-8.297704696655272,-0.13407529890537262
89,4900.0,4.941632270812988,-8.281543731689451,-0.1993172913789749
90,5000.0,4.941632270812988,-8.281543731689451,-0.1993172913789749
91,5100.0,4.95120906829834,-8.215105056762695,-0.013766659423708916
92,5200.0,4.95120906829834,-8.215105056762695,-0.013766659423708916
93,5300.0,5.015852451324463,-8.17141056060791,-0.23762452602386475
94,5400.0,4.750096321105957,-8.329427719116211,0.1041477769613266
95,5500.0,4.750096321105957,-8.329427719116211,0.1041477769613266
96,5600.0,5.013458251953125,-8.227075576782228,-0.2232593148946762
97,5700.0,5.013458251953125,-8.227075576782228,-0.2232593148946762
98,5800.0,4.931457042694092,-8.241440773010254,-0.046088382601737976
99,5900.0,4.931457042694092,-8.241440773010254,-0.046088382601737976
100,6000.0,4.943428039550781,-8.221090316772461,-0.10115502029657364
101,6100.0,4.943428039550781,-8.221090316772461,-0.10115502029657364
102,6200.0,4.879981517791748,-8.245630264282228,-0.13168109953403473
103,6300.0,4.736329555511475,-8.321047782897951,-0.0736217051744461
104,6400.0,4.736329555511475,-8.321047782897951,-0.0736217051744461
105,6500.0,4.9823336601257315,-8.255207061767576,-0.13826514780521393
106,6600.0,4.9823336601257315,-8.255207061767576,-0.13826514780521393
107,6700.0,4.903923511505127,-8.28094482421875,-0.04967968538403511
108,6800.0,4.903923511505127,-8.28094482421875,-0.04967968538403511
109,6900.0,4.913500308990479,-8.270770072937013,-0.025737667456269264
110,7000.0,4.913500308990479,-8.270770072937013,-0.025737667456269264
111,7100.0,4.796782970428467,-8.322244644165039,-0.013168109580874443
112,7200.0,4.9559974670410165,-8.22767448425293,-0.1646013706922531
113,7300.0,4.9559974670410165,-8.22767448425293,-0.1646013706922531
114,7400.0,4.90571928024292,-8.283339500427246,0.12330138683319093
115,7500.0,4.90571928024292,-8.283339500427246,0.12330138683319093
116,7600.0,4.851849555969238,-8.244433403015138,-0.0802057534456253
117,7700.0,4.851849555969238,-8.244433403015138,-0.0802057534456253
118,7800.0,4.933252811431885,-8.320449829101562,-0.16340427100658414
119,7900.0,4.933252811431885,-8.320449829101562,-0.16340427100658414
120,6000.0,4.943428039550781,-8.221090316772461,-0.10115502029657364
121,6100.0,4.943428039550781,-8.221090316772461,-0.10115502029657364
122,6200.0,4.879981517791748,-8.245630264282228,-0.13168109953403473
123,6300.0,4.736329555511475,-8.321047782897951,-0.0736217051744461
124,6400.0,4.736329555511475,-8.321047782897951,-0.0736217051744461
125,6500.0,4.9823336601257315,-8.255207061767576,-0.13826514780521393
126,6600.0,4.9823336601257315,-8.255207061767576,-0.13826514780521393
127,6700.0,4.903923511505127,-8.28094482421875,-0.04967968538403511
128,6800.0,4.903923511505127,-8.28094482421875,-0.04967968538403511
129,6900.0,4.913500308990479,-8.270770072937013,-0.025737667456269264
130,7000.0,4.913500308990479,-8.270770072937013,-0.025737667456269264
131,7100.0,4.796782970428467,-8.322244644165039,-0.013168109580874443
132,7200.0,4.9559974670410165,-8.22767448425293,-0.1646013706922531
133,7300.0,4.9559974670410165,-8.22767448425293,-0.1646013706922531
134,7400.0,4.90571928024292,-8.283339500427246,0.12330138683319093
135,7500.0,4.90571928024292,-8.283339500427246,0.12330138683319093
136,7600.0,4.851849555969238,-8.244433403015138,-0.0802057534456253
137,7700.0,4.851849555969238,-8.244433403015138,-0.0802057534456253
138,7800.0,4.933252811431885,-8.320449829101562,-0.16340427100658414
139,7900.0,4.933252811431885,-8.320449829101562,-0.16340427100658414
140,8000.0,5.036203384399414,-8.164826393127441,-0.21009120345115664
141,8100.0,4.895544052124023,-8.270171165466309,-0.03112462162971497
142,8200.0,4.895544052124023,-8.270171165466309,-0.03112462162971497
143,8300.0,4.880579948425293,-8.239645004272461,-0.0347159244120121
144,8400.0,4.880579948425293,-8.239645004272461,-0.0347159244120121
145,8500.0,4.763862609863281,-8.324040412902832,-0.10654197633266448
146,8600.0,4.763862609863281,-8.324040412902832,-0.10654197633266448
147,8700.0,4.836885929107666,-8.291719436645508,-0.20769700407981875
148,8800.0,4.836885929107666,-8.291719436645508,-0.20769700407981875
149,8900.0,5.050568580627441,-8.204929351806639,-0.0628477931022644
150,9000.0,4.940435409545898,-8.224082946777344,-0.14604631066322327
151,9100.0,4.940435409545898,-8.224082946777344,-0.14604631066322327
152,9200.0,4.997297286987305,-8.179790496826174,-0.2675520479679108
153,9300.0,4.997297286987305,-8.179790496826174,-0.2675520479679108
154,9400.0,4.748898983001709,-8.344391822814941,-0.1238999366760254
155,9500.0,4.748898983001709,-8.344391822814941,-0.1238999366760254
156,9600.0,4.836885929107666,-8.291719436645508,-0.1173158809542656
157,9700.0,4.836885929107666,-8.291719436645508,-0.1173158809542656
158,9800.0,4.933252811431885,-8.207921981811522,-0.2286462634801865
159,9900.0,5.582679748535156,-7.826046943664551,-0.3627215623855591
160,8000.0,5.036203384399414,-8.164826393127441,-0.21009120345115664
161,8100.0,4.895544052124023,-8.270171165466309,-0.03112462162971497
162,8200.0,4.895544052124023,-8.270171165466309,-0.03112462162971497
163,8300.0,4.880579948425293,-8.239645004272461,-0.0347159244120121
164,8400.0,4.880579948425293,-8.239645004272461,-0.0347159244120121
165,8500.0,4.763862609863281,-8.324040412902832,-0.10654197633266448
166,8600.0,4.763862609863281,-8.324040412902832,-0.10654197633266448
167,8700.0,4.836885929107666,-8.291719436645508,-0.20769700407981875
168,8800.0,4.836885929107666,-8.291719436645508,-0.20769700407981875
169,8900.0,5.050568580627441,-8.204929351806639,-0.0628477931022644
170,9000.0,4.940435409545898,-8.224082946777344,-0.14604631066322327
171,9100.0,4.940435409545898,-8.224082946777344,-0.14604631066322327
172,9200.0,4.997297286987305,-8.179790496826174,-0.2675520479679108
173,9300.0,4.997297286987305,-8.179790496826174,-0.2675520479679108
174,9400.0,4.748898983001709,-8.344391822814941,-0.1238999366760254
175,9500.0,4.748898983001709,-8.344391822814941,-0.1238999366760254
176,9600.0,4.836885929107666,-8.291719436645508,-0.1173158809542656
177,9700.0,4.836885929107666,-8.291719436645508,-0.1173158809542656
178,9800.0,4.933252811431885,-8.207921981811522,-0.2286462634801865
179,9900.0,5.582679748535156,-7.826046943664551,-0.3627215623855591
180,10000.0,5.582679748535156,-7.826046943664551,-0.3627215623855591
181,10100.0,4.8919525146484375,-8.304886817932129,-0.1604115068912506
182,10200.0,4.8919525146484375,-8.304886817932129,-0.1604115068912506
183,10300.0,4.928464412689209,-8.254609107971191,-0.23163901269435885
184,10400.0,4.928464412689209,-8.254609107971191,-0.23163901269435885
185,10500.0,4.9374423027038565,-8.24622917175293,-0.4399345517158508
186,10600.0,4.9374423027038565,-8.24622917175293,-0.4399345517158508
187,10700.0,4.835689067840576,-8.194155693054201,-0.4967968463897705
188,10800.0,4.835689067840576,-8.194155693054201,-0.4967968463897705
189,10900.0,5.017648220062256,-8.157045364379883,-0.7829039692878723
190,11000.0,4.997896194458008,-8.219294548034668,-0.8313865661621094
191,11100.0,4.997896194458008,-8.219294548034668,-0.8313865661621094
192,11200.0,5.106233596801758,-8.214506149291992,-1.0666168928146362
193,11300.0,5.106233596801758,-8.214506149291992,-1.0666168928146362
194,11400.0,4.74111795425415,-8.360552787780763,-1.061229944229126
195,11500.0,4.74111795425415,-8.360552787780763,-1.061229944229126
196,11600.0,4.6746788024902335,-8.458115577697754,-1.0564415454864502
197,11700.0,4.6746788024902335,-8.458115577697754,-1.0564415454864502
198,11800.0,4.707000732421875,-8.339004516601562,-0.7523778676986694
199,11900.0,5.0272250175476065,-8.088212013244629,-0.8708908557891846
200,10000.0,5.582679748535156,-7.826046943664551,-0.3627215623855591
201,10100.0,4.8919525146484375,-8.304886817932129,-0.1604115068912506
202,10200.0,4.8919525146484375,-8.304886817932129,-0.1604115068912506
203,10300.0,4.928464412689209,-8.254609107971191,-0.23163901269435885
204,10400.0,4.928464412689209,-8.254609107971191,-0.23163901269435885
205,10500.0,4.9374423027038565,-8.24622917175293,-0.4399345517158508
206,10600.0,4.9374423027038565,-8.24622917175293,-0.4399345517158508
207,10700.0,4.835689067840576,-8.194155693054201,-0.4967968463897705
208,10800.0,4.835689067840576,-8.194155693054201,-0.4967968463897705
209,10900.0,5.017648220062256,-8.157045364379883,-0.7829039692878723
210,11000.0,4.997896194458008,-8.219294548034668,-0.8313865661621094
211,11100.0,4.997896194458008,-8.219294548034668,-0.8313865661621094
212,11200.0,5.106233596801758,-8.214506149291992,-1.0666168928146362
213,11300.0,5.106233596801758,-8.214506149291992,-1.0666168928146362
214,11400.0,4.74111795425415,-8.360552787780763,-1.061229944229126
215,11500.0,4.74111795425415,-8.360552787780763,-1.061229944229126
216,11600.0,4.6746788024902335,-8.458115577697754,-1.0564415454864502
217,11700.0,4.6746788024902335,-8.458115577697754,-1.0564415454864502
218,11800.0,4.707000732421875,-8.339004516601562,-0.7523778676986694
219,11900.0,5.0272250175476065,-8.088212013244629,-0.8708908557891846
220,12000.0,5.0272250175476065,-8.088212013244629,-0.8708908557891846
221,12100.0,5.076306343078613,-8.219893455505371,0.0586579404771328
222,12200.0,5.076306343078613,-8.219893455505371,0.0586579404771328
223,12300.0,5.131372928619385,-8.172008514404299,-0.2059013396501541
224,12400.0,5.131372928619385,-8.172008514404299,-0.2059013396501541
225,12500.0,4.927865505218506,-8.204330444335938,-0.4327519536018372
226,12600.0,4.927865505218506,-8.204330444335938,-0.4327519536018372
227,12700.0,5.231330871582031,-8.078635215759277,-0.25079262256622314
228,12800.0,5.011662483215332,-8.093599319458008,-0.2723404467105865
229,12900.0,5.011662483215332,-8.093599319458008,-0.2723404467105865
230,13000.0,5.088875770568848,-8.200140953063965,-0.1256955862045288
231,13100.0,5.088875770568848,-8.200140953063965,-0.1256955862045288
232,13200.0,5.431246757507324,-7.994239330291747,-0.3345896899700165
233,13300.0,5.431246757507324,-7.994239330291747,-0.3345896899700165
234,13400.0,5.495291233062744,-7.745242595672607,-0.08499415963888167
235,13500.0,5.495291233062744,-7.745242595672607,-0.08499415963888167
236,13600.0,5.689221858978272,-7.891887187957764,-0.1041477769613266
237,13700.0,5.500678539276123,-7.848193168640138,-0.2448071241378784
238,13800.0,5.500678539276123,-7.848193168640138,-0.2448071241378784
239,13900.0,5.233126163482666,-8.027758598327638,-0.10235211998224257
240,12000.0,5.0272250175476065,-8.088212013244629,-0.8708908557891846
241,12100.0,5.076306343078613,-8.219893455505371,0.0586579404771328
242,12200.0,5.076306343078613,-8.219893455505371,0.0586579404771328
243,12300.0,5.131372928619385,-8.172008514404299,-0.2059013396501541
244,12400.0,5.131372928619385,-8.172008514404299,-0.2059013396501541
245,12500.0,4.927865505218506,-8.204330444335938,-0.4327519536018372
246,12600.0,4.927865505218506,-8.204330444335938,-0.4327519536018372
247,12700.0,5.231330871582031,-8.078635215759277,-0.25079262256622314
248,12800.0,5.011662483215332,-8.093599319458008,-0.2723404467105865
249,12900.0,5.011662483215332,-8.093599319458008,-0.2723404467105865
250,13000.0,5.088875770568848,-8.200140953063965,-0.1256955862045288
251,13100.0,5.088875770568848,-8.200140953063965,-0.1256955862045288
252,13200.0,5.431246757507324,-7.994239330291747,-0.3345896899700165
253,13300.0,5.431246757507324,-7.994239330291747,-0.3345896899700165
254,13400.0,5.495291233062744,-7.745242595672607,-0.08499415963888167
255,13500.0,5.495291233062744,-7.745242595672607,-0.08499415963888167
256,13600.0,5.689221858978272,-7.891887187957764,-0.1041477769613266
257,13700.0,5.500678539276123,-7.848193168640138,-0.2448071241378784
258,13800.0,5.500678539276123,-7.848193168640138,-0.2448071241378784
259,13900.0,5.233126163482666,-8.027758598327638,-0.10235211998224257
260,14000.0,5.233126163482666,-8.027758598327638,-0.10235211998224257
261,14100.0,5.253477096557617,-7.991246700286865,-0.20290859043598172
262,14200.0,5.253477096557617,-7.991246700286865,-0.20290859043598172
263,14300.0,5.1092262268066415,-8.042721748352049,-0.3513490855693817
264,14400.0,5.1092262268066415,-8.042721748352049,-0.3513490855693817
265,14500.0,5.232527732849121,-8.125920295715332,-0.4267664551734924
266,14600.0,5.516839504241943,-7.871536731719972,-0.6177040338516235
267,14700.0,5.516839504241943,-7.871536731719972,-0.6177040338516235
268,14800.0,5.2444987297058105,-8.064867973327638,-0.31364041566848755
269,14900.0,5.2444987297058105,-8.064867973327638,-0.31364041566848755
270,15000.0,5.254673957824707,-8.020575523376465,-0.5105634927749634
271,15100.0,5.254673957824707,-8.020575523376465,-0.5105634927749634
272,15200.0,5.0930657386779785,-8.158242225646973,-0.5428852438926697
273,15300.0,5.0930657386779785,-8.158242225646973,-0.5428852438926697
274,15400.0,5.368997097015381,-7.9619178771972665,-0.496198296546936
275,15500.0,5.233725070953369,-8.04691219329834,-0.4225766062736511
276,15600.0,5.233725070953369,-8.04691219329834,-0.4225766062736511
277,15700.0,5.125387191772461,-8.103774070739746,-0.4818331003189087
278,15800.0,5.125387191772461,-8.103774070739746,-0.4818331003189087
279,15900.0,5.080495834350586,-8.122329711914062,-0.5494692921638489
280,14000.0,5.233126163482666,-8.027758598327638,-0.10235211998224257
281,14100.0,5.253477096557617,-7.991246700286865,-0.20290859043598172
282,14200.0,5.253477096557617,-7.991246700286865,-0.20290859043598172
283,14300.0,5.1092262268066415,-8.042721748352049,-0.3513490855693817
284,14400.0,5.1092262268066415,-8.042721748352049,-0.3513490855693817
285,14500.0,5.232527732849121,-8.125920295715332,-0.4267664551734924
286,14600.0,5.516839504241943,-7.871536731719972,-0.6177040338516235
287,14700.0,5.516839504241943,-7.871536731719972,-0.6177040338516235
288,14800.0,5.2444987297058105,-8.064867973327638,-0.31364041566848755
289,14900.0,5.2444987297058105,-8.064867973327638,-0.31364041566848755
290,15000.0,5.254673957824707,-8.020575523376465,-0.5105634927749634
291,15100.0,5.254673957824707,-8.020575523376465,-0.5105634927749634
292,15200.0,5.0930657386779785,-8.158242225646973,-0.5428852438926697
293,15300.0,5.0930657386779785,-8.158242225646973,-0.5428852438926697
294,15400.0,5.368997097015381,-7.9619178771972665,-0.496198296546936
295,15500.0,5.233725070953369,-8.04691219329834,-0.4225766062736511
296,15600.0,5.233725070953369,-8.04691219329834,-0.4225766062736511
297,15700.0,5.125387191772461,-8.103774070739746,-0.4818331003189087
298,15800.0,5.125387191772461,-8.103774070739746,-0.4818331003189087
299,15900.0,5.080495834350586,-8.122329711914062,-0.5494692921638489
300,16000.0,5.080495834350586,-8.122329711914062,-0.5494692921638489
301,16100.0,5.19481897354126,-8.08043098449707,-0.5758054852485657
302,16200.0,5.19481897354126,-8.08043098449707,-0.5758054852485657
303,16300.0,5.173271179199219,-8.051101684570312,-0.5225345492362976
304,16400.0,5.163694381713867,-8.051700592041017,-0.4782418012619018
305,16500.0,5.163694381713867,-8.051700592041017,-0.4782418012619018
306,16600.0,5.139153957366943,-8.141483306884767,-0.3944447338581085
307,16700.0,5.139153957366943,-8.141483306884767,-0.3944447338581085
308,16800.0,5.330689907073975,-7.987655639648437,-0.497395396232605
309,16900.0,5.330689907073975,-7.987655639648437,-0.497395396232605
310,17000.0,5.261856555938722,-8.001421928405763,-0.4584896266460418
311,17100.0,5.261856555938722,-8.001421928405763,-0.4584896266460418
312,17200.0,5.142146587371826,-8.050502777099611,-0.5416881442070007
313,17300.0,5.282805919647217,-8.012195587158201,-0.4315548539161682
314,17400.0,5.282805919647217,-8.012195587158201,-0.4315548539161682
315,17500.0,5.368997097015381,-7.952341079711914,-0.3824737071990967
316,17600.0,5.368997097015381,-7.952341079711914,-0.3824737071990967
317,17700.0,5.1367597579956055,-8.069058418273926,-0.3746925592422485
318,17800.0,5.1367597579956055,-8.069058418273926,-0.3746925592422485
319,17900.0,5.386355400085449,-7.95712947845459,-0.4273650050163269
320,16000.0,5.080495834350586,-8.122329711914062,-0.5494692921638489
321,16100.0,5.19481897354126,-8.08043098449707,-0.5758054852485657
322,16200.0,5.19481897354126,-8.08043098449707,-0.5758054852485657
323,16300.0,5.173271179199219,-8.051101684570312,-0.5225345492362976
324,16400.0,5.163694381713867,-8.051700592041017,-0.4782418012619018
325,16500.0,5.163694381713867,-8.051700592041017,-0.4782418012619018
326,16600.0,5.139153957366943,-8.141483306884767,-0.3944447338581085
327,16700.0,5.139153957366943,-8.141483306884767,-0.3944447338581085
328,16800.0,5.330689907073975,-7.987655639648437,-0.497395396232605
329,16900.0,5.330689907073975,-7.987655639648437,-0.497395396232605
330,17000.0,5.261856555938722,-8.001421928405763,-0.4584896266460418
331,17100.0,5.261856555938722,-8.001421928405763,-0.4584896266460418
332,17200.0,5.142146587371826,-8.050502777099611,-0.5416881442070007
333,17300.0,5.282805919647217,-8.012195587158201,-0.4315548539161682
334,17400.0,5.282805919647217,-8.012195587158201,-0.4315548539161682
335,17500.0,5.368997097015381,-7.952341079711914,-0.3824737071990967
336,17600.0,5.368997097015381,-7.952341079711914,-0.3824737071990967
337,17700.0,5.1367597579956055,-8.069058418273926,-0.3746925592422485
338,17800.0,5.1367597579956055,-8.069058418273926,-0.3746925592422485
339,17900.0,5.386355400085449,-7.95712947845459,-0.4273650050163269
340,18000.0,5.386355400085449,-7.95712947845459,-0.4273650050163269
341,18100.0,5.221155166625977,-8.039131164550781,-0.30945056676864624
342,18200.0,5.274426460266113,-8.046313285827638,-0.35254621505737305
343,18300.0,5.274426460266113,-8.046313285827638,-0.35254621505737305
344,18400.0,5.1804537773132315,-8.075642585754395,-0.3046621680259705
345,18500.0,5.1804537773132315,-8.075642585754395,-0.3046621680259705
346,18600.0,5.19362211227417,-8.084620475769043,-0.4016273319721222
347,18700.0,5.19362211227417,-8.084620475769043,-0.4016273319721222
348,18800.0,5.163095951080322,-8.097189903259277,-0.395043283700943
349,18900.0,5.163095951080322,-8.097189903259277,-0.395043283700943
350,19000.0,5.337872505187988,-7.979275703430176,-0.38367083668708796
351,19100.0,5.261258125305176,-8.047510147094728,-0.33937808871269226
352,19200.0,5.261258125305176,-8.047510147094728,-0.33937808871269226
353,19300.0,5.148730754852295,-8.143278121948242,-0.2711433470249176
354,19400.0,5.148730754852295,-8.143278121948242,-0.2711433470249176
355,19500.0,5.359420299530028,-7.999626636505128,-0.4082113802433014
356,19600.0,5.359420299530028,-7.999626636505128,-0.4082113802433014
357,19700.0,5.188235282897949,-8.085219383239746,-0.43754035234451294
358,19800.0,5.188235282897949,-8.085219383239746,-0.43754035234451294
359,19900.0,5.199607372283936,-8.13669490814209,-0.2968810200691223
360,18000.0,5.386355400085449,-7.95712947845459,-0.4273650050163269
361,18100.0,5.221155166625977,-8.039131164550781,-0.30945056676864624
362,18200.0,5.274426460266113,-8.046313285827638,-0.35254621505737305
363,18300.0,5.274426460266113,-8.046313285827638,-0.35254621505737305
364,18400.0,5.1804537773132315,-8.075642585754395,-0.3046621680259705
365,18500.0,5.1804537773132315,-8.075642585754395,-0.3046621680259705
366,18600.0,5.19362211227417,-8.084620475769043,-0.4016273319721222
367,18700.0,5.19362211227417,-8.084620475769043,-0.4016273319721222
368,18800.0,5.163095951080322,-8.097189903259277,-0.395043283700943
369,18900.0,5.163095951080322,-8.097189903259277,-0.395043283700943
370,19000.0,5.337872505187988,-7.979275703430176,-0.38367083668708796
371,19100.0,5.261258125305176,-8.047510147094728,-0.33937808871269226
372,19200.0,5.261258125305176,-8.047510147094728,-0.33937808871269226
373,19300.0,5.148730754852295,-8.143278121948242,-0.2711433470249176
374,19400.0,5.148730754852295,-8.143278121948242,-0.2711433470249176
375,19500.0,5.359420299530028,-7.999626636505128,-0.4082113802433014
376,19600.0,5.359420299530028,-7.999626636505128,-0.4082113802433014
377,19700.0,5.188235282897949,-8.085219383239746,-0.43754035234451294
378,19800.0,5.188235282897949,-8.085219383239746,-0.43754035234451294
379,19900.0,5.199607372283936,-8.13669490814209,-0.2968810200691223
380,20000.0,5.337872505187988,-7.935581684112549,-0.41778820753097534
381,20100.0,5.337872505187988,-7.935581684112549,-0.41778820753097534
382,20200.0,5.151723384857178,-8.145672798156737,-0.3178302645683289
383,20300.0,5.151723384857178,-8.145672798156737,-0.3178302645683289
384,20400.0,5.232527732849121,-8.055890083312987,-0.4004302322864533
385,20500.0,5.232527732849121,-8.055890083312987,-0.4004302322864533
386,20600.0,5.146336555480957,-8.069058418273926,-0.4584896266460418
387,20700.0,5.146336555480957,-8.069058418273926,-0.4584896266460418
388,20800.0,5.3133320808410645,-7.9385743141174325,-0.3621230125427246
389,20900.0,5.212775707244873,-8.121730804443361,-0.3357867896556854
390,21000.0,5.212775707244873,-8.121730804443361,-0.3357867896556854
391,21100.0,5.252878665924072,-8.014590263366701,-0.4010287821292877
392,21200.0,5.252878665924072,-8.014590263366701,-0.4010287821292877
393,21300.0,5.225943565368652,-8.016386032104492,-0.507570743560791
394,21400.0,5.225943565368652,-8.016386032104492,-0.507570743560791
395,21500.0,5.327697277069092,-7.948151111602782,-0.4578910768032074
396,21600.0,5.327697277069092,-7.948151111602782,-0.4578910768032074
397,21700.0,5.228936672210693,-8.071452140808105,-0.3645172119140625
398,21800.0,5.249885559082031,-8.031948089599611,-0.3621230125427246
399,21900.0,5.249885559082031,-8.031948089599611,-0.3621230125427246
400,20000.0,5.337872505187988,-7.935581684112549,-0.41778820753097534
401,20100.0,5.337872505187988,-7.935581684112549,-0.41778820753097534
402,20200.0,5.151723384857178,-8.145672798156737,-0.3178302645683289
403,20300.0,5.151723384857178,-8.145672798156737,-0.3178302645683289
404,20400.0,5.232527732849121,-8.055890083312987,-0.4004302322864533
405,20500.0,5.232527732849121,-8.055890083312987,-0.4004302322864533
406,20600.0,5.146336555480957,-8.069058418273926,-0.4584896266460418
407,20700.0,5.146336555480957,-8.069058418273926,-0.4584896266460418
408,20800.0,5.3133320808410645,-7.9385743141174325,-0.3621230125427246
409,20900.0,5.212775707244873,-8.121730804443361,-0.3357867896556854
410,21000.0,5.212775707244873,-8.121730804443361,-0.3357867896556854
411,21100.0,5.252878665924072,-8.014590263366701,-0.4010287821292877
412,21200.0,5.252878665924072,-8.014590263366701,-0.4010287821292877
413,21300.0,5.225943565368652,-8.016386032104492,-0.507570743560791
414,21400.0,5.225943565368652,-8.016386032104492,-0.507570743560791
415,21500.0,5.327697277069092,-7.948151111602782,-0.4578910768032074
416,21600.0,5.327697277069092,-7.948151111602782,-0.4578910768032074
417,21700.0,5.228936672210693,-8.071452140808105,-0.3645172119140625
418,21800.0,5.249885559082031,-8.031948089599611,-0.3621230125427246
419,21900.0,5.249885559082031,-8.031948089599611,-0.3621230125427246
420,22000.0,5.295974254608153,-8.017582893371582,-0.41778820753097534
421,22100.0,5.295974254608153,-8.017582893371582,-0.41778820753097534
422,22200.0,5.124190330505371,-8.131906509399414,-0.34656068682670593
423,22300.0,5.124190330505371,-8.131906509399414,-0.34656068682670593
424,22400.0,5.264849662780762,-8.085817337036133,-0.3884592354297638
425,22500.0,5.264849662780762,-8.085817337036133,-0.3884592354297638
426,22600.0,5.292981624603272,-7.990049839019775,-0.37828385829925537
427,22700.0,5.0721163749694815,-8.131307601928711,-0.31364041566848755
428,22800.0,5.0721163749694815,-8.131307601928711,-0.31364041566848755
429,22900.0,5.2439002990722665,-7.954735279083253,-0.3974374830722809
430,23000.0,5.2439002990722665,-7.954735279083253,-0.3974374830722809
431,23100.0,5.186439514160156,-8.032546997070312,-0.284311443567276
432,23200.0,5.186439514160156,-8.032546997070312,-0.284311443567276
433,23300.0,5.096656799316406,-8.127716064453125,-0.454898327589035
434,23400.0,5.096656799316406,-8.127716064453125,-0.454898327589035
435,23500.0,5.239710330963135,-8.02656078338623,-0.4794389009475708
436,23600.0,5.094262599945068,-8.122927665710451,-0.4429273009300232
437,23700.0,5.094262599945068,-8.122927665710451,-0.4429273009300232
438,23800.0,5.430647850036621,-7.969100475311278,-0.3250128924846649
439,23900.0,5.430647850036621,-7.969100475311278,-0.3250128924846649
440,22000.0,5.295974254608153,-8.017582893371582,-0.41778820753097534
441,22100.0,5.295974254608153,-8.017582893371582,-0.41778820753097534
442,22200.0,5.124190330505371,-8.131906509399414,-0.34656068682670593
443,22300.0,5.124190330505371,-8.131906509399414,-0.34656068682670593
444,22400.0,5.264849662780762,-8.085817337036133,-0.3884592354297638
445,22500.0,5.264849662780762,-8.085817337036133,-0.3884592354297638
446,22600.0,5.292981624603272,-7.990049839019775,-0.37828385829925537
447,22700.0,5.0721163749694815,-8.131307601928711,-0.31364041566848755
448,22800.0,5.0721163749694815,-8.131307601928711,-0.31364041566848755
449,22900.0,5.2439002990722665,-7.954735279083253,-0.3974374830722809
450,23000.0,5.2439002990722665,-7.954735279083253,-0.3974374830722809
451,23100.0,5.186439514160156,-8.032546997070312,-0.284311443567276
452,23200.0,5.186439514160156,-8.032546997070312,-0.284311443567276
453,23300.0,5.096656799316406,-8.127716064453125,-0.454898327589035
454,23400.0,5.096656799316406,-8.127716064453125,-0.454898327589035
455,23500.0,5.239710330963135,-8.02656078338623,-0.4794389009475708
456,23600.0,5.094262599945068,-8.122927665710451,-0.4429273009300232
457,23700.0,5.094262599945068,-8.122927665710451,-0.4429273009300232
458,23800.0,5.430647850036621,-7.969100475311278,-0.3250128924846649
459,23900.0,5.430647850036621,-7.969100475311278,-0.3250128924846649
460,24000.0,5.188833713531494,-8.074444770812987,-0.3711012601852417
461,24100.0,5.188833713531494,-8.074444770812987,-0.3711012601852417
462,24200.0,5.217564105987549,-8.146869659423826,-0.2298433631658554
463,24300.0,5.217564105987549,-8.146869659423826,-0.2298433631658554
464,24400.0,5.426458358764648,-7.993640899658202,-0.4010287821292877
465,24500.0,4.724358558654785,-8.338405609130861,-0.1191115379333496
466,24600.0,4.724358558654785,-8.338405609130861,-0.1191115379333496
467,24700.0,5.225943565368652,-7.844003200531006,-0.4076128304004669
468,24800.0,5.225943565368652,-7.844003200531006,-0.4076128304004669
469,24900.0,4.999093055725098,-8.091204643249513,-0.333991140127182
470,25000.0,4.999093055725098,-8.091204643249513,-0.333991140127182
471,25100.0,5.246294498443604,-8.020575523376465,-0.4435258507728577
472,25200.0,5.246294498443604,-8.020575523376465,-0.4435258507728577
473,25300.0,5.181052684783936,-8.079832077026367,-0.3621230125427246
474,25400.0,5.175665378570557,-8.118738174438478,-0.2555810213088989
475,25500.0,5.175665378570557,-8.118738174438478,-0.2555810213088989
476,25600.0,5.237316131591797,-8.005612373352049,-0.4572925269603729
477,25700.0,5.237316131591797,-8.005612373352049,-0.4572925269603729
478,25800.0,5.258265495300293,-8.031948089599611,-0.4902127981185913
479,25900.0,5.258265495300293,-8.031948089599611,-0.4902127981185913
480,24000.0,5.188833713531494,-8.074444770812987,-0.3711012601852417
481,24100.0,5.188833713531494,-8.074444770812987,-0.3711012601852417
482,24200.0,5.217564105987549,-8.146869659423826,-0.2298433631658554
483,24300.0,5.217564105987549,-8.146869659423826,-0.2298433631658554
484,24400.0,5.426458358764648,-7.993640899658202,-0.4010287821292877
485,24500.0,4.724358558654785,-8.338405609130861,-0.1191115379333496
486,24600.0,4.724358558654785,-8.338405609130861,-0.1191115379333496
487,24700.0,5.225943565368652,-7.844003200531006,-0.4076128304004669
488,24800.0,5.225943565368652,-7.844003200531006,-0.4076128304004669
489,24900.0,4.999093055725098,-8.091204643249513,-0.333991140127182
490,25000.0,4.999093055725098,-8.091204643249513,-0.333991140127182
491,25100.0,5.246294498443604,-8.020575523376465,-0.4435258507728577
492,25200.0,5.246294498443604,-8.020575523376465,-0.4435258507728577
493,25300.0,5.181052684783936,-8.079832077026367,-0.3621230125427246
494,25400.0,5.175665378570557,-8.118738174438478,-0.2555810213088989
495,25500.0,5.175665378570557,-8.118738174438478,-0.2555810213088989
496,25600.0,5.237316131591797,-8.005612373352049,-0.4572925269603729
497,25700.0,5.237316131591797,-8.005612373352049,-0.4572925269603729
498,25800.0,5.258265495300293,-8.031948089599611,-0.4902127981185913
499,25900.0,5.258265495300293,-8.031948089599611,-0.4902127981185913
500,26000.0,5.14813232421875,-8.125920295715332,-0.27054479718208313
501,26100.0,5.14813232421875,-8.125920295715332,-0.27054479718208313
502,26200.0,5.262455463409424,-8.060079574584961,-0.4237737059593201
503,26300.0,5.3145294189453125,-7.999027729034424,-0.3902548849582672
504,26400.0,5.3145294189453125,-7.999027729034424,-0.3902548849582672
505,26500.0,5.0912699699401855,-8.162431716918945,-0.2436100244522095
506,26600.0,5.0912699699401855,-8.162431716918945,-0.2436100244522095
507,26700.0,5.249287128448486,-8.057086944580076,-0.3645172119140625
508,26800.0,5.249287128448486,-8.057086944580076,-0.3645172119140625
509,26900.0,5.243301868438722,-8.075043678283691,-0.4513070285320282
510,27000.0,5.243301868438722,-8.075043678283691,-0.4513070285320282
511,27100.0,5.1152119636535645,-8.161234855651855,-0.2412158250808716
512,27200.0,5.112817764282227,-8.149862289428711,-0.30705636739730835
513,27300.0,5.112817764282227,-8.149862289428711,-0.30705636739730835
514,27400.0,5.235520362854004,-8.071452140808105,-0.4088099300861359
515,27500.0,5.235520362854004,-8.071452140808105,-0.4088099300861359
516,27600.0,5.19362211227417,-8.062474250793457,-0.3274070918560028
517,27700.0,5.19362211227417,-8.062474250793457,-0.3274070918560028
518,27800.0,5.152920722961426,-8.085817337036133,-0.4423287510871887
519,27900.0,5.152920722961426,-8.085817337036133,-0.4423287510871887
520,26000.0,5.14813232421875,-8.125920295715332,-0.27054479718208313
521,26100.0,5.14813232421875,-8.125920295715332,-0.27054479718208313
522,26200.0,5.262455463409424,-8.060079574584961,-0.4237737059593201
523,26300.0,5.3145294189453125,-7.999027729034424,-0.3902548849582672
524,26400.0,5.3145294189453125,-7.999027729034424,-0.3902548849582672
525,26500.0,5.0912699699401855,-8.162431716918945,-0.2436100244522095
526,26600.0,5.0912699699401855,-8.162431716918945,-0.2436100244522095
527,26700.0,5.249287128448486,-8.057086944580076,-0.3645172119140625
528,26800.0,5.249287128448486,-8.057086944580076,-0.3645172119140625
529,26900.0,5.243301868438722,-8.075043678283691,-0.4513070285320282
530,27000.0,5.243301868438722,-8.075043678283691,-0.4513070285320282
531,27100.0,5.1152119636535645,-8.161234855651855,-0.2412158250808716
532,27200.0,5.112817764282227,-8.149862289428711,-0.30705636739730835
533,27300.0,5.112817764282227,-8.149862289428711,-0.30705636739730835
534,27400.0,5.235520362854004,-8.071452140808105,-0.4088099300861359
535,27500.0,5.235520362854004,-8.071452140808105,-0.4088099300861359
536,27600.0,5.19362211227417,-8.062474250793457,-0.3274070918560028
537,27700.0,5.19362211227417,-8.062474250793457,-0.3274070918560028
538,27800.0,5.152920722961426,-8.085817337036133,-0.4423287510871887
539,27900.0,5.152920722961426,-8.085817337036133,-0.4423287510871887
540,28000.0,5.2229509353637695,-8.055291175842285,-0.3298012912273407
541,28100.0,5.217564105987549,-8.101380348205566,-0.17836803197860718
542,28200.0,5.217564105987549,-8.101380348205566,-0.17836803197860718
543,28300.0,5.189432144165039,-8.073846817016603,-0.3256114423274994
544,28400.0,5.189432144165039,-8.073846817016603,-0.3256114423274994
545,28500.0,5.105635166168213,-8.114547729492188,-0.3812766075134277
546,28600.0,5.105635166168213,-8.114547729492188,-0.3812766075134277
547,28700.0,5.099050998687744,-8.146869659423826,-0.3387795388698578
548,28800.0,5.099050998687744,-8.146869659423826,-0.3387795388698578
549,28900.0,5.140949726104736,-8.113949775695799,-0.24001872539520264
550,29000.0,5.13735818862915,-8.11634349822998,-0.23343466222286224
551,29100.0,5.13735818862915,-8.11634349822998,-0.23343466222286224
552,29200.0,5.141548156738281,-8.158242225646973,-0.2914940714836121
553,29300.0,5.141548156738281,-8.158242225646973,-0.2914940714836121
554,29400.0,5.215768337249756,-8.095394134521483,-0.2657563984394073
555,29500.0,5.215768337249756,-8.095394134521483,-0.2657563984394073
556,29600.0,5.232527732849121,-8.095394134521483,-0.2489969730377197
557,29700.0,5.232527732849121,-8.095394134521483,-0.2489969730377197
558,29800.0,5.119401931762695,-8.072051048278809,-0.3046621680259705
559,29900.0,5.295974254608153,-8.016983985900879,-0.17178396880626678
560,28000.0,5.2229509353637695,-8.055291175842285,-0.3298012912273407
561,28100.0,5.217564105987549,-8.101380348205566,-0.17836803197860718
562,28200.0,5.217564105987549,-8.101380348205566,-0.17836803197860718
563,28300.0,5.189432144165039,-8.073846817016603,-0.3256114423274994
564,28400.0,5.189432144165039,-8.073846817016603,-0.3256114423274994
565,28500.0,5.105635166168213,-8.114547729492188,-0.3812766075134277
566,28600.0,5.105635166168213,-8.114547729492188,-0.3812766075134277
567,28700.0,5.099050998687744,-8.146869659423826,-0.3387795388698578
568,28800.0,5.099050998687744,-8.146869659423826,-0.3387795388698578
569,28900.0,5.140949726104736,-8.113949775695799,-0.24001872539520264
570,29000.0,5.13735818862915,-8.11634349822998,-0.23343466222286224
571,29100.0,5.13735818862915,-8.11634349822998,-0.23343466222286224
572,29200.0,5.141548156738281,-8.158242225646973,-0.2914940714836121
573,29300.0,5.141548156738281,-8.158242225646973,-0.2914940714836121
574,29400.0,5.215768337249756,-8.095394134521483,-0.2657563984394073
575,29500.0,5.215768337249756,-8.095394134521483,-0.2657563984394073
576,29600.0,5.232527732849121,-8.095394134521483,-0.2489969730377197
577,29700.0,5.232527732849121,-8.095394134521483,-0.2489969730377197
578,29800.0,5.119401931762695,-8.072051048278809,-0.3046621680259705
579,29900.0,5.295974254608153,-8.016983985900879,-0.17178396880626678
580,30000.0,5.295974254608153,-8.016983985900879,-0.17178396880626678
581,30100.0,5.1804537773132315,-8.040328025817871,-0.17178396880626678
582,30200.0,5.1804537773132315,-8.040328025817871,-0.17178396880626678
583,30300.0,5.301361083984375,-7.9637131690979,-0.2064998894929886
584,30400.0,5.301361083984375,-7.9637131690979,-0.2064998894929886
585,30500.0,5.2696380615234375,-8.052897453308105,-0.166995570063591
586,30600.0,5.2696380615234375,-8.052897453308105,-0.166995570063591
587,30700.0,5.3348798751831055,-8.001421928405763,-0.10175357013940813
588,30800.0,5.3348798751831055,-8.001421928405763,-0.10175357013940813
589,30900.0,5.265448093414307,-8.040925979614258,-0.262763649225235
590,31000.0,4.99669885635376,-8.180987358093263,-0.34596213698387146
591,31100.0,4.99669885635376,-8.180987358093263,-0.34596213698387146
592,31200.0,4.957194805145264,-8.183979988098145,-0.4118026793003082
593,31300.0,4.957194805145264,-8.183979988098145,-0.4118026793003082
594,31400.0,4.854842662811278,-8.217498779296875,-0.585382342338562
595,31500.0,4.854842662811278,-8.217498779296875,-0.585382342338562
596,31600.0,4.808753967285156,-8.286332130432129,-0.6320692300796509
597,31700.0,4.808753967285156,-8.286332130432129,-0.6320692300796509
598,31800.0,4.705204963684082,-8.456918716430664,-0.8672995567321777
599,31900.0,4.4508209228515625,-8.514379501342772,-0.8792705535888672
600,30000.0,5.295974254608153,-8.016983985900879,-0.17178396880626678
601,30100.0,5.1804537773132315,-8.040328025817871,-0.17178396880626678
602,30200.0,5.1804537773132315,-8.040328025817871,-0.17178396880626678
603,30300.0,5.301361083984375,-7.9637131690979,-0.2064998894929886
604,30400.0,5.301361083984375,-7.9637131690979,-0.2064998894929886
605,30500.0,5.2696380615234375,-8.052897453308105,-0.166995570063591
606,30600.0,5.2696380615234375,-8.052897453308105,-0.166995570063591
607,30700.0,5.3348798751831055,-8.001421928405763,-0.10175357013940813
608,30800.0,5.3348798751831055,-8.001421928405763,-0.10175357013940813
609,30900.0,5.265448093414307,-8.040925979614258,-0.262763649225235
610,31000.0,4.99669885635376,-8.180987358093263,-0.34596213698387146
611,31100.0,4.99669885635376,-8.180987358093263,-0.34596213698387146
612,31200.0,4.957194805145264,-8.183979988098145,-0.4118026793003082
613,31300.0,4.957194805145264,-8.183979988098145,-0.4118026793003082
614,31400.0,4.854842662811278,-8.217498779296875,-0.585382342338562
615,31500.0,4.854842662811278,-8.217498779296875,-0.585382342338562
616,31600.0,4.808753967285156,-8.286332130432129,-0.6320692300796509
617,31700.0,4.808753967285156,-8.286332130432129,-0.6320692300796509
618,31800.0,4.705204963684082,-8.456918716430664,-0.8672995567321777
619,31900.0,4.4508209228515625,-8.514379501342772,-0.8792705535888672
620,32000.0,4.4508209228515625,-8.514379501342772,-0.8792705535888672
621,32100.0,4.456207752227783,-8.608950614929201,-0.5656301379203796
622,32200.0,4.456207752227783,-8.608950614929201,-0.5656301379203796
623,32300.0,4.455010890960693,-8.604761123657228,-0.6482301354408264
624,32400.0,4.455010890960693,-8.604761123657228,-0.6482301354408264
625,32500.0,5.125985622406006,-8.20732307434082,-0.7003039717674255
626,32600.0,5.125985622406006,-8.20732307434082,-0.7003039717674255
627,32700.0,5.587468147277832,-7.8308353424072275,-0.3058592677116394
628,32800.0,4.777629375457764,-8.284536361694336,-0.11133038252592088
629,32900.0,4.777629375457764,-8.284536361694336,-0.11133038252592088
630,33000.0,5.2031989097595215,-8.122329711914062,-0.3938461840152741
631,33100.0,5.2031989097595215,-8.122329711914062,-0.3938461840152741
632,33200.0,5.427056789398193,-7.927201747894287,-0.272938996553421
633,33300.0,5.427056789398193,-7.927201747894287,-0.272938996553421
634,33400.0,4.614823818206787,-8.401852607727049,-0.4770447015762329
635,33500.0,4.614823818206787,-8.401852607727049,-0.4770447015762329
636,33600.0,5.631761074066162,-7.897274494171143,-0.5105634927749634
637,33700.0,5.365406036376953,-7.93019437789917,-0.2106897532939911
638,33800.0,5.365406036376953,-7.93019437789917,-0.2106897532939911
639,33900.0,5.167884349822998,-7.645284652709961,-0.12928688526153564
640,32000.0,4.4508209228515625,-8.514379501342772,-0.8792705535888672
641,32100.0,4.456207752227783,-8.608950614929201,-0.5656301379203796
642,32200.0,4.456207752227783,-8.608950614929201,-0.5656301379203796
643,32300.0,4.455010890960693,-8.604761123657228,-0.6482301354408264
644,32400.0,4.455010890960693,-8.604761123657228,-0.6482301354408264
645,32500.0,5.125985622406006,-8.20732307434082,-0.7003039717674255
646,32600.0,5.125985622406006,-8.20732307434082,-0.7003039717674255
647,32700.0,5.587468147277832,-7.8308353424072275,-0.3058592677116394
648,32800.0,4.777629375457764,-8.284536361694336,-0.11133038252592088
649,32900.0,4.777629375457764,-8.284536361694336,-0.11133038252592088
650,33000.0,5.2031989097595215,-8.122329711914062,-0.3938461840152741
651,33100.0,5.2031989097595215,-8.122329711914062,-0.3938461840152741
652,33200.0,5.427056789398193,-7.927201747894287,-0.272938996553421
653,33300.0,5.427056789398193,-7.927201747894287,-0.272938996553421
654,33400.0,4.614823818206787,-8.401852607727049,-0.4770447015762329
655,33500.0,4.614823818206787,-8.401852607727049,-0.4770447015762329
656,33600.0,5.631761074066162,-7.897274494171143,-0.5105634927749634
657,33700.0,5.365406036376953,-7.93019437789917,-0.2106897532939911
658,33800.0,5.365406036376953,-7.93019437789917,-0.2106897532939911
659,33900.0,5.167884349822998,-7.645284652709961,-0.12928688526153564
660,34000.0,5.167884349822998,-7.645284652709961,-0.12928688526153564
661,34100.0,5.8897361755371085,-7.19936466217041,-0.9331400990486144
662,34200.0,5.8897361755371085,-7.19936466217041,-0.9331400990486144
663,34300.0,4.955399036407472,-8.020575523376465,0.4979939460754394
664,34400.0,4.955399036407472,-8.020575523376465,0.4979939460754394
665,34500.0,5.464166641235352,-7.8511857986450195,0.5901707410812378
666,34600.0,4.9374423027038565,-8.195352554321289,0.36571431159973145
667,34700.0,4.9374423027038565,-8.195352554321289,0.36571431159973145
668,34800.0,4.843470096588135,-8.24383544921875,0.2795230448246002
669,34900.0,4.843470096588135,-8.24383544921875,0.2795230448246002
670,35000.0,5.0523643493652335,-8.183381080627441,0.4333505034446716
671,35100.0,5.0523643493652335,-8.183381080627441,0.4333505034446716
672,35200.0,5.017648220062256,-8.192957878112793,0.4165911078453064
673,35300.0,5.017648220062256,-8.192957878112793,0.4165911078453064
674,35400.0,4.944624900817871,-8.154650688171388,0.517746090888977
675,35500.0,5.122992992401123,-8.107365608215332,0.3561375141143799
676,35600.0,5.122992992401123,-8.107365608215332,0.3561375141143799
677,35700.0,5.117606163024902,-8.158242225646973,0.6709750294685364
678,35800.0,5.117606163024902,-8.158242225646973,0.6709750294685364
679,35900.0,5.0876784324646,-8.13789176940918,0.524330198764801
680,34000.0,5.167884349822998,-7.645284652709961,-0.12928688526153564
681,34100.0,5.8897361755371085,-7.19936466217041,-0.9331400990486144
682,34200.0,5.8897361755371085,-7.19936466217041,-0.9331400990486144
683,34300.0,4.955399036407472,-8.020575523376465,0.4979939460754394
684,34400.0,4.955399036407472,-8.020575523376465,0.4979939460754394
685,34500.0,5.464166641235352,-7.8511857986450195,0.5901707410812378
686,34600.0,4.9374423027038565,-8.195352554321289,0.36571431159973145
687,34700.0,4.9374423027038565,-8.195352554321289,0.36571431159973145
688,34800.0,4.843470096588135,-8.24383544921875,0.2795230448246002
689,34900.0,4.843470096588135,-8.24383544921875,0.2795230448246002
690,35000.0,5.0523643493652335,-8.183381080627441,0.4333505034446716
691,35100.0,5.0523643493652335,-8.183381080627441,0.4333505034446716
692,35200.0,5.017648220062256,-8.192957878112793,0.4165911078453064
693,35300.0,5.017648220062256,-8.192957878112793,0.4165911078453064
694,35400.0,4.944624900817871,-8.154650688171388,0.517746090888977
695,35500.0,5.122992992401123,-8.107365608215332,0.3561375141143799
696,35600.0,5.122992992401123,-8.107365608215332,0.3561375141143799
697,35700.0,5.117606163024902,-8.158242225646973,0.6709750294685364
698,35800.0,5.117606163024902,-8.158242225646973,0.6709750294685364
699,35900.0,5.0876784324646,-8.13789176940918,0.524330198764801
700,36000.0,5.0876784324646,-8.13789176940918,0.524330198764801
701,36100.0,4.954800605773926,-8.149862289428711,0.5422866940498352
702,36200.0,4.954800605773926,-8.149862289428711,0.5422866940498352
703,36300.0,4.935647010803223,-8.215703010559082,0.3561375141143799
704,36400.0,4.940435409545898,-8.160037994384767,0.4171896576881409
705,36500.0,4.940435409545898,-8.160037994384767,0.4171896576881409
706,36600.0,4.95001220703125,-8.15524959564209,0.3477577865123749
707,36700.0,4.95001220703125,-8.15524959564209,0.3477577865123749
708,36800.0,5.058948040008545,-8.15644645690918,0.4189853072166443
709,36900.0,5.058948040008545,-8.15644645690918,0.4189853072166443
710,37000.0,5.024232387542725,-8.183979988098145,0.4141969084739685
711,37100.0,5.024232387542725,-8.183979988098145,0.4141969084739685
712,37200.0,5.127182960510254,-8.197746276855469,0.4824316501617432
713,37300.0,5.229535102844238,-8.04930591583252,0.3711012601852417
714,37400.0,5.229535102844238,-8.04930591583252,0.3711012601852417
715,37500.0,4.8602294921875,-8.248024940490723,0.5039794445037842
716,37600.0,4.8602294921875,-8.248024940490723,0.5039794445037842
717,37700.0,5.014655590057373,-8.177994728088379,0.3483563363552093
718,37800.0,5.014655590057373,-8.177994728088379,0.3483563363552093
719,37900.0,4.985326290130615,-8.185176849365233,0.3274070918560028
720,36000.0,5.0876784324646,-8.13789176940918,0.524330198764801
721,36100.0,4.954800605773926,-8.149862289428711,0.5422866940498352
722,36200.0,4.954800605773926,-8.149862289428711,0.5422866940498352
723,36300.0,4.935647010803223,-8.215703010559082,0.3561375141143799
724,36400.0,4.940435409545898,-8.160037994384767,0.4171896576881409
725,36500.0,4.940435409545898,-8.160037994384767,0.4171896576881409
726,36600.0,4.95001220703125,-8.15524959564209,0.3477577865123749
727,36700.0,4.95001220703125,-8.15524959564209,0.3477577865123749
728,36800.0,5.058948040008545,-8.15644645690918,0.4189853072166443
729,36900.0,5.058948040008545,-8.15644645690918,0.4189853072166443
730,37000.0,5.024232387542725,-8.183979988098145,0.4141969084739685
731,37100.0,5.024232387542725,-8.183979988098145,0.4141969084739685
732,37200.0,5.127182960510254,-8.197746276855469,0.4824316501617432
733,37300.0,5.229535102844238,-8.04930591583252,0.3711012601852417
734,37400.0,5.229535102844238,-8.04930591583252,0.3711012601852417
735,37500.0,4.8602294921875,-8.248024940490723,0.5039794445037842
736,37600.0,4.8602294921875,-8.248024940490723,0.5039794445037842
737,37700.0,5.014655590057373,-8.177994728088379,0.3483563363552093
738,37800.0,5.014655590057373,-8.177994728088379,0.3483563363552093
739,37900.0,4.985326290130615,-8.185176849365233,0.3274070918560028
740,38000.0,4.985326290130615,-8.185176849365233,0.3274070918560028
741,38100.0,4.946420669555664,-8.24742603302002,0.3693056106567383
742,38200.0,5.0721163749694815,-8.098387718200684,0.4369418025016785
743,38300.0,5.0721163749694815,-8.098387718200684,0.4369418025016785
744,38400.0,5.1092262268066415,-8.133103370666504,0.4770447015762329
745,38500.0,5.1092262268066415,-8.133103370666504,0.4770447015762329
746,38600.0,4.9380412101745605,-8.208520889282228,0.32441434264183044
747,38700.0,4.9380412101745605,-8.208520889282228,0.32441434264183044
748,38800.0,5.16010332107544,-8.071452140808105,0.3519476354122162
749,38900.0,5.16010332107544,-8.071452140808105,0.3519476354122162
750,39000.0,4.976348400115967,-8.26119327545166,0.4405331015586853
751,39100.0,4.9823336601257315,-8.216899871826174,0.4034229815006256
752,39200.0,4.9823336601257315,-8.216899871826174,0.4034229815006256
753,39300.0,4.961384296417236,-8.274959564208983,0.5027823448181152
754,39400.0,4.961384296417236,-8.274959564208983,0.5027823448181152
755,39500.0,5.008071422576903,-8.172607421875,0.3214215636253357
756,39600.0,5.008071422576903,-8.172607421875,0.3214215636253357
757,39700.0,4.854842662811278,-8.271966934204103,0.27413609623909
758,39800.0,4.854842662811278,-8.271966934204103,0.27413609623909
759,39900.0,4.868010520935059,-8.27735424041748,0.323815792798996
760,38000.0,4.985326290130615,-8.185176849365233,0.3274070918560028
761,38100.0,4.946420669555664,-8.24742603302002,0.3693056106567383
762,38200.0,5.0721163749694815,-8.098387718200684,0.4369418025016785
763,38300.0,5.0721163749694815,-8.098387718200684,0.4369418025016785
764,38400.0,5.1092262268066415,-8.133103370666504,0.4770447015762329
765,38500.0,5.1092262268066415,-8.133103370666504,0.4770447015762329
766,38600.0,4.9380412101745605,-8.208520889282228,0.32441434264183044
767,38700.0,4.9380412101745605,-8.208520889282228,0.32441434264183044
768,38800.0,5.16010332107544,-8.071452140808105,0.3519476354122162
769,38900.0,5.16010332107544,-8.071452140808105,0.3519476354122162
770,39000.0,4.976348400115967,-8.26119327545166,0.4405331015586853
771,39100.0,4.9823336601257315,-8.216899871826174,0.4034229815006256
772,39200.0,4.9823336601257315,-8.216899871826174,0.4034229815006256
773,39300.0,4.961384296417236,-8.274959564208983,0.5027823448181152
774,39400.0,4.961384296417236,-8.274959564208983,0.5027823448181152
775,39500.0,5.008071422576903,-8.172607421875,0.3214215636253357
776,39600.0,5.008071422576903,-8.172607421875,0.3214215636253357
777,39700.0,4.854842662811278,-8.271966934204103,0.27413609623909
778,39800.0,4.854842662811278,-8.271966934204103,0.27413609623909
779,39900.0,4.868010520935059,-8.27735424041748,0.323815792798996
780,40000.0,4.9188876152038565,-8.299500465393066,0.48602294921875
781,40100.0,4.9188876152038565,-8.299500465393066,0.48602294921875
782,40200.0,5.050568580627441,-8.177994728088379,0.4129997789859772
783,40300.0,5.050568580627441,-8.177994728088379,0.4129997789859772
784,40400.0,4.942230701446533,-8.271368026733397,0.3830722570419312
785,40500.0,4.942230701446533,-8.271368026733397,0.3830722570419312
786,40600.0,5.118803024291992,-8.088212013244629,0.4531026780605316
787,40700.0,5.118803024291992,-8.088212013244629,0.4531026780605316
788,40800.0,4.9386396408081055,-8.143877029418945,0.3471592366695404
789,40900.0,4.96737003326416,-8.167819023132324,0.5363011956214905
790,41000.0,4.96737003326416,-8.167819023132324,0.5363011956214905
791,41100.0,4.942230701446533,-8.237251281738281,0.5327098965644836
792,41200.0,4.942230701446533,-8.237251281738281,0.5327098965644836
793,41300.0,4.839280128479004,-8.222287178039549,0.5374982953071594
794,41400.0,4.839280128479004,-8.222287178039549,0.5374982953071594
795,41500.0,5.207388877868652,-8.042721748352049,0.5524620413780212
796,41600.0,5.207388877868652,-8.042721748352049,0.5524620413780212
797,41700.0,4.8464627265930185,-8.230068206787111,0.5135562419891357
798,41800.0,4.880579948425293,-8.217498779296875,0.4884171485900879
799,41900.0,4.880579948425293,-8.217498779296875,0.4884171485900879
800,40000.0,4.9188876152038565,-8.299500465393066,0.48602294921875
801,40100.0,4.9188876152038565,-8.299500465393066,0.48602294921875
802,40200.0,5.050568580627441,-8.177994728088379,0.4129997789859772
803,40300.0,5.050568580627441,-8.177994728088379,0.4129997789859772
804,40400.0,4.942230701446533,-8.271368026733397,0.3830722570419312
805,40500.0,4.942230701446533,-8.271368026733397,0.3830722570419312
806,40600.0,5.118803024291992,-8.088212013244629,0.4531026780605316
807,40700.0,5.118803024291992,-8.088212013244629,0.4531026780605316
808,40800.0,4.9386396408081055,-8.143877029418945,0.3471592366695404
809,40900.0,4.96737003326416,-8.167819023132324,0.5363011956214905
810,41000.0,4.96737003326416,-8.167819023132324,0.5363011956214905
811,41100.0,4.942230701446533,-8.237251281738281,0.5327098965644836
812,41200.0,4.942230701446533,-8.237251281738281,0.5327098965644836
813,41300.0,4.839280128479004,-8.222287178039549,0.5374982953071594
814,41400.0,4.839280128479004,-8.222287178039549,0.5374982953071594
815,41500.0,5.207388877868652,-8.042721748352049,0.5524620413780212
816,41600.0,5.207388877868652,-8.042721748352049,0.5524620413780212
817,41700.0,4.8464627265930185,-8.230068206787111,0.5135562419891357
818,41800.0,4.880579948425293,-8.217498779296875,0.4884171485900879
819,41900.0,4.880579948425293,-8.217498779296875,0.4884171485900879
820,42000.0,5.055356979370117,-8.134899139404299,0.456095427274704
821,42100.0,5.055356979370117,-8.134899139404299,0.456095427274704
822,42200.0,4.896740913391113,-8.222886085510254,0.4572925269603729
823,42300.0,4.896740913391113,-8.222886085510254,0.4572925269603729
824,42400.0,5.036203384399414,-8.175002098083496,0.5386953949928284
825,42500.0,5.036203384399414,-8.175002098083496,0.5386953949928284
826,42600.0,5.13316822052002,-8.157045364379883,0.5051765441894531
827,42700.0,4.9565958976745605,-8.239645004272461,0.484825849533081
828,42800.0,4.9565958976745605,-8.239645004272461,0.484825849533081
829,42900.0,4.978143692016602,-8.18996524810791,0.3609259128570557
830,43000.0,4.978143692016602,-8.18996524810791,0.3609259128570557
831,43100.0,4.963778495788574,-8.161833763122559,0.3938461840152741
832,43200.0,4.963778495788574,-8.161833763122559,0.3938461840152741
833,43300.0,4.859032154083252,-8.242039680480957,0.4806360006332398
834,43400.0,4.859032154083252,-8.242039680480957,0.4806360006332398
835,43500.0,4.947618007659912,-8.181585311889647,0.4100070297718048
836,43600.0,4.705204963684082,-8.315661430358888,0.5339069962501526
837,43700.0,4.705204963684082,-8.315661430358888,0.5339069962501526
838,43800.0,4.990713596343994,-8.170811653137207,0.4997895956039429
839,43900.0,4.990713596343994,-8.170811653137207,0.4997895956039429
840,42000.0,5.055356979370117,-8.134899139404299,0.456095427274704
841,42100.0,5.055356979370117,-8.134899139404299,0.456095427274704
842,42200.0,4.896740913391113,-8.222886085510254,0.4572925269603729
843,42300.0,4.896740913391113,-8.222886085510254,0.4572925269603729
844,42400.0,5.036203384399414,-8.175002098083496,0.5386953949928284
845,42500.0,5.036203384399414,-8.175002098083496,0.5386953949928284
846,42600.0,5.13316822052002,-8.157045364379883,0.5051765441894531
847,42700.0,4.9565958976745605,-8.239645004272461,0.484825849533081
848,42800.0,4.9565958976745605,-8.239645004272461,0.484825849533081
849,42900.0,4.978143692016602,-8.18996524810791,0.3609259128570557
850,43000.0,4.978143692016602,-8.18996524810791,0.3609259128570557
851,43100.0,4.963778495788574,-8.161833763122559,0.3938461840152741
852,43200.0,4.963778495788574,-8.161833763122559,0.3938461840152741
853,43300.0,4.859032154083252,-8.242039680480957,0.4806360006332398
854,43400.0,4.859032154083252,-8.242039680480957,0.4806360006332398
855,43500.0,4.947618007659912,-8.181585311889647,0.4100070297718048
856,43600.0,4.705204963684082,-8.315661430358888,0.5339069962501526
857,43700.0,4.705204963684082,-8.315661430358888,0.5339069962501526
858,43800.0,4.990713596343994,-8.170811653137207,0.4997895956039429
859,43900.0,4.990713596343994,-8.170811653137207,0.4997895956039429
860,44000.0,4.777629375457764,-8.244433403015138,0.3842693865299225
861,44100.0,4.777629375457764,-8.244433403015138,0.3842693865299225
862,44200.0,4.9111061096191415,-8.177395820617676,0.4189853072166443
863,44300.0,4.9111061096191415,-8.177395820617676,0.4189853072166443
864,44400.0,4.887164115905762,-8.198944091796875,0.5021837949752808
865,44500.0,4.982932090759277,-8.182184219360353,0.5530605912208557
866,44600.0,4.982932090759277,-8.182184219360353,0.5530605912208557
867,44700.0,4.835090160369873,-8.274360656738281,0.5596446394920349
868,44800.0,4.835090160369873,-8.274360656738281,0.5596446394920349
869,44900.0,5.025429248809815,-8.177994728088379,0.4710591733455658
870,45000.0,5.025429248809815,-8.177994728088379,0.4710591733455658
871,45100.0,4.939836502075195,-8.213907241821289,0.5494692921638489
872,45200.0,4.939836502075195,-8.213907241821289,0.5494692921638489
873,45300.0,4.963180065155028,-8.189367294311522,0.4399345517158508
874,45400.0,4.887762546539307,-8.250418663024902,0.557250440120697
875,45500.0,4.887762546539307,-8.250418663024902,0.557250440120697
876,45600.0,4.786009311676025,-8.260594367980957,0.4836287498474121
877,45700.0,4.786009311676025,-8.260594367980957,0.4836287498474121
878,45800.0,4.92307710647583,-8.226476669311522,0.39145198464393616
879,45900.0,4.92307710647583,-8.226476669311522,0.39145198464393616
880,44000.0,4.777629375457764,-8.244433403015138,0.3842693865299225
881,44100.0,4.777629375457764,-8.244433403015138,0.3842693865299225
882,44200.0,4.9111061096191415,-8.177395820617676,0.4189853072166443
883,44300.0,4.9111061096191415,-8.177395820617676,0.4189853072166443
884,44400.0,4.887164115905762,-8.198944091796875,0.5021837949752808
885,44500.0,4.982932090759277,-8.182184219360353,0.5530605912208557
886,44600.0,4.982932090759277,-8.182184219360353,0.5530605912208557
887,44700.0,4.835090160369873,-8.274360656738281,0.5596446394920349
888,44800.0,4.835090160369873,-8.274360656738281,0.5596446394920349
889,44900.0,5.025429248809815,-8.177994728088379,0.4710591733455658
890,45000.0,5.025429248809815,-8.177994728088379,0.4710591733455658
891,45100.0,4.939836502075195,-8.213907241821289,0.5494692921638489
892,45200.0,4.939836502075195,-8.213907241821289,0.5494692921638489
893,45300.0,4.963180065155028,-8.189367294311522,0.4399345517158508
894,45400.0,4.887762546539307,-8.250418663024902,0.557250440120697
895,45500.0,4.887762546539307,-8.250418663024902,0.557250440120697
896,45600.0,4.786009311676025,-8.260594367980957,0.4836287498474121
897,45700.0,4.786009311676025,-8.260594367980957,0.4836287498474121
898,45800.0,4.92307710647583,-8.226476669311522,0.39145198464393616
899,45900.0,4.92307710647583,-8.226476669311522,0.39145198464393616
900,46000.0,4.844666957855225,-8.180388450622559,0.467467874288559
901,46100.0,4.844666957855225,-8.180388450622559,0.467467874288559
902,46200.0,4.914099216461182,-8.195352554321289,0.4991910457611084
903,46300.0,4.793191909790039,-8.251616477966309,0.5787982344627379
904,46400.0,4.793191909790039,-8.251616477966309,0.5787982344627379
905,46500.0,4.924274444580078,-8.211513519287111,0.5033808946609497
906,46600.0,4.924274444580078,-8.211513519287111,0.5033808946609497
907,46700.0,4.741716384887695,-8.301894187927246,0.5488707423210144
908,46800.0,4.741716384887695,-8.301894187927246,0.5488707423210144
909,46900.0,5.064933776855469,-8.15764331817627,0.4429273009300232
910,47000.0,5.064933776855469,-8.15764331817627,0.4429273009300232
911,47100.0,4.875791549682617,-8.203133583068848,0.4997895956039429
912,47200.0,4.92188024520874,-8.221688270568848,0.4908113479614258
913,47300.0,4.92188024520874,-8.221688270568848,0.4908113479614258
914,47400.0,4.9176902770996085,-8.18757152557373,0.5135562419891357
915,47500.0,4.9176902770996085,-8.18757152557373,0.5135562419891357
916,47600.0,4.945822238922119,-8.215105056762695,0.5548562407493591
917,47700.0,4.945822238922119,-8.215105056762695,0.5548562407493591
918,47800.0,4.689642429351807,-8.310873031616211,0.5434837937355042
919,47900.0,4.689642429351807,-8.310873031616211,0.5434837937355042
920,46000.0,4.844666957855225,-8.180388450622559,0.467467874288559
921,46100.0,4.844666957855225,-8.180388450622559,0.467467874288559
922,46200.0,4.914099216461182,-8.195352554321289,0.4991910457611084
923,46300.0,4.793191909790039,-8.251616477966309,0.5787982344627379
924,46400.0,4.793191909790039,-8.251616477966309,0.5787982344627379
925,46500.0,4.924274444580078,-8.211513519287111,0.5033808946609497
926,46600.0,4.924274444580078,-8.211513519287111,0.5033808946609497
927,46700.0,4.741716384887695,-8.301894187927246,0.5488707423210144
928,46800.0,4.741716384887695,-8.301894187927246,0.5488707423210144
929,46900.0,5.064933776855469,-8.15764331817627,0.4429273009300232
930,47000.0,5.064933776855469,-8.15764331817627,0.4429273009300232
931,47100.0,4.875791549682617,-8.203133583068848,0.4997895956039429
932,47200.0,4.92188024520874,-8.221688270568848,0.4908113479614258
933,47300.0,4.92188024520874,-8.221688270568848,0.4908113479614258
934,47400.0,4.9176902770996085,-8.18757152557373,0.5135562419891357
935,47500.0,4.9176902770996085,-8.18757152557373,0.5135562419891357
936,47600.0,4.945822238922119,-8.215105056762695,0.5548562407493591
937,47700.0,4.945822238922119,-8.215105056762695,0.5548562407493591
938,47800.0,4.689642429351807,-8.310873031616211,0.5434837937355042
939,47900.0,4.689642429351807,-8.310873031616211,0.5434837937355042
940,48000.0,4.929062843322754,-8.183381080627441,0.5512649416923523
941,48100.0,4.988319396972656,-8.185176849365233,0.5680243372917175
942,48200.0,4.988319396972656,-8.185176849365233,0.5680243372917175
943,48300.0,4.869806289672852,-8.20732307434082,0.4231751561164856
944,48400.0,4.869806289672852,-8.20732307434082,0.4231751561164856
945,48500.0,4.8476600646972665,-8.181585311889647,0.4219780564308167
946,48600.0,4.8476600646972665,-8.181585311889647,0.4219780564308167
947,48700.0,4.95001220703125,-8.20612621307373,0.4967968463897705
948,48800.0,4.95001220703125,-8.20612621307373,0.4967968463897705
949,48900.0,4.853046894073486,-8.250418663024902,0.5452794432640076
950,49000.0,4.945822238922119,-8.219893455505371,0.5045779943466187
951,49100.0,4.945822238922119,-8.219893455505371,0.5045779943466187
952,49200.0,4.821323871612549,-8.240841865539549,0.5620388388633728
953,49300.0,4.821323871612549,-8.240841865539549,0.5620388388633728
954,49400.0,4.976348400115967,-8.180987358093263,0.6051344871520996
955,49500.0,4.976348400115967,-8.180987358093263,0.6051344871520996
956,49600.0,4.824316501617432,-8.225279808044434,0.5506663918495178
957,49700.0,4.824316501617432,-8.225279808044434,0.5506663918495178
958,49800.0,4.8727989196777335,-8.225279808044434,0.5009866952896118
959,49900.0,4.970961093902588,-8.183979988098145,0.5548562407493591
960,48000.0,4.929062843322754,-8.183381080627441,0.5512649416923523
961,48100.0,4.988319396972656,-8.185176849365233,0.5680243372917175
962,48200.0,4.988319396972656,-8.185176849365233,0.5680243372917175
963,48300.0,4.869806289672852,-8.20732307434082,0.4231751561164856
964,48400.0,4.869806289672852,-8.20732307434082,0.4231751561164856
965,48500.0,4.8476600646972665,-8.181585311889647,0.4219780564308167
966,48600.0,4.8476600646972665,-8.181585311889647,0.4219780564308167
967,48700.0,4.95001220703125,-8.20612621307373,0.4967968463897705
968,48800.0,4.95001220703125,-8.20612621307373,0.4967968463897705
969,48900.0,4.853046894073486,-8.250418663024902,0.5452794432640076
970,49000.0,4.945822238922119,-8.219893455505371,0.5045779943466187
971,49100.0,4.945822238922119,-8.219893455505371,0.5045779943466187
972,49200.0,4.821323871612549,-8.240841865539549,0.5620388388633728
973,49300.0,4.821323871612549,-8.240841865539549,0.5620388388633728
974,49400.0,4.976348400115967,-8.180987358093263,0.6051344871520996
975,49500.0,4.976348400115967,-8.180987358093263,0.6051344871520996
976,49600.0,4.824316501617432,-8.225279808044434,0.5506663918495178
977,49700.0,4.824316501617432,-8.225279808044434,0.5506663918495178
978,49800.0,4.8727989196777335,-8.225279808044434,0.5009866952896118
979,49900.0,4.970961093902588,-8.183979988098145,0.5548562407493591
980,50000.0,4.970961093902588,-8.183979988098145,0.5548562407493591
981,50100.0,4.81473970413208,-8.294712066650389,0.4908113479614258
982,50200.0,4.81473970413208,-8.294712066650389,0.4908113479614258
983,50300.0,4.95120906829834,-8.178592681884767,0.5847837924957275
984,50400.0,4.95120906829834,-8.178592681884767,0.5847837924957275
985,50500.0,4.871003150939941,-8.228272438049316,0.5805938839912415
986,50600.0,4.871003150939941,-8.228272438049316,0.5805938839912415
987,50700.0,5.046378612518311,-8.152256965637207,0.6236895322799683
988,50800.0,4.745906352996826,-8.255207061767576,0.5219359993934631
989,50900.0,4.745906352996826,-8.255207061767576,0.5219359993934631
990,51000.0,4.970362663269043,-8.175002098083496,0.6171054840087891
991,51100.0,4.970362663269043,-8.175002098083496,0.6171054840087891
992,51200.0,4.820724964141847,-8.273163795471191,0.5728127360343933
993,51300.0,4.820724964141847,-8.273163795471191,0.5728127360343933
994,51400.0,4.8309006690979,-8.222886085510254,0.4219780564308167
995,51500.0,4.8309006690979,-8.222886085510254,0.4219780564308167
996,51600.0,4.903325080871582,-8.212710380554201,0.4944026470184326
997,51700.0,4.903325080871582,-8.212710380554201,0.4944026470184326
998,51800.0,4.906317710876465,-8.218695640563965,0.4632780253887177
999,51900.0,4.811747074127197,-8.291719436645508,0.5183446407318115
1000,50000.0,4.970961093902588,-8.183979988098145,0.5548562407493591
1001,50100.0,4.81473970413208,-8.294712066650389,0.4908113479614258
1002,50200.0,4.81473970413208,-8.294712066650389,0.4908113479614258
1003,50300.0,4.95120906829834,-8.178592681884767,0.5847837924957275
1004,50400.0,4.95120906829834,-8.178592681884767,0.5847837924957275
1005,50500.0,4.871003150939941,-8.228272438049316,0.5805938839912415
1006,50600.0,4.871003150939941,-8.228272438049316,0.5805938839912415
1007,50700.0,5.046378612518311,-8.152256965637207,0.6236895322799683
1008,50800.0,4.745906352996826,-8.255207061767576,0.5219359993934631
1009,50900.0,4.745906352996826,-8.255207061767576,0.5219359993934631
1010,51000.0,4.970362663269043,-8.175002098083496,0.6171054840087891
1011,51100.0,4.970362663269043,-8.175002098083496,0.6171054840087891
1012,51200.0,4.820724964141847,-8.273163795471191,0.5728127360343933
1013,51300.0,4.820724964141847,-8.273163795471191,0.5728127360343933
1014,51400.0,4.8309006690979,-8.222886085510254,0.4219780564308167
1015,51500.0,4.8309006690979,-8.222886085510254,0.4219780564308167
1016,51600.0,4.903325080871582,-8.212710380554201,0.4944026470184326
1017,51700.0,4.903325080871582,-8.212710380554201,0.4944026470184326
1018,51800.0,4.906317710876465,-8.218695640563965,0.4632780253887177
1019,51900.0,4.811747074127197,-8.291719436645508,0.5183446407318115
1020,52000.0,4.811747074127197,-8.291719436645508,0.5183446407318115
1021,52100.0,4.9368438720703125,-8.211513519287111,0.5722141861915588
1022,52200.0,4.9368438720703125,-8.211513519287111,0.5722141861915588
1023,52300.0,4.95120906829834,-8.223484039306639,0.5979518890380859
1024,52400.0,4.95120906829834,-8.223484039306639,0.5979518890380859
1025,52500.0,4.954800605773926,-8.176198959350586,0.6039373874664307
1026,52600.0,4.954800605773926,-8.176198959350586,0.6039373874664307
1027,52700.0,4.820724964141847,-8.288127899169924,0.579995334148407
1028,52800.0,4.8739962577819815,-8.236652374267576,0.6171054840087891
1029,52900.0,4.8739962577819815,-8.236652374267576,0.6171054840087891
1030,53000.0,4.921281814575195,-8.196549415588379,0.5309142470359802
1031,53100.0,4.921281814575195,-8.196549415588379,0.5309142470359802
1032,53200.0,4.826112270355225,-8.24383544921875,0.6015431880950928
1033,53300.0,4.826112270355225,-8.24383544921875,0.6015431880950928
1034,53400.0,4.985326290130615,-8.17141056060791,0.507570743560791
1035,53500.0,4.985326290130615,-8.17141056060791,0.507570743560791
1036,53600.0,4.972158432006836,-8.200140953063965,0.4884171485900879
1037,53700.0,4.853046894073486,-8.224681854248049,0.3435679376125336
1038,53800.0,4.853046894073486,-8.224681854248049,0.3435679376125336
1039,53900.0,4.863222122192383,-8.254609107971191,0.5416881442070007
1040,52000.0,4.811747074127197,-8.291719436645508,0.5183446407318115
1041,52100.0,4.9368438720703125,-8.211513519287111,0.5722141861915588
1042,52200.0,4.9368438720703125,-8.211513519287111,0.5722141861915588
1043,52300.0,4.95120906829834,-8.223484039306639,0.5979518890380859
1044,52400.0,4.95120906829834,-8.223484039306639,0.5979518890380859
1045,52500.0,4.954800605773926,-8.176198959350586,0.6039373874664307
1046,52600.0,4.954800605773926,-8.176198959350586,0.6039373874664307
1047,52700.0,4.820724964141847,-8.288127899169924,0.579995334148407
1048,52800.0,4.8739962577819815,-8.236652374267576,0.6171054840087891
1049,52900.0,4.8739962577819815,-8.236652374267576,0.6171054840087891
1050,53000.0,4.921281814575195,-8.196549415588379,0.5309142470359802
1051,53100.0,4.921281814575195,-8.196549415588379,0.5309142470359802
1052,53200.0,4.826112270355225,-8.24383544921875,0.6015431880950928
1053,53300.0,4.826112270355225,-8.24383544921875,0.6015431880950928
1054,53400.0,4.985326290130615,-8.17141056060791,0.507570743560791
1055,53500.0,4.985326290130615,-8.17141056060791,0.507570743560791
1056,53600.0,4.972158432006836,-8.200140953063965,0.4884171485900879
1057,53700.0,4.853046894073486,-8.224681854248049,0.3435679376125336
1058,53800.0,4.853046894073486,-8.224681854248049,0.3435679376125336
1059,53900.0,4.863222122192383,-8.254609107971191,0.5416881442070007
1060,54000.0,4.863222122192383,-8.254609107971191,0.5416881442070007
1061,54100.0,4.927267074584961,-8.217498779296875,0.4519055783748626
1062,54200.0,4.927267074584961,-8.217498779296875,0.4519055783748626
1063,54300.0,4.9996914863586435,-8.242039680480957,0.579995334148407
1064,54400.0,4.9996914863586435,-8.242039680480957,0.579995334148407
1065,54500.0,4.990713596343994,-8.191761016845701,0.5722141861915588
1066,54600.0,4.914099216461182,-8.239645004272461,0.6129156351089478
1067,54700.0,4.914099216461182,-8.239645004272461,0.6129156351089478
1068,54800.0,4.893748283386231,-8.265981674194336,0.5781996846199036
1069,54900.0,4.893748283386231,-8.265981674194336,0.5781996846199036
1070,55000.0,4.909909248352051,-8.198345184326174,0.5895721912384033
1071,55100.0,4.909909248352051,-8.198345184326174,0.5895721912384033
1072,55200.0,5.066729545593262,-8.089408874511719,0.304063618183136
1073,55300.0,5.066729545593262,-8.089408874511719,0.304063618183136
1074,55400.0,4.903923511505127,-8.190564155578612,0.5428852438926697
1075,55500.0,4.821922302246094,-8.214506149291992,0.5135562419891357
1076,55600.0,4.821922302246094,-8.214506149291992,0.5135562419891357
1077,55700.0,4.898536682128906,-8.176198959350586,0.5057750940322876
1078,55800.0,4.898536682128906,-8.176198959350586,0.5057750940322876
1079,55900.0,4.912901878356934,-8.255207061767576,0.6715735793113708
1080,54000.0,4.863222122192383,-8.254609107971191,0.5416881442070007
1081,54100.0,4.927267074584961,-8.217498779296875,0.4519055783748626
1082,54200.0,4.927267074584961,-8.217498779296875,0.4519055783748626
1083,54300.0,4.9996914863586435,-8.242039680480957,0.579995334148407
1084,54400.0,4.9996914863586435,-8.242039680480957,0.579995334148407
1085,54500.0,4.990713596343994,-8.191761016845701,0.5722141861915588
1086,54600.0,4.914099216461182,-8.239645004272461,0.6129156351089478
1087,54700.0,4.914099216461182,-8.239645004272461,0.6129156351089478
1088,54800.0,4.893748283386231,-8.265981674194336,0.5781996846199036
1089,54900.0,4.893748283386231,-8.265981674194336,0.5781996846199036
1090,55000.0,4.909909248352051,-8.198345184326174,0.5895721912384033
1091,55100.0,4.909909248352051,-8.198345184326174,0.5895721912384033
1092,55200.0,5.066729545593262,-8.089408874511719,0.304063618183136
1093,55300.0,5.066729545593262,-8.089408874511719,0.304063618183136
1094,55400.0,4.903923511505127,-8.190564155578612,0.5428852438926697
1095,55500.0,4.821922302246094,-8.214506149291992,0.5135562419891357
1096,55600.0,4.821922302246094,-8.214506149291992,0.5135562419891357
1097,55700.0,4.898536682128906,-8.176198959350586,0.5057750940322876
1098,55800.0,4.898536682128906,-8.176198959350586,0.5057750940322876
1099,55900.0,4.912901878356934,-8.255207061767576,0.6715735793113708
1100,56000.0,4.912901878356934,-8.255207061767576,0.6715735793113708
1101,56100.0,4.858433723449707,-8.209118843078612,0.4578910768032074
1102,56200.0,4.858433723449707,-8.209118843078612,0.4578910768032074
1103,56300.0,5.008071422576903,-8.175002098083496,0.5602431893348694
1104,56400.0,4.857835292816162,-8.251017570495605,0.5494692921638489
1105,56500.0,4.857835292816162,-8.251017570495605,0.5494692921638489
1106,56600.0,5.0008888244628915,-8.163030624389647,0.5620388388633728
1107,56700.0,5.0008888244628915,-8.163030624389647,0.5620388388633728
1108,56800.0,4.734533786773682,-8.357559204101562,0.6925228238105774
1109,56900.0,4.734533786773682,-8.357559204101562,0.6925228238105774
1110,57000.0,5.188833713531494,-8.076240539550781,0.5518634915351868
1111,57100.0,5.188833713531494,-8.076240539550781,0.5518634915351868
1112,57200.0,4.9362454414367685,-8.210315704345701,0.5668272376060486
1113,57300.0,4.749497413635254,-8.27855110168457,0.5339069962501526
1114,57400.0,4.749497413635254,-8.27855110168457,0.5339069962501526
1115,57500.0,5.001487255096436,-8.149264335632324,0.4327519536018372
1116,57600.0,5.001487255096436,-8.149264335632324,0.4327519536018372
1117,57700.0,4.839280128479004,-8.244433403015138,0.6027402877807617
1118,57800.0,4.839280128479004,-8.244433403015138,0.6027402877807617
1119,57900.0,4.9380412101745605,-8.211513519287111,0.484825849533081
1120,56000.0,4.912901878356934,-8.255207061767576,0.6715735793113708
1121,56100.0,4.858433723449707,-8.209118843078612,0.4578910768032074
1122,56200.0,4.858433723449707,-8.209118843078612,0.4578910768032074
1123,56300.0,5.008071422576903,-8.175002098083496,0.5602431893348694
1124,56400.0,4.857835292816162,-8.251017570495605,0.5494692921638489
1125,56500.0,4.857835292816162,-8.251017570495605,0.5494692921638489
1126,56600.0,5.0008888244628915,-8.163030624389647,0.5620388388633728
1127,56700.0,5.0008888244628915,-8.163030624389647,0.5620388388633728
1128,56800.0,4.734533786773682,-8.357559204101562,0.6925228238105774
1129,56900.0,4.734533786773682,-8.357559204101562,0.6925228238105774
1130,57000.0,5.188833713531494,-8.076240539550781,0.5518634915351868
1131,57100.0,5.188833713531494,-8.076240539550781,0.5518634915351868
1132,57200.0,4.9362454414367685,-8.210315704345701,0.5668272376060486
1133,57300.0,4.749497413635254,-8.27855110168457,0.5339069962501526
1134,57400.0,4.749497413635254,-8.27855110168457,0.5339069962501526
1135,57500.0,5.001487255096436,-8.149264335632324,0.4327519536018372
1136,57600.0,5.001487255096436,-8.149264335632324,0.4327519536018372
1137,57700.0,4.839280128479004,-8.244433403015138,0.6027402877807617
1138,57800.0,4.839280128479004,-8.244433403015138,0.6027402877807617
1139,57900.0,4.9380412101745605,-8.211513519287111,0.484825849533081
1140,58000.0,4.9380412101745605,-8.211513519287111,0.484825849533081
1141,58100.0,4.720168590545653,-8.341399192810059,0.5351040959358215
1142,58200.0,5.05715274810791,-8.174403190612793,0.5710170865058899
1143,58300.0,5.05715274810791,-8.174403190612793,0.5710170865058899
1144,58400.0,4.788403511047363,-8.24383544921875,0.5195417404174805
1145,58500.0,4.788403511047363,-8.24383544921875,0.5195417404174805
1146,58600.0,4.941632270812988,-8.217498779296875,0.4321534037590027
1147,58700.0,4.941632270812988,-8.217498779296875,0.4321534037590027
1148,58800.0,4.708197593688965,-8.265981674194336,0.4519055783748626
1149,58900.0,4.708197593688965,-8.265981674194336,0.4519055783748626
1150,59000.0,4.751891613006592,-8.257002830505371,0.4465186297893524
1151,59100.0,4.794987678527832,-8.204929351806639,0.5410895943641663
1152,59200.0,4.794987678527832,-8.204929351806639,0.5410895943641663
1153,59300.0,4.860827922821045,-8.185176849365233,0.5285200476646423
1154,59400.0,4.860827922821045,-8.185176849365233,0.5285200476646423
1155,59500.0,4.876988887786865,-8.20732307434082,0.5506663918495178
1156,59600.0,4.876988887786865,-8.20732307434082,0.5506663918495178
1157,59700.0,4.882974147796631,-8.226476669311522,0.5662286877632141
1158,59800.0,4.882974147796631,-8.226476669311522,0.5662286877632141
1159,59900.0,5.169081687927246,-8.130110740661621,0.579995334148407
1160,58000.0,4.9380412101745605,-8.211513519287111,0.484825849533081
1161,58100.0,4.720168590545653,-8.341399192810059,0.5351040959358215
1162,58200.0,5.05715274810791,-8.174403190612793,0.5710170865058899
1163,58300.0,5.05715274810791,-8.174403190612793,0.5710170865058899
1164,58400.0,4.788403511047363,-8.24383544921875,0.5195417404174805
1165,58500.0,4.788403511047363,-8.24383544921875,0.5195417404174805
1166,58600.0,4.941632270812988,-8.217498779296875,0.4321534037590027
1167,58700.0,4.941632270812988,-8.217498779296875,0.4321534037590027
1168,58800.0,4.708197593688965,-8.265981674194336,0.4519055783748626
1169,58900.0,4.708197593688965,-8.265981674194336,0.4519055783748626
1170,59000.0,4.751891613006592,-8.257002830505371,0.4465186297893524
1171,59100.0,4.794987678527832,-8.204929351806639,0.5410895943641663
1172,59200.0,4.794987678527832,-8.204929351806639,0.5410895943641663
1173,59300.0,4.860827922821045,-8.185176849365233,0.5285200476646423
1174,59400.0,4.860827922821045,-8.185176849365233,0.5285200476646423
1175,59500.0,4.876988887786865,-8.20732307434082,0.5506663918495178
1176,59600.0,4.876988887786865,-8.20732307434082,0.5506663918495178
1177,59700.0,4.882974147796631,-8.226476669311522,0.5662286877632141
1178,59800.0,4.882974147796631,-8.226476669311522,0.5662286877632141
1179,59900.0,5.169081687927246,-8.130110740661621,0.579995334148407
1180,60000.0,4.897339344024658,-8.251616477966309,0.7158663272857666
1181,60100.0,4.897339344024658,-8.251616477966309,0.7158663272857666
1182,60200.0,4.7830166816711435,-8.274360656738281,0.5716156363487244
1183,60300.0,4.7830166816711435,-8.274360656738281,0.5716156363487244
1184,60400.0,5.0236334800720215,-8.134300231933594,0.5237316489219666
1185,60500.0,5.0236334800720215,-8.134300231933594,0.5237316489219666
1186,60600.0,4.888959884643555,-8.274959564208983,0.5231330990791321
1187,60700.0,4.888959884643555,-8.274959564208983,0.5231330990791321
1188,60800.0,4.863820552825928,-8.219893455505371,0.4991910457611084
1189,60900.0,4.987122058868408,-8.223484039306639,0.5883750915527344
1190,61000.0,4.987122058868408,-8.223484039306639,0.5883750915527344
1191,61100.0,4.728548526763916,-8.300697326660156,0.4985924959182739
1192,61200.0,4.728548526763916,-8.300697326660156,0.4985924959182739
1193,61300.0,4.972756862640381,-8.166023254394531,0.5566518902778625
1194,61400.0,4.972756862640381,-8.166023254394531,0.5566518902778625
1195,61500.0,4.974552631378174,-8.186373710632324,0.5231330990791321
1196,61600.0,4.974552631378174,-8.186373710632324,0.5231330990791321
1197,61700.0,4.823119163513184,-8.213907241821289,0.5560533404350281
1198,61800.0,4.8919525146484375,-8.231265068054201,0.4836287498474121
1199,61900.0,4.8919525146484375,-8.231265068054201,0.4836287498474121
1200,60000.0,4.897339344024658,-8.251616477966309,0.7158663272857666
1201,60100.0,4.897339344024658,-8.251616477966309,0.7158663272857666
1202,60200.0,4.7830166816711435,-8.274360656738281,0.5716156363487244
1203,60300.0,4.7830166816711435,-8.274360656738281,0.5716156363487244
1204,60400.0,5.0236334800720215,-8.134300231933594,0.5237316489219666
1205,60500.0,5.0236334800720215,-8.134300231933594,0.5237316489219666
1206,60600.0,4.888959884643555,-8.274959564208983,0.5231330990791321
1207,60700.0,4.888959884643555,-8.274959564208983,0.5231330990791321
1208,60800.0,4.863820552825928,-8.219893455505371,0.4991910457611084
1209,60900.0,4.987122058868408,-8.223484039306639,0.5883750915527344
1210,61000.0,4.987122058868408,-8.223484039306639,0.5883750915527344
1211,61100.0,4.728548526763916,-8.300697326660156,0.4985924959182739
1212,61200.0,4.728548526763916,-8.300697326660156,0.4985924959182739
1213,61300.0,4.972756862640381,-8.166023254394531,0.5566518902778625
1214,61400.0,4.972756862640381,-8.166023254394531,0.5566518902778625
1215,61500.0,4.974552631378174,-8.186373710632324,0.5231330990791321
1216,61600.0,4.974552631378174,-8.186373710632324,0.5231330990791321
1217,61700.0,4.823119163513184,-8.213907241821289,0.5560533404350281
1218,61800.0,4.8919525146484375,-8.231265068054201,0.4836287498474121
1219,61900.0,4.8919525146484375,-8.231265068054201,0.4836287498474121
1220,62000.0,4.857835292816162,-8.237849235534668,0.5345055460929871
1221,62100.0,4.857835292816162,-8.237849235534668,0.5345055460929871
1222,62200.0,4.845864295959473,-8.22887134552002,0.4501099288463593
1223,62300.0,4.845864295959473,-8.22887134552002,0.4501099288463593
1224,62400.0,4.982932090759277,-8.178592681884767,0.4501099288463593
1225,62500.0,4.982932090759277,-8.178592681884767,0.4501099288463593
1226,62600.0,4.993706226348877,-8.173206329345701,0.4010287821292877
1227,62700.0,5.021838188171387,-8.179191589355469,0.4381389021873474
1228,62800.0,5.021838188171387,-8.179191589355469,0.4381389021873474
1229,62900.0,4.97934103012085,-8.214506149291992,0.4991910457611084
1230,63000.0,4.97934103012085,-8.214506149291992,0.4991910457611084
1231,63100.0,5.072714805603027,-8.142680168151855,0.5279214978218079
1232,63200.0,5.072714805603027,-8.142680168151855,0.5279214978218079
1233,63300.0,4.90571928024292,-8.197746276855469,0.414795458316803
1234,63400.0,4.90571928024292,-8.197746276855469,0.414795458316803
1235,63500.0,4.934449672698975,-8.234258651733397,0.4800374507904053
1236,63600.0,5.07451057434082,-8.170811653137207,0.5482721924781799
1237,63700.0,5.07451057434082,-8.170811653137207,0.5482721924781799
1238,63800.0,4.8470611572265625,-8.196549415588379,0.3812766075134277
1239,63900.0,4.8470611572265625,-8.196549415588379,0.3812766075134277
1240,62000.0,4.857835292816162,-8.237849235534668,0.5345055460929871
1241,62100.0,4.857835292816162,-8.237849235534668,0.5345055460929871
1242,62200.0,4.845864295959473,-8.22887134552002,0.4501099288463593
1243,62300.0,4.845864295959473,-8.22887134552002,0.4501099288463593
1244,62400.0,4.982932090759277,-8.178592681884767,0.4501099288463593
1245,62500.0,4.982932090759277,-8.178592681884767,0.4501099288463593
1246,62600.0,4.993706226348877,-8.173206329345701,0.4010287821292877
1247,62700.0,5.021838188171387,-8.179191589355469,0.4381389021873474
1248,62800.0,5.021838188171387,-8.179191589355469,0.4381389021873474
1249,62900.0,4.97934103012085,-8.214506149291992,0.4991910457611084
1250,63000.0,4.97934103012085,-8.214506149291992,0.4991910457611084
1251,63100.0,5.072714805603027,-8.142680168151855,0.5279214978218079
1252,63200.0,5.072714805603027,-8.142680168151855,0.5279214978218079
1253,63300.0,4.90571928024292,-8.197746276855469,0.414795458316803
1254,63400.0,4.90571928024292,-8.197746276855469,0.414795458316803
1255,63500.0,4.934449672698975,-8.234258651733397,0.4800374507904053
1256,63600.0,5.07451057434082,-8.170811653137207,0.5482721924781799
1257,63700.0,5.07451057434082,-8.170811653137207,0.5482721924781799
1258,63800.0,4.8470611572265625,-8.196549415588379,0.3812766075134277
1259,63900.0,4.8470611572265625,-8.196549415588379,0.3812766075134277
1260,64000.0,4.944026470184326,-8.212710380554201,0.4812345504760742
1261,64100.0,4.944026470184326,-8.212710380554201,0.4812345504760742
1262,64200.0,4.999093055725098,-8.164227485656737,0.5710170865058899
1263,64300.0,4.999093055725098,-8.164227485656737,0.5710170865058899
1264,64400.0,4.929661273956299,-8.190564155578612,0.524330198764801
1265,64500.0,5.0050787925720215,-8.180987358093263,0.4704606235027313
1266,64600.0,5.0050787925720215,-8.180987358093263,0.4704606235027313
1267,64700.0,4.9176902770996085,-8.241440773010254,0.5333084464073181
1268,64800.0,4.9176902770996085,-8.241440773010254,0.5333084464073181
1269,64900.0,5.008071422576903,-8.149862289428711,0.5009866952896118
1270,65000.0,5.008071422576903,-8.149862289428711,0.5009866952896118
1271,65100.0,5.0008888244628915,-8.140884399414062,0.4608838260173798
1272,65200.0,5.0008888244628915,-8.140884399414062,0.4608838260173798
1273,65300.0,4.978143692016602,-8.174403190612793,0.5578489899635315
1274,65400.0,4.9368438720703125,-8.254010200500487,0.5907692909240723
1275,65500.0,4.9368438720703125,-8.254010200500487,0.5907692909240723
1276,65600.0,4.93923807144165,-8.173206329345701,0.6027402877807617
1277,65700.0,4.93923807144165,-8.173206329345701,0.6027402877807617
1278,65800.0,4.994903087615967,-8.163629531860353,0.5105634927749634
1279,65900.0,4.994903087615967,-8.163629531860353,0.5105634927749634
1280,64000.0,4.944026470184326,-8.212710380554201,0.4812345504760742
1281,64100.0,4.944026470184326,-8.212710380554201,0.4812345504760742
1282,64200.0,4.999093055725098,-8.164227485656737,0.5710170865058899
1283,64300.0,4.999093055725098,-8.164227485656737,0.5710170865058899
1284,64400.0,4.929661273956299,-8.190564155578612,0.524330198764801
1285,64500.0,5.0050787925720215,-8.180987358093263,0.4704606235027313
1286,64600.0,5.0050787925720215,-8.180987358093263,0.4704606235027313
1287,64700.0,4.9176902770996085,-8.241440773010254,0.5333084464073181
1288,64800.0,4.9176902770996085,-8.241440773010254,0.5333084464073181
1289,64900.0,5.008071422576903,-8.149862289428711,0.5009866952896118
1290,65000.0,5.008071422576903,-8.149862289428711,0.5009866952896118
1291,65100.0,5.0008888244628915,-8.140884399414062,0.4608838260173798
1292,65200.0,5.0008888244628915,-8.140884399414062,0.4608838260173798
1293,65300.0,4.978143692016602,-8.174403190612793,0.5578489899635315
1294,65400.0,4.9368438720703125,-8.254010200500487,0.5907692909240723
1295,65500.0,4.9368438720703125,-8.254010200500487,0.5907692909240723
1296,65600.0,4.93923807144165,-8.173206329345701,0.6027402877807617
1297,65700.0,4.93923807144165,-8.173206329345701,0.6027402877807617
1298,65800.0,4.994903087615967,-8.163629531860353,0.5105634927749634
1299,65900.0,4.994903087615967,-8.163629531860353,0.5105634927749634
1300,66000.0,5.092466831207275,-8.087613105773926,0.414795458316803
1301,66100.0,5.092466831207275,-8.087613105773926,0.414795458316803
1302,66200.0,5.100248336791992,-8.045116424560549,0.11552023142576218
1303,66300.0,4.716577529907227,-8.197746276855469,-0.2388216257095337
1304,66400.0,4.716577529907227,-8.197746276855469,-0.2388216257095337
1305,66500.0,5.31812047958374,-8.024167060852049,-0.26156654953956604
1306,66600.0,5.31812047958374,-8.024167060852049,-0.26156654953956604
1307,66700.0,5.03021764755249,-8.225878715515138,-0.5309142470359802
1308,66800.0,5.03021764755249,-8.225878715515138,-0.5309142470359802
1309,66900.0,5.010465621948242,-8.186972618103027,-0.618302583694458
1310,67000.0,5.010465621948242,-8.186972618103027,-0.618302583694458
1311,67100.0,5.2235493659973145,-8.134899139404299,-0.7212532758712769
1312,67200.0,5.121796131134033,-8.147468566894531,-1.0079588890075684
1313,67300.0,5.121796131134033,-8.147468566894531,-1.0079588890075684
1314,67400.0,4.7393221855163565,-8.324639320373535,-1.1839327812194824
1315,67500.0,4.7393221855163565,-8.324639320373535,-1.1839327812194824
1316,67600.0,4.958990097045898,-8.18996524810791,-0.9277531504631042
1317,67700.0,4.958990097045898,-8.18996524810791,-0.9277531504631042
1318,67800.0,5.015254020690918,-8.185775756835938,-0.9361328482627868
1319,67900.0,5.015254020690918,-8.185775756835938,-0.9361328482627868
1320,66000.0,5.092466831207275,-8.087613105773926,0.414795458316803
1321,66100.0,5.092466831207275,-8.087613105773926,0.414795458316803
1322,66200.0,5.100248336791992,-8.045116424560549,0.11552023142576218
1323,66300.0,4.716577529907227,-8.197746276855469,-0.2388216257095337
1324,66400.0,4.716577529907227,-8.197746276855469,-0.2388216257095337
1325,66500.0,5.31812047958374,-8.024167060852049,-0.26156654953956604
1326,66600.0,5.31812047958374,-8.024167060852049,-0.26156654953956604
1327,66700.0,5.03021764755249,-8.225878715515138,-0.5309142470359802
1328,66800.0,5.03021764755249,-8.225878715515138,-0.5309142470359802
1329,66900.0,5.010465621948242,-8.186972618103027,-0.618302583694458
1330,67000.0,5.010465621948242,-8.186972618103027,-0.618302583694458
1331,67100.0,5.2235493659973145,-8.134899139404299,-0.7212532758712769
1332,67200.0,5.121796131134033,-8.147468566894531,-1.0079588890075684
1333,67300.0,5.121796131134033,-8.147468566894531,-1.0079588890075684
1334,67400.0,4.7393221855163565,-8.324639320373535,-1.1839327812194824
1335,67500.0,4.7393221855163565,-8.324639320373535,-1.1839327812194824
1336,67600.0,4.958990097045898,-8.18996524810791,-0.9277531504631042
1337,67700.0,4.958990097045898,-8.18996524810791,-0.9277531504631042
1338,67800.0,5.015254020690918,-8.185775756835938,-0.9361328482627868
1339,67900.0,5.015254020690918,-8.185775756835938,-0.9361328482627868
1340,68000.0,4.95001220703125,-8.193556785583496,-0.7709329724311829
1341,68100.0,5.100846767425537,-8.079832077026367,-0.8236053586006165
1342,68200.0,5.100846767425537,-8.079832077026367,-0.8236053586006165
1343,68300.0,5.155314922332764,-8.067262649536133,-0.8337807655334473
1344,68400.0,5.155314922332764,-8.067262649536133,-0.8337807655334473
1345,68500.0,5.179855346679688,-8.135497093200684,-0.7134721279144287
1346,68600.0,5.179855346679688,-8.135497093200684,-0.7134721279144287
1347,68700.0,5.260061264038086,-8.207921981811522,-0.9768342971801758
1348,68800.0,5.260061264038086,-8.207921981811522,-0.9768342971801758
1349,68900.0,5.113416194915772,-8.142680168151855,-0.4106055796146393
1350,69000.0,5.325901508331299,-8.022970199584961,-0.4578910768032074
1351,69100.0,5.325901508331299,-8.022970199584961,-0.4578910768032074
1352,69200.0,5.483919143676758,-7.838616371154785,-0.5237316489219666
1353,69300.0,5.483919143676758,-7.838616371154785,-0.5237316489219666
1354,69400.0,5.349245071411133,-7.99064826965332,-0.5380968451499939
1355,69500.0,5.349245071411133,-7.99064826965332,-0.5380968451499939
1356,69600.0,5.247491359710693,-8.055890083312987,-0.657806932926178
1357,69700.0,5.247491359710693,-8.055890083312987,-0.657806932926178
1358,69800.0,5.186439514160156,-8.088809967041017,-0.628477931022644
1359,69900.0,5.2253451347351065,-8.074444770812987,-0.5841852426528931
1360,68000.0,4.95001220703125,-8.193556785583496,-0.7709329724311829
1361,68100.0,5.100846767425537,-8.079832077026367,-0.8236053586006165
1362,68200.0,5.100846767425537,-8.079832077026367,-0.8236053586006165
1363,68300.0,5.155314922332764,-8.067262649536133,-0.8337807655334473
1364,68400.0,5.155314922332764,-8.067262649536133,-0.8337807655334473
1365,68500.0,5.179855346679688,-8.135497093200684,-0.7134721279144287
1366,68600.0,5.179855346679688,-8.135497093200684,-0.7134721279144287
1367,68700.0,5.260061264038086,-8.207921981811522,-0.9768342971801758
1368,68800.0,5.260061264038086,-8.207921981811522,-0.9768342971801758
1369,68900.0,5.113416194915772,-8.142680168151855,-0.4106055796146393
1370,69000.0,5.325901508331299,-8.022970199584961,-0.4578910768032074
1371,69100.0,5.325901508331299,-8.022970199584961,-0.4578910768032074
1372,69200.0,5.483919143676758,-7.838616371154785,-0.5237316489219666
1373,69300.0,5.483919143676758,-7.838616371154785,-0.5237316489219666
1374,69400.0,5.349245071411133,-7.99064826965332,-0.5380968451499939
1375,69500.0,5.349245071411133,-7.99064826965332,-0.5380968451499939
1376,69600.0,5.247491359710693,-8.055890083312987,-0.657806932926178
1377,69700.0,5.247491359710693,-8.055890083312987,-0.657806932926178
1378,69800.0,5.186439514160156,-8.088809967041017,-0.628477931022644
1379,69900.0,5.2253451347351065,-8.074444770812987,-0.5841852426528931
1380,70000.0,5.2253451347351065,-8.074444770812987,-0.5841852426528931
1381,70100.0,5.020640850067139,-8.154650688171388,-0.5111620426177979
1382,70200.0,5.020640850067139,-8.154650688171388,-0.5111620426177979
1383,70300.0,5.36241340637207,-8.012195587158201,-0.5321113467216492
1384,70400.0,5.36241340637207,-8.012195587158201,-0.5321113467216492
1385,70500.0,5.190030574798584,-8.061875343322754,-0.4950011968612671
1386,70600.0,5.190030574798584,-8.061875343322754,-0.4950011968612671
1387,70700.0,5.22175407409668,-8.051700592041017,-0.5093663930892944
1388,70800.0,5.0906715393066415,-8.09778881072998,-0.4004302322864533
1389,70900.0,5.0906715393066415,-8.09778881072998,-0.4004302322864533
1390,71000.0,5.19481897354126,-8.082226753234862,-0.5410895943641663
1391,71100.0,5.19481897354126,-8.082226753234862,-0.5410895943641663
1392,71200.0,5.270834922790527,-8.005013465881348,-0.4345476031303406
1393,71300.0,5.270834922790527,-8.005013465881348,-0.4345476031303406
1394,71400.0,5.273229122161865,-8.034940719604492,-0.5033808946609497
1395,71500.0,5.273229122161865,-8.034940719604492,-0.5033808946609497
1396,71600.0,5.10383939743042,-8.136096000671388,-0.4746504724025726
1397,71700.0,5.202001571655273,-8.110358238220215,-0.4525041282176971
1398,71800.0,5.202001571655273,-8.110358238220215,-0.4525041282176971
1399,71900.0,5.122394561767578,-8.145073890686035,-0.4884171485900879
1400,70000.0,5.2253451347351065,-8.074444770812987,-0.5841852426528931
1401,70100.0,5.020640850067139,-8.154650688171388,-0.5111620426177979
1402,70200.0,5.020640850067139,-8.154650688171388,-0.5111620426177979
1403,70300.0,5.36241340637207,-8.012195587158201,-0.5321113467216492
1404,70400.0,5.36241340637207,-8.012195587158201,-0.5321113467216492
1405,70500.0,5.190030574798584,-8.061875343322754,-0.4950011968612671
1406,70600.0,5.190030574798584,-8.061875343322754,-0.4950011968612671
1407,70700.0,5.22175407409668,-8.051700592041017,-0.5093663930892944
1408,70800.0,5.0906715393066415,-8.09778881072998,-0.4004302322864533
1409,70900.0,5.0906715393066415,-8.09778881072998,-0.4004302322864533
1410,71000.0,5.19481897354126,-8.082226753234862,-0.5410895943641663
1411,71100.0,5.19481897354126,-8.082226753234862,-0.5410895943641663
1412,71200.0,5.270834922790527,-8.005013465881348,-0.4345476031303406
1413,71300.0,5.270834922790527,-8.005013465881348,-0.4345476031303406
1414,71400.0,5.273229122161865,-8.034940719604492,-0.5033808946609497
1415,71500.0,5.273229122161865,-8.034940719604492,-0.5033808946609497
1416,71600.0,5.10383939743042,-8.136096000671388,-0.4746504724025726
1417,71700.0,5.202001571655273,-8.110358238220215,-0.4525041282176971
1418,71800.0,5.202001571655273,-8.110358238220215,-0.4525041282176971
1419,71900.0,5.122394561767578,-8.145073890686035,-0.4884171485900879
1420,72000.0,5.122394561767578,-8.145073890686035,-0.4884171485900879
1421,72100.0,5.1541175842285165,-8.088809967041017,-0.4668693244457245
1422,72200.0,5.1541175842285165,-8.088809967041017,-0.4668693244457245
1423,72300.0,5.232527732849121,-8.070255279541017,-0.4297592043876648
1424,72400.0,5.232527732849121,-8.070255279541017,-0.4297592043876648
1425,72500.0,5.146934986114502,-8.131906509399414,-0.3256114423274994
1426,72600.0,5.163095951080322,-8.113949775695799,-0.36391866207122797
1427,72700.0,5.163095951080322,-8.113949775695799,-0.36391866207122797
1428,72800.0,5.0020856857299805,-8.175002098083496,-0.3387795388698578
1429,72900.0,5.0020856857299805,-8.175002098083496,-0.3387795388698578
1430,73000.0,5.107430934906006,-8.129511833190918,-0.4471171796321869
1431,73100.0,5.107430934906006,-8.129511833190918,-0.4471171796321869
1432,73200.0,5.079298973083496,-8.169614791870117,-0.4195838570594788
1433,73300.0,5.079298973083496,-8.169614791870117,-0.4195838570594788
1434,73400.0,5.293580055236816,-8.02955436706543,-0.4770447015762329
1435,73500.0,5.2247467041015625,-8.056488990783691,-0.4417302012443543
1436,73600.0,5.2247467041015625,-8.056488990783691,-0.4417302012443543
1437,73700.0,5.099050998687744,-8.151658058166504,-0.5183446407318115
1438,73800.0,5.099050998687744,-8.151658058166504,-0.5183446407318115
1439,73900.0,5.163694381713867,-8.08043098449707,-0.3896563351154328
1440,72000.0,5.122394561767578,-8.145073890686035,-0.4884171485900879
1441,72100.0,5.1541175842285165,-8.088809967041017,-0.4668693244457245
1442,72200.0,5.1541175842285165,-8.088809967041017,-0.4668693244457245
1443,72300.0,5.232527732849121,-8.070255279541017,-0.4297592043876648
1444,72400.0,5.232527732849121,-8.070255279541017,-0.4297592043876648
1445,72500.0,5.146934986114502,-8.131906509399414,-0.3256114423274994
1446,72600.0,5.163095951080322,-8.113949775695799,-0.36391866207122797
1447,72700.0,5.163095951080322,-8.113949775695799,-0.36391866207122797
1448,72800.0,5.0020856857299805,-8.175002098083496,-0.3387795388698578
1449,72900.0,5.0020856857299805,-8.175002098083496,-0.3387795388698578
1450,73000.0,5.107430934906006,-8.129511833190918,-0.4471171796321869
1451,73100.0,5.107430934906006,-8.129511833190918,-0.4471171796321869
1452,73200.0,5.079298973083496,-8.169614791870117,-0.4195838570594788
1453,73300.0,5.079298973083496,-8.169614791870117,-0.4195838570594788
1454,73400.0,5.293580055236816,-8.02955436706543,-0.4770447015762329
1455,73500.0,5.2247467041015625,-8.056488990783691,-0.4417302012443543
1456,73600.0,5.2247467041015625,-8.056488990783691,-0.4417302012443543
1457,73700.0,5.099050998687744,-8.151658058166504,-0.5183446407318115
1458,73800.0,5.099050998687744,-8.151658058166504,-0.5183446407318115
1459,73900.0,5.163694381713867,-8.08043098449707,-0.3896563351154328
1460,74000.0,5.163694381713867,-8.08043098449707,-0.3896563351154328
1461,74100.0,5.2014031410217285,-8.048707962036133,-0.6051344871520996
1462,74200.0,5.2014031410217285,-8.048707962036133,-0.6051344871520996
1463,74300.0,5.203797340393066,-8.094197273254395,-0.467467874288559
1464,74400.0,5.203797340393066,-8.094197273254395,-0.467467874288559
1465,74500.0,5.167285919189453,-8.087613105773926,-0.5428852438926697
1466,74600.0,5.284003257751465,-8.021174430847168,-0.5638344883918762
1467,74700.0,5.284003257751465,-8.021174430847168,-0.5638344883918762
1468,74800.0,5.088277339935303,-8.110358238220215,-0.5249287486076355
1469,74900.0,5.088277339935303,-8.110358238220215,-0.5249287486076355
1470,75000.0,5.18284797668457,-8.072051048278809,-0.5512649416923523
1471,75100.0,5.18284797668457,-8.072051048278809,-0.5512649416923523
1472,75200.0,5.137956619262695,-8.138489723205566,-0.4554968774318695
1473,75300.0,5.137956619262695,-8.138489723205566,-0.4554968774318695
1474,75400.0,5.14932918548584,-8.090007781982424,-0.5374982953071594
1475,75500.0,5.0709190368652335,-8.114547729492188,-0.4411316514015198
1476,75600.0,5.0709190368652335,-8.114547729492188,-0.4411316514015198
1477,75700.0,5.155913352966309,-8.125322341918945,-0.3812766075134277
1478,75800.0,5.155913352966309,-8.125322341918945,-0.3812766075134277
1479,75900.0,5.149928092956543,-8.110358238220215,-0.3896563351154328
1480,74000.0,5.163694381713867,-8.08043098449707,-0.3896563351154328
1481,74100.0,5.2014031410217285,-8.048707962036133,-0.6051344871520996
1482,74200.0,5.2014031410217285,-8.048707962036133,-0.6051344871520996
1483,74300.0,5.203797340393066,-8.094197273254395,-0.467467874288559
1484,74400.0,5.203797340393066,-8.094197273254395,-0.467467874288559
1485,74500.0,5.167285919189453,-8.087613105773926,-0.5428852438926697
1486,74600.0,5.284003257751465,-8.021174430847168,-0.5638344883918762
1487,74700.0,5.284003257751465,-8.021174430847168,-0.5638344883918762
1488,74800.0,5.088277339935303,-8.110358238220215,-0.5249287486076355
1489,74900.0,5.088277339935303,-8.110358238220215,-0.5249287486076355
1490,75000.0,5.18284797668457,-8.072051048278809,-0.5512649416923523
1491,75100.0,5.18284797668457,-8.072051048278809,-0.5512649416923523
1492,75200.0,5.137956619262695,-8.138489723205566,-0.4554968774318695
1493,75300.0,5.137956619262695,-8.138489723205566,-0.4554968774318695
1494,75400.0,5.14932918548584,-8.090007781982424,-0.5374982953071594
1495,75500.0,5.0709190368652335,-8.114547729492188,-0.4411316514015198
1496,75600.0,5.0709190368652335,-8.114547729492188,-0.4411316514015198
1497,75700.0,5.155913352966309,-8.125322341918945,-0.3812766075134277
1498,75800.0,5.155913352966309,-8.125322341918945,-0.3812766075134277
1499,75900.0,5.149928092956543,-8.110358238220215,-0.3896563351154328
1500,76000.0,5.149928092956543,-8.110358238220215,-0.3896563351154328
1501,76100.0,5.096656799316406,-8.139687538146973,-0.414795458316803
1502,76200.0,5.096656799316406,-8.139687538146973,-0.414795458316803
1503,76300.0,5.0290207862854,-8.180987358093263,-0.4118026793003082
1504,76400.0,5.2055931091308585,-8.062474250793457,-0.5249287486076355
1505,76500.0,5.2055931091308585,-8.062474250793457,-0.5249287486076355
1506,76600.0,5.027823448181152,-8.138489723205566,-0.5351040959358215
1507,76700.0,5.027823448181152,-8.138489723205566,-0.5351040959358215
1508,76800.0,5.035006046295166,-8.174403190612793,-0.3926490843296051
1509,76900.0,5.035006046295166,-8.174403190612793,-0.3926490843296051
1510,77000.0,5.21097993850708,-8.085817337036133,-0.5452794432640076
1511,77100.0,5.21097993850708,-8.085817337036133,-0.5452794432640076
1512,77200.0,5.1541175842285165,-8.104372978210451,-0.3645172119140625
1513,77300.0,5.096656799316406,-8.177395820617676,-0.39803603291511536
1514,77400.0,5.096656799316406,-8.177395820617676,-0.39803603291511536
1515,77500.0,5.002684593200684,-8.226476669311522,-0.3561375141143799
1516,77600.0,5.002684593200684,-8.226476669311522,-0.3561375141143799
1517,77700.0,5.05715274810791,-8.151060104370117,-0.5093663930892944
1518,77800.0,5.05715274810791,-8.151060104370117,-0.5093663930892944
1519,77900.0,5.01405668258667,-8.209118843078612,-0.4159925580024719
1520,76000.0,5.149928092956543,-8.110358238220215,-0.3896563351154328
1521,76100.0,5.096656799316406,-8.139687538146973,-0.414795458316803
1522,76200.0,5.096656799316406,-8.139687538146973,-0.414795458316803
1523,76300.0,5.0290207862854,-8.180987358093263,-0.4118026793003082
1524,76400.0,5.2055931091308585,-8.062474250793457,-0.5249287486076355
1525,76500.0,5.2055931091308585,-8.062474250793457,-0.5249287486076355
1526,76600.0,5.027823448181152,-8.138489723205566,-0.5351040959358215
1527,76700.0,5.027823448181152,-8.138489723205566,-0.5351040959358215
1528,76800.0,5.035006046295166,-8.174403190612793,-0.3926490843296051
1529,76900.0,5.035006046295166,-8.174403190612793,-0.3926490843296051
1530,77000.0,5.21097993850708,-8.085817337036133,-0.5452794432640076
1531,77100.0,5.21097993850708,-8.085817337036133,-0.5452794432640076
1532,77200.0,5.1541175842285165,-8.104372978210451,-0.3645172119140625
1533,77300.0,5.096656799316406,-8.177395820617676,-0.39803603291511536
1534,77400.0,5.096656799316406,-8.177395820617676,-0.39803603291511536
1535,77500.0,5.002684593200684,-8.226476669311522,-0.3561375141143799
1536,77600.0,5.002684593200684,-8.226476669311522,-0.3561375141143799
1537,77700.0,5.05715274810791,-8.151060104370117,-0.5093663930892944
1538,77800.0,5.05715274810791,-8.151060104370117,-0.5093663930892944
1539,77900.0,5.01405668258667,-8.209118843078612,-0.4159925580024719
1540,78000.0,5.01405668258667,-8.209118843078612,-0.4159925580024719
1541,78100.0,5.274426460266113,-8.031948089599611,-0.496198296546936
1542,78200.0,5.054758548736572,-8.193556785583496,-0.3770867586135864
1543,78300.0,5.054758548736572,-8.193556785583496,-0.3770867586135864
1544,78400.0,5.159504890441895,-8.078036308288574,-0.4010287821292877
1545,78500.0,5.159504890441895,-8.078036308288574,-0.4010287821292877
1546,78600.0,5.130774021148682,-8.144475936889647,-0.44532153010368347
1547,78700.0,5.130774021148682,-8.144475936889647,-0.44532153010368347
1548,78800.0,5.202600479125977,-8.079233169555664,-0.414795458316803
1549,78900.0,5.202600479125977,-8.079233169555664,-0.414795458316803
1550,79000.0,5.195417881011963,-8.073846817016603,-0.4776432514190674
1551,79100.0,5.113416194915772,-8.154650688171388,-0.36391866207122797
1552,79200.0,5.113416194915772,-8.154650688171388,-0.36391866207122797
1553,79300.0,5.254673957824707,-8.078635215759277,-0.38486793637275696
1554,79400.0,5.254673957824707,-8.078635215759277,-0.38486793637275696
1555,79500.0,5.120598793029785,-8.104372978210451,-0.4070142805576325
1556,79600.0,5.120598793029785,-8.104372978210451,-0.4070142805576325
1557,79700.0,5.011662483215332,-8.177395820617676,-0.4141969084739685
1558,79800.0,5.011662483215332,-8.177395820617676,-0.4141969084739685
1559,79900.0,5.298368453979492,-8.022970199584961,-0.4423287510871887
1560,78000.0,5.01405668258667,-8.209118843078612,-0.4159925580024719
1561,78100.0,5.274426460266113,-8.031948089599611,-0.496198296546936
1562,78200.0,5.054758548736572,-8.193556785583496,-0.3770867586135864
1563,78300.0,5.054758548736572,-8.193556785583496,-0.3770867586135864
1564,78400.0,5.159504890441895,-8.078036308288574,-0.4010287821292877
1565,78500.0,5.159504890441895,-8.078036308288574,-0.4010287821292877
1566,78600.0,5.130774021148682,-8.144475936889647,-0.44532153010368347
1567,78700.0,5.130774021148682,-8.144475936889647,-0.44532153010368347
1568,78800.0,5.202600479125977,-8.079233169555664,-0.414795458316803
1569,78900.0,5.202600479125977,-8.079233169555664,-0.414795458316803
1570,79000.0,5.195417881011963,-8.073846817016603,-0.4776432514190674
1571,79100.0,5.113416194915772,-8.154650688171388,-0.36391866207122797
1572,79200.0,5.113416194915772,-8.154650688171388,-0.36391866207122797
1573,79300.0,5.254673957824707,-8.078635215759277,-0.38486793637275696
1574,79400.0,5.254673957824707,-8.078635215759277,-0.38486793637275696
1575,79500.0,5.120598793029785,-8.104372978210451,-0.4070142805576325
1576,79600.0,5.120598793029785,-8.104372978210451,-0.4070142805576325
1577,79700.0,5.011662483215332,-8.177395820617676,-0.4141969084739685
1578,79800.0,5.011662483215332,-8.177395820617676,-0.4141969084739685
1579,79900.0,5.298368453979492,-8.022970199584961,-0.4423287510871887
1580,80000.0,5.067926406860352,-8.154052734375,-0.5117605924606323
1581,80100.0,5.067926406860352,-8.154052734375,-0.5117605924606323
1582,80200.0,5.059546947479248,-8.165425300598145,-0.35733461380004883
1583,80300.0,5.059546947479248,-8.165425300598145,-0.35733461380004883
1584,80400.0,4.985326290130615,-8.215105056762695,-0.3148375153541565
1585,80500.0,4.985326290130615,-8.215105056762695,-0.3148375153541565
1586,80600.0,5.325303077697754,-7.99184513092041,-0.5422866940498352
1587,80700.0,5.325303077697754,-7.99184513092041,-0.5422866940498352
1588,80800.0,4.9799394607543945,-8.189367294311522,-0.426167905330658
1589,80900.0,5.111021995544434,-8.133701324462889,-0.395043283700943
1590,81000.0,5.111021995544434,-8.133701324462889,-0.395043283700943
1591,81100.0,5.215169906616211,-8.090605735778809,-0.3818751573562622
1592,81200.0,5.215169906616211,-8.090605735778809,-0.3818751573562622
1593,81300.0,5.017049789428711,-8.192359924316406,-0.2902969419956207
1594,81400.0,5.017049789428711,-8.192359924316406,-0.2902969419956207
1595,81500.0,5.218162536621094,-8.063671112060549,-0.3280056416988373
1596,81600.0,5.218162536621094,-8.063671112060549,-0.3280056416988373
1597,81700.0,5.122394561767578,-8.113949775695799,-0.4321534037590027
1598,81800.0,5.041590213775635,-8.157045364379883,-0.414795458316803
1599,81900.0,5.041590213775635,-8.157045364379883,-0.414795458316803
1600,80000.0,5.067926406860352,-8.154052734375,-0.5117605924606323
1601,80100.0,5.067926406860352,-8.154052734375,-0.5117605924606323
1602,80200.0,5.059546947479248,-8.165425300598145,-0.35733461380004883
1603,80300.0,5.059546947479248,-8.165425300598145,-0.35733461380004883
1604,80400.0,4.985326290130615,-8.215105056762695,-0.3148375153541565
1605,80500.0,4.985326290130615,-8.215105056762695,-0.3148375153541565
1606,80600.0,5.325303077697754,-7.99184513092041,-0.5422866940498352
1607,80700.0,5.325303077697754,-7.99184513092041,-0.5422866940498352
1608,80800.0,4.9799394607543945,-8.189367294311522,-0.426167905330658
1609,80900.0,5.111021995544434,-8.133701324462889,-0.395043283700943
1610,81000.0,5.111021995544434,-8.133701324462889,-0.395043283700943
1611,81100.0,5.215169906616211,-8.090605735778809,-0.3818751573562622
1612,81200.0,5.215169906616211,-8.090605735778809,-0.3818751573562622
1613,81300.0,5.017049789428711,-8.192359924316406,-0.2902969419956207
1614,81400.0,5.017049789428711,-8.192359924316406,-0.2902969419956207
1615,81500.0,5.218162536621094,-8.063671112060549,-0.3280056416988373
1616,81600.0,5.218162536621094,-8.063671112060549,-0.3280056416988373
1617,81700.0,5.122394561767578,-8.113949775695799,-0.4321534037590027
1618,81800.0,5.041590213775635,-8.157045364379883,-0.414795458316803
1619,81900.0,5.041590213775635,-8.157045364379883,-0.414795458316803
1620,82000.0,5.14932918548584,-8.124723434448242,-0.3579331636428833
1621,82100.0,5.14932918548584,-8.124723434448242,-0.3579331636428833
1622,82200.0,4.899733543395996,-8.283937454223633,-0.3405751883983612
1623,82300.0,4.899733543395996,-8.283937454223633,-0.3405751883983612
1624,82400.0,5.216366767883301,-8.085817337036133,-0.3597288131713867
1625,82500.0,5.216366767883301,-8.085817337036133,-0.3597288131713867
1626,82600.0,4.927865505218506,-8.24622917175293,-0.3866635859012604
1627,82700.0,5.059546947479248,-8.154650688171388,-0.40462008118629456
1628,82800.0,5.059546947479248,-8.154650688171388,-0.40462008118629456
1629,82900.0,5.227739334106445,-8.10018253326416,-0.5237316489219666
1630,83000.0,5.227739334106445,-8.10018253326416,-0.5237316489219666
1631,83100.0,4.975749492645264,-8.20732307434082,-0.4339490532875061
1632,83200.0,4.975749492645264,-8.20732307434082,-0.4339490532875061
1633,83300.0,5.05715274810791,-8.13908863067627,-0.4297592043876648
1634,83400.0,5.05715274810791,-8.13908863067627,-0.4297592043876648
1635,83500.0,5.084087371826172,-8.15764331817627,-0.4716577231884002
1636,83600.0,4.927267074584961,-8.270770072937013,-0.2980781197547913
1637,83700.0,4.927267074584961,-8.270770072937013,-0.2980781197547913
1638,83800.0,5.085284233093262,-8.126519203186035,-0.4369418025016785
1639,83900.0,5.085284233093262,-8.126519203186035,-0.4369418025016785
1640,82000.0,5.14932918548584,-8.124723434448242,-0.3579331636428833
1641,82100.0,5.14932918548584,-8.124723434448242,-0.3579331636428833
1642,82200.0,4.899733543395996,-8.283937454223633,-0.3405751883983612
1643,82300.0,4.899733543395996,-8.283937454223633,-0.3405751883983612
1644,82400.0,5.216366767883301,-8.085817337036133,-0.3597288131713867
1645,82500.0,5.216366767883301,-8.085817337036133,-0.3597288131713867
1646,82600.0,4.927865505218506,-8.24622917175293,-0.3866635859012604
1647,82700.0,5.059546947479248,-8.154650688171388,-0.40462008118629456
1648,82800.0,5.059546947479248,-8.154650688171388,-0.40462008118629456
1649,82900.0,5.227739334106445,-8.10018253326416,-0.5237316489219666
1650,83000.0,5.227739334106445,-8.10018253326416,-0.5237316489219666
1651,83100.0,4.975749492645264,-8.20732307434082,-0.4339490532875061
1652,83200.0,4.975749492645264,-8.20732307434082,-0.4339490532875061
1653,83300.0,5.05715274810791,-8.13908863067627,-0.4297592043876648
1654,83400.0,5.05715274810791,-8.13908863067627,-0.4297592043876648
1655,83500.0,5.084087371826172,-8.15764331817627,-0.4716577231884002
1656,83600.0,4.927267074584961,-8.270770072937013,-0.2980781197547913
1657,83700.0,4.927267074584961,-8.270770072937013,-0.2980781197547913
1658,83800.0,5.085284233093262,-8.126519203186035,-0.4369418025016785
1659,83900.0,5.085284233093262,-8.126519203186035,-0.4369418025016785
1660,84000.0,4.93385124206543,-8.225878715515138,-0.4620809257030487
1661,84100.0,4.93385124206543,-8.225878715515138,-0.4620809257030487
1662,84200.0,5.096058368682861,-8.142081260681152,-0.3986345827579498
1663,84300.0,5.096058368682861,-8.142081260681152,-0.3986345827579498
1664,84400.0,5.265448093414307,-8.08043098449707,-0.3483563363552093
1665,84500.0,5.08648157119751,-8.177994728088379,-0.3058592677116394
1666,84600.0,5.08648157119751,-8.177994728088379,-0.3058592677116394
1667,84700.0,5.0050787925720215,-8.15524959564209,-0.3908534348011017
1668,84800.0,5.0050787925720215,-8.15524959564209,-0.3908534348011017
1669,84900.0,5.073313236236572,-8.138489723205566,-0.3734954595565796
1670,85000.0,5.073313236236572,-8.138489723205566,-0.3734954595565796
1671,85100.0,5.051167011260986,-8.174403190612793,-0.3932476341724396
1672,85200.0,5.051167011260986,-8.174403190612793,-0.3932476341724396
1673,85300.0,5.243301868438722,-8.08162784576416,-0.3693056106567383
1674,85400.0,5.096058368682861,-8.201936721801758,-0.25438392162323004
1675,85500.0,5.096058368682861,-8.201936721801758,-0.25438392162323004
1676,85600.0,5.102043628692627,-8.134899139404299,-0.3681085109710693
1677,85700.0,5.102043628692627,-8.134899139404299,-0.3681085109710693
1678,85800.0,5.092466831207275,-8.143278121948242,-0.2537853717803955
1679,85900.0,5.092466831207275,-8.143278121948242,-0.2537853717803955
1680,84000.0,4.93385124206543,-8.225878715515138,-0.4620809257030487
1681,84100.0,4.93385124206543,-8.225878715515138,-0.4620809257030487
1682,84200.0,5.096058368682861,-8.142081260681152,-0.3986345827579498
1683,84300.0,5.096058368682861,-8.142081260681152,-0.3986345827579498
1684,84400.0,5.265448093414307,-8.08043098449707,-0.3483563363552093
1685,84500.0,5.08648157119751,-8.177994728088379,-0.3058592677116394
1686,84600.0,5.08648157119751,-8.177994728088379,-0.3058592677116394
1687,84700.0,5.0050787925720215,-8.15524959564209,-0.3908534348011017
1688,84800.0,5.0050787925720215,-8.15524959564209,-0.3908534348011017
1689,84900.0,5.073313236236572,-8.138489723205566,-0.3734954595565796
1690,85000.0,5.073313236236572,-8.138489723205566,-0.3734954595565796
1691,85100.0,5.051167011260986,-8.174403190612793,-0.3932476341724396
1692,85200.0,5.051167011260986,-8.174403190612793,-0.3932476341724396
1693,85300.0,5.243301868438722,-8.08162784576416,-0.3693056106567383
1694,85400.0,5.096058368682861,-8.201936721801758,-0.25438392162323004
1695,85500.0,5.096058368682861,-8.201936721801758,-0.25438392162323004
1696,85600.0,5.102043628692627,-8.134899139404299,-0.3681085109710693
1697,85700.0,5.102043628692627,-8.134899139404299,-0.3681085109710693
1698,85800.0,5.092466831207275,-8.143278121948242,-0.2537853717803955
1699,85900.0,5.092466831207275,-8.143278121948242,-0.2537853717803955
1700,86000.0,5.020042419433594,-8.175600051879883,-0.3609259128570557
1701,86100.0,5.020042419433594,-8.175600051879883,-0.3609259128570557
1702,86200.0,5.0290207862854,-8.185176849365233,-0.2651578485965729
1703,86300.0,5.106832027435303,-8.140285491943361,-0.3669114112854004
1704,86400.0,5.106832027435303,-8.140285491943361,-0.3669114112854004
1705,86500.0,5.04099178314209,-8.204929351806639,-0.2382230758666992
1706,86600.0,5.04099178314209,-8.204929351806639,-0.2382230758666992
1707,86700.0,5.017049789428711,-8.176198959350586,-0.2998737692832947
1708,86800.0,5.017049789428711,-8.176198959350586,-0.2998737692832947
1709,86900.0,5.101445198059082,-8.134300231933594,-0.4153940081596375
1710,87000.0,5.101445198059082,-8.134300231933594,-0.4153940081596375
1711,87100.0,4.960785865783691,-8.231863975524902,-0.28131869435310364
1712,87200.0,5.162497520446777,-8.095394134521483,-0.3232172429561615
1713,87300.0,5.162497520446777,-8.095394134521483,-0.3232172429561615
1714,87400.0,5.094262599945068,-8.148665428161621,-0.3561375141143799
1715,87500.0,5.094262599945068,-8.148665428161621,-0.3561375141143799
1716,87600.0,5.067327976226807,-8.215105056762695,-0.19033902883529666
1717,87700.0,5.067327976226807,-8.215105056762695,-0.19033902883529666
1718,87800.0,5.0691237449646,-8.103176116943361,-0.35733461380004883
1719,87900.0,5.0691237449646,-8.103176116943361,-0.35733461380004883
1720,86000.0,5.020042419433594,-8.175600051879883,-0.3609259128570557
1721,86100.0,5.020042419433594,-8.175600051879883,-0.3609259128570557
1722,86200.0,5.0290207862854,-8.185176849365233,-0.2651578485965729
1723,86300.0,5.106832027435303,-8.140285491943361,-0.3669114112854004
1724,86400.0,5.106832027435303,-8.140285491943361,-0.3669114112854004
1725,86500.0,5.04099178314209,-8.204929351806639,-0.2382230758666992
1726,86600.0,5.04099178314209,-8.204929351806639,-0.2382230758666992
1727,86700.0,5.017049789428711,-8.176198959350586,-0.2998737692832947
1728,86800.0,5.017049789428711,-8.176198959350586,-0.2998737692832947
1729,86900.0,5.101445198059082,-8.134300231933594,-0.4153940081596375
1730,87000.0,5.101445198059082,-8.134300231933594,-0.4153940081596375
1731,87100.0,4.960785865783691,-8.231863975524902,-0.28131869435310364
1732,87200.0,5.162497520446777,-8.095394134521483,-0.3232172429561615
1733,87300.0,5.162497520446777,-8.095394134521483,-0.3232172429561615
1734,87400.0,5.094262599945068,-8.148665428161621,-0.3561375141143799
1735,87500.0,5.094262599945068,-8.148665428161621,-0.3561375141143799
1736,87600.0,5.067327976226807,-8.215105056762695,-0.19033902883529666
1737,87700.0,5.067327976226807,-8.215105056762695,-0.19033902883529666
1738,87800.0,5.0691237449646,-8.103176116943361,-0.35733461380004883
1739,87900.0,5.0691237449646,-8.103176116943361,-0.35733461380004883
1740,88000.0,5.053561210632324,-8.183381080627441,-0.22445641458034515
1741,88100.0,5.046977043151856,-8.209717750549316,-0.3681085109710693
1742,88200.0,5.046977043151856,-8.209717750549316,-0.3681085109710693
1743,88300.0,4.963180065155028,-8.208520889282228,-0.2789244949817657
1744,88400.0,4.963180065155028,-8.208520889282228,-0.2789244949817657
1745,88500.0,5.1349639892578125,-8.134300231933594,-0.2059013396501541
1746,88600.0,5.1349639892578125,-8.134300231933594,-0.2059013396501541
1747,88700.0,5.077503204345703,-8.198345184326174,-0.3220201432704925
1748,88800.0,5.077503204345703,-8.198345184326174,-0.3220201432704925
1749,88900.0,5.121796131134033,-8.145672798156737,-0.3351882398128509
1750,89000.0,5.0900726318359375,-8.15764331817627,-0.2873041927814484
1751,89100.0,5.0900726318359375,-8.15764331817627,-0.2873041927814484
1752,89200.0,4.999093055725098,-8.209717750549316,-0.2753331959247589
1753,89300.0,4.999093055725098,-8.209717750549316,-0.2753331959247589
1754,89400.0,5.210381507873535,-8.053496360778809,-0.4058171808719635
1755,89500.0,5.210381507873535,-8.053496360778809,-0.4058171808719635
1756,89600.0,5.133767127990723,-8.146869659423826,-0.4028244316577912
1757,89700.0,5.133767127990723,-8.146869659423826,-0.4028244316577912
1758,89800.0,5.1152119636535645,-8.138489723205566,-0.3417722880840301
1759,89900.0,5.125985622406006,-8.131906509399414,-0.3585317134857178
1760,88000.0,5.053561210632324,-8.183381080627441,-0.22445641458034515
1761,88100.0,5.046977043151856,-8.209717750549316,-0.3681085109710693
1762,88200.0,5.046977043151856,-8.209717750549316,-0.3681085109710693
1763,88300.0,4.963180065155028,-8.208520889282228,-0.2789244949817657
1764,88400.0,4.963180065155028,-8.208520889282228,-0.2789244949817657
1765,88500.0,5.1349639892578125,-8.134300231933594,-0.2059013396501541
1766,88600.0,5.1349639892578125,-8.134300231933594,-0.2059013396501541
1767,88700.0,5.077503204345703,-8.198345184326174,-0.3220201432704925
1768,88800.0,5.077503204345703,-8.198345184326174,-0.3220201432704925
1769,88900.0,5.121796131134033,-8.145672798156737,-0.3351882398128509
1770,89000.0,5.0900726318359375,-8.15764331817627,-0.2873041927814484
1771,89100.0,5.0900726318359375,-8.15764331817627,-0.2873041927814484
1772,89200.0,4.999093055725098,-8.209717750549316,-0.2753331959247589
1773,89300.0,4.999093055725098,-8.209717750549316,-0.2753331959247589
1774,89400.0,5.210381507873535,-8.053496360778809,-0.4058171808719635
1775,89500.0,5.210381507873535,-8.053496360778809,-0.4058171808719635
1776,89600.0,5.133767127990723,-8.146869659423826,-0.4028244316577912
1777,89700.0,5.133767127990723,-8.146869659423826,-0.4028244316577912
1778,89800.0,5.1152119636535645,-8.138489723205566,-0.3417722880840301
1779,89900.0,5.125985622406006,-8.131906509399414,-0.3585317134857178
1780,90000.0,5.125985622406006,-8.131906509399414,-0.3585317134857178
1781,90100.0,5.233725070953369,-8.073846817016603,-0.3010708689689636
1782,90200.0,5.233725070953369,-8.073846817016603,-0.3010708689689636
1783,90300.0,5.018845081329347,-8.195352554321289,-0.3956418335437775
1784,90400.0,5.018845081329347,-8.195352554321289,-0.3956418335437775
1785,90500.0,5.17746114730835,-8.074444770812987,-0.4614823758602142
1786,90600.0,5.17746114730835,-8.074444770812987,-0.4614823758602142
1787,90700.0,5.076904773712158,-8.144475936889647,-0.34416648745536804
1788,90800.0,5.112817764282227,-8.172607421875,-0.35075053572654724
1789,90900.0,5.112817764282227,-8.172607421875,-0.35075053572654724
1790,91000.0,5.2229509353637695,-8.099584579467772,-0.3926490843296051
1791,91100.0,5.2229509353637695,-8.099584579467772,-0.3926490843296051
1792,91200.0,4.994903087615967,-8.20612621307373,-0.3034650683403015
1793,91300.0,4.994903087615967,-8.20612621307373,-0.3034650683403015
1794,91400.0,5.191227912902832,-8.093599319458008,-0.3417722880840301
1795,91500.0,5.191227912902832,-8.093599319458008,-0.3417722880840301
1796,91600.0,5.127182960510254,-8.162431716918945,-0.4201824069023132
1797,91700.0,5.1565117835998535,-8.096591949462889,-0.36511576175689703
1798,91800.0,5.1565117835998535,-8.096591949462889,-0.36511576175689703
1799,91900.0,5.029619216918945,-8.209118843078612,-0.2579752206802368
1800,90000.0,5.125985622406006,-8.131906509399414,-0.3585317134857178
1801,90100.0,5.233725070953369,-8.073846817016603,-0.3010708689689636
1802,90200.0,5.233725070953369,-8.073846817016603,-0.3010708689689636
1803,90300.0,5.018845081329347,-8.195352554321289,-0.3956418335437775
1804,90400.0,5.018845081329347,-8.195352554321289,-0.3956418335437775
1805,90500.0,5.17746114730835,-8.074444770812987,-0.4614823758602142
1806,90600.0,5.17746114730835,-8.074444770812987,-0.4614823758602142
1807,90700.0,5.076904773712158,-8.144475936889647,-0.34416648745536804
1808,90800.0,5.112817764282227,-8.172607421875,-0.35075053572654724
1809,90900.0,5.112817764282227,-8.172607421875,-0.35075053572654724
1810,91000.0,5.2229509353637695,-8.099584579467772,-0.3926490843296051
1811,91100.0,5.2229509353637695,-8.099584579467772,-0.3926490843296051
1812,91200.0,4.994903087615967,-8.20612621307373,-0.3034650683403015
1813,91300.0,4.994903087615967,-8.20612621307373,-0.3034650683403015
1814,91400.0,5.191227912902832,-8.093599319458008,-0.3417722880840301
1815,91500.0,5.191227912902832,-8.093599319458008,-0.3417722880840301
1816,91600.0,5.127182960510254,-8.162431716918945,-0.4201824069023132
1817,91700.0,5.1565117835998535,-8.096591949462889,-0.36511576175689703
1818,91800.0,5.1565117835998535,-8.096591949462889,-0.36511576175689703
1819,91900.0,5.029619216918945,-8.209118843078612,-0.2579752206802368
1820,92000.0,5.029619216918945,-8.209118843078612,-0.2579752206802368
1821,92100.0,5.142146587371826,-8.145672798156737,-0.2555810213088989
1822,92200.0,5.142146587371826,-8.145672798156737,-0.2555810213088989
1823,92300.0,5.021239280700684,-8.181585311889647,-0.2735375463962555
1824,92400.0,5.021239280700684,-8.181585311889647,-0.2735375463962555
1825,92500.0,5.011064052581787,-8.172008514404299,-0.314238965511322
1826,92600.0,5.151723384857178,-8.087015151977539,-0.41120412945747375
1827,92700.0,5.151723384857178,-8.087015151977539,-0.41120412945747375
1828,92800.0,5.2229509353637695,-8.053496360778809,-0.3824737071990967
1829,92900.0,5.2229509353637695,-8.053496360778809,-0.3824737071990967
1830,93000.0,4.993706226348877,-8.180987358093263,-0.3585317134857178
1831,93100.0,4.993706226348877,-8.180987358093263,-0.3585317134857178
1832,93200.0,5.152920722961426,-8.151060104370117,-0.2388216257095337
1833,93300.0,5.152920722961426,-8.151060104370117,-0.2388216257095337
1834,93400.0,5.120598793029785,-8.119935035705566,-0.396240383386612
1835,93500.0,5.168482780456543,-8.084620475769043,-0.3824737071990967
1836,93600.0,5.168482780456543,-8.084620475769043,-0.3824737071990967
1837,93700.0,5.033210754394531,-8.169614791870117,-0.4728548228740692
1838,93800.0,5.033210754394531,-8.169614791870117,-0.4728548228740692
1839,93900.0,5.189432144165039,-8.051101684570312,-0.5476736426353455
1840,92000.0,5.029619216918945,-8.209118843078612,-0.2579752206802368
1841,92100.0,5.142146587371826,-8.145672798156737,-0.2555810213088989
1842,92200.0,5.142146587371826,-8.145672798156737,-0.2555810213088989
1843,92300.0,5.021239280700684,-8.181585311889647,-0.2735375463962555
1844,92400.0,5.021239280700684,-8.181585311889647,-0.2735375463962555
1845,92500.0,5.011064052581787,-8.172008514404299,-0.314238965511322
1846,92600.0,5.151723384857178,-8.087015151977539,-0.41120412945747375
1847,92700.0,5.151723384857178,-8.087015151977539,-0.41120412945747375
1848,92800.0,5.2229509353637695,-8.053496360778809,-0.3824737071990967
1849,92900.0,5.2229509353637695,-8.053496360778809,-0.3824737071990967
1850,93000.0,4.993706226348877,-8.180987358093263,-0.3585317134857178
1851,93100.0,4.993706226348877,-8.180987358093263,-0.3585317134857178
1852,93200.0,5.152920722961426,-8.151060104370117,-0.2388216257095337
1853,93300.0,5.152920722961426,-8.151060104370117,-0.2388216257095337
1854,93400.0,5.120598793029785,-8.119935035705566,-0.396240383386612
1855,93500.0,5.168482780456543,-8.084620475769043,-0.3824737071990967
1856,93600.0,5.168482780456543,-8.084620475769043,-0.3824737071990967
1857,93700.0,5.033210754394531,-8.169614791870117,-0.4728548228740692
1858,93800.0,5.033210754394531,-8.169614791870117,-0.4728548228740692
1859,93900.0,5.189432144165039,-8.051101684570312,-0.5476736426353455
1860,94000.0,5.189432144165039,-8.051101684570312,-0.5476736426353455
1861,94100.0,5.2666449546813965,-7.996035099029541,-0.5237316489219666
1862,94200.0,5.2666449546813965,-7.996035099029541,-0.5237316489219666
1863,94300.0,4.945822238922119,-8.227075576782228,-0.3166331648826599
1864,94400.0,5.297171115875244,-8.055291175842285,-0.3806780576705933
1865,94500.0,5.297171115875244,-8.055291175842285,-0.3806780576705933
1866,94600.0,5.123591423034668,-8.149264335632324,-0.32022446393966675
1867,94700.0,5.123591423034668,-8.149264335632324,-0.32022446393966675
1868,94800.0,5.1343655586242685,-8.112154006958008,-0.3746925592422485
1869,94900.0,5.1343655586242685,-8.112154006958008,-0.3746925592422485
1870,95000.0,5.211578369140625,-8.085817337036133,-0.3369838893413544
1871,95100.0,5.211578369140625,-8.085817337036133,-0.3369838893413544
1872,95200.0,5.111021995544434,-8.12053394317627,-0.333991140127182
1873,95300.0,5.111021995544434,-8.12053394317627,-0.333991140127182
1874,95400.0,5.039794445037842,-8.141483306884767,-0.27712884545326233
1875,95500.0,5.202600479125977,-8.103774070739746,-0.2047042399644852
1876,95600.0,5.202600479125977,-8.103774070739746,-0.2047042399644852
1877,95700.0,5.0523643493652335,-8.166023254394531,-0.2789244949817657
1878,95800.0,5.0523643493652335,-8.166023254394531,-0.2789244949817657
1879,95900.0,5.152920722961426,-8.078635215759277,-0.4094084799289704
1880,94000.0,5.189432144165039,-8.051101684570312,-0.5476736426353455
1881,94100.0,5.2666449546813965,-7.996035099029541,-0.5237316489219666
1882,94200.0,5.2666449546813965,-7.996035099029541,-0.5237316489219666
1883,94300.0,4.945822238922119,-8.227075576782228,-0.3166331648826599
1884,94400.0,5.297171115875244,-8.055291175842285,-0.3806780576705933
1885,94500.0,5.297171115875244,-8.055291175842285,-0.3806780576705933
1886,94600.0,5.123591423034668,-8.149264335632324,-0.32022446393966675
1887,94700.0,5.123591423034668,-8.149264335632324,-0.32022446393966675
1888,94800.0,5.1343655586242685,-8.112154006958008,-0.3746925592422485
1889,94900.0,5.1343655586242685,-8.112154006958008,-0.3746925592422485
1890,95000.0,5.211578369140625,-8.085817337036133,-0.3369838893413544
1891,95100.0,5.211578369140625,-8.085817337036133,-0.3369838893413544
1892,95200.0,5.111021995544434,-8.12053394317627,-0.333991140127182
1893,95300.0,5.111021995544434,-8.12053394317627,-0.333991140127182
1894,95400.0,5.039794445037842,-8.141483306884767,-0.27712884545326233
1895,95500.0,5.202600479125977,-8.103774070739746,-0.2047042399644852
1896,95600.0,5.202600479125977,-8.103774070739746,-0.2047042399644852
1897,95700.0,5.0523643493652335,-8.166023254394531,-0.2789244949817657
1898,95800.0,5.0523643493652335,-8.166023254394531,-0.2789244949817657
1899,95900.0,5.152920722961426,-8.078635215759277,-0.4094084799289704
1900,96000.0,5.152920722961426,-8.078635215759277,-0.4094084799289704
1901,96100.0,5.085284233093262,-8.149862289428711,-0.3471592366695404
1902,96200.0,5.085284233093262,-8.149862289428711,-0.3471592366695404
1903,96300.0,5.114014625549316,-8.108562469482424,-0.3705027103424072
1904,96400.0,5.094262599945068,-8.172607421875,-0.4070142805576325
1905,96500.0,5.094262599945068,-8.172607421875,-0.4070142805576325
1906,96600.0,5.2702364921569815,-8.027159690856934,-0.314238965511322
1907,96700.0,5.2702364921569815,-8.027159690856934,-0.314238965511322
1908,96800.0,5.0894742012023935,-8.178592681884767,-0.2902969419956207
1909,96900.0,5.0894742012023935,-8.178592681884767,-0.2902969419956207
1910,97000.0,4.978143692016602,-8.20612621307373,-0.3567360639572144
1911,97100.0,5.096656799316406,-8.129511833190918,-0.4058171808719635
1912,97200.0,5.096656799316406,-8.129511833190918,-0.4058171808719635
1913,97300.0,5.105036735534668,-8.121131896972656,-0.34416648745536804
1914,97400.0,5.105036735534668,-8.121131896972656,-0.34416648745536804
1915,97500.0,4.964377403259277,-8.188169479370117,-0.424970805644989
1916,97600.0,4.964377403259277,-8.188169479370117,-0.424970805644989
1917,97700.0,5.169081687927246,-8.09778881072998,-0.3920505344867706
1918,97800.0,5.169081687927246,-8.09778881072998,-0.3920505344867706
1919,97900.0,4.93923807144165,-8.236652374267576,-0.36571431159973145
1920,96000.0,5.152920722961426,-8.078635215759277,-0.4094084799289704
1921,96100.0,5.085284233093262,-8.149862289428711,-0.3471592366695404
1922,96200.0,5.085284233093262,-8.149862289428711,-0.3471592366695404
1923,96300.0,5.114014625549316,-8.108562469482424,-0.3705027103424072
1924,96400.0,5.094262599945068,-8.172607421875,-0.4070142805576325
1925,96500.0,5.094262599945068,-8.172607421875,-0.4070142805576325
1926,96600.0,5.2702364921569815,-8.027159690856934,-0.314238965511322
1927,96700.0,5.2702364921569815,-8.027159690856934,-0.314238965511322
1928,96800.0,5.0894742012023935,-8.178592681884767,-0.2902969419956207
1929,96900.0,5.0894742012023935,-8.178592681884767,-0.2902969419956207
1930,97000.0,4.978143692016602,-8.20612621307373,-0.3567360639572144
1931,97100.0,5.096656799316406,-8.129511833190918,-0.4058171808719635
1932,97200.0,5.096656799316406,-8.129511833190918,-0.4058171808719635
1933,97300.0,5.105036735534668,-8.121131896972656,-0.34416648745536804
1934,97400.0,5.105036735534668,-8.121131896972656,-0.34416648745536804
1935,97500.0,4.964377403259277,-8.188169479370117,-0.424970805644989
1936,97600.0,4.964377403259277,-8.188169479370117,-0.424970805644989
1937,97700.0,5.169081687927246,-8.09778881072998,-0.3920505344867706
1938,97800.0,5.169081687927246,-8.09778881072998,-0.3920505344867706
1939,97900.0,4.93923807144165,-8.236652374267576,-0.36571431159973145
1940,98000.0,4.93923807144165,-8.236652374267576,-0.36571431159973145
1941,98100.0,5.253477096557617,-8.081028938293457,-0.3770867586135864
1942,98200.0,5.037400245666504,-8.176796913146973,-0.22685061395168304
1943,98300.0,5.037400245666504,-8.176796913146973,-0.22685061395168304
1944,98400.0,5.251082897186278,-8.075043678283691,-0.27712884545326233
1945,98500.0,5.251082897186278,-8.075043678283691,-0.27712884545326233
1946,98600.0,5.0715179443359375,-8.17141056060791,-0.2082955539226532
1947,98700.0,5.0715179443359375,-8.17141056060791,-0.2082955539226532
1948,98800.0,5.103240966796875,-8.099584579467772,-0.25079262256622314
1949,98900.0,5.103240966796875,-8.099584579467772,-0.25079262256622314
1950,99000.0,5.048174381256104,-8.208520889282228,-0.1711854189634323
1951,99100.0,5.055955410003662,-8.200140953063965,-0.18794482946395874
1952,99200.0,5.055955410003662,-8.200140953063965,-0.18794482946395874
1953,99300.0,5.158307552337647,-8.092401504516603,-0.12210428714752194
1954,99400.0,5.158307552337647,-8.092401504516603,-0.12210428714752194
1955,99500.0,4.989516258239746,-8.189367294311522,-0.06404489278793335
1956,99600.0,4.989516258239746,-8.189367294311522,-0.06404489278793335
1957,99700.0,5.186439514160156,-8.037933349609375,-0.21667525172233584
1958,99800.0,5.186439514160156,-8.037933349609375,-0.21667525172233584
1959,99900.0,5.032611846923828,-8.167220115661621,-0.12868833541870114
1960,98000.0,4.93923807144165,-8.236652374267576,-0.36571431159973145
1961,98100.0,5.253477096557617,-8.081028938293457,-0.3770867586135864
1962,98200.0,5.037400245666504,-8.176796913146973,-0.22685061395168304
1963,98300.0,5.037400245666504,-8.176796913146973,-0.22685061395168304
1964,98400.0,5.251082897186278,-8.075043678283691,-0.27712884545326233
1965,98500.0,5.251082897186278,-8.075043678283691,-0.27712884545326233
1966,98600.0,5.0715179443359375,-8.17141056060791,-0.2082955539226532
1967,98700.0,5.0715179443359375,-8.17141056060791,-0.2082955539226532
1968,98800.0,5.103240966796875,-8.099584579467772,-0.25079262256622314
1969,98900.0,5.103240966796875,-8.099584579467772,-0.25079262256622314
1970,99000.0,5.048174381256104,-8.208520889282228,-0.1711854189634323
1971,99100.0,5.055955410003662,-8.200140953063965,-0.18794482946395874
1972,99200.0,5.055955410003662,-8.200140953063965,-0.18794482946395874
1973,99300.0,5.158307552337647,-8.092401504516603,-0.12210428714752194
1974,99400.0,5.158307552337647,-8.092401504516603,-0.12210428714752194
1975,99500.0,4.989516258239746,-8.189367294311522,-0.06404489278793335
1976,99600.0,4.989516258239746,-8.189367294311522,-0.06404489278793335
1977,99700.0,5.186439514160156,-8.037933349609375,-0.21667525172233584
1978,99800.0,5.186439514160156,-8.037933349609375,-0.21667525172233584
1979,99900.0,5.032611846923828,-8.167220115661621,-0.12868833541870114
1980,100000.0,5.106233596801758,-8.149264335632324,-0.1472434103488922
1981,100100.0,5.106233596801758,-8.149264335632324,-0.1472434103488922
1982,100200.0,5.117606163024902,-8.166622161865233,-0.11611878126859665
1983,100300.0,5.117606163024902,-8.166622161865233,-0.11611878126859665
1984,100400.0,4.985326290130615,-8.178592681884767,-0.414795458316803
1985,100500.0,4.985326290130615,-8.178592681884767,-0.414795458316803
1986,100600.0,5.2271409034729,-8.025363922119139,-0.2352303117513657
1987,100700.0,5.2271409034729,-8.025363922119139,-0.2352303117513657
1988,100800.0,4.993706226348877,-8.312069892883299,0.012569558806717396
1989,100900.0,4.918288707733153,-8.300098419189451,-0.06344634294509888
1990,101000.0,4.918288707733153,-8.300098419189451,-0.06344634294509888
1991,101100.0,5.172672748565674,-7.978677272796631,-0.4878185987472534
1992,101200.0,5.172672748565674,-7.978677272796631,-0.4878185987472534
1993,101300.0,5.14932918548584,-8.135497093200684,-0.25498247146606445
1994,101400.0,5.14932918548584,-8.135497093200684,-0.25498247146606445
1995,101500.0,5.040393352508545,-8.125920295715332,-0.17178396880626678
1996,101600.0,5.040393352508545,-8.125920295715332,-0.17178396880626678
1997,101700.0,5.233126163482666,-8.036137580871582,-0.08738835901021957
1998,101800.0,5.0499701499938965,-8.196549415588379,-0.1604115068912506
1999,101900.0,5.0499701499938965,-8.196549415588379,-0.1604115068912506
2000,100000.0,5.106233596801758,-8.149264335632324,-0.1472434103488922
2001,100100.0,5.106233596801758,-8.149264335632324,-0.1472434103488922
2002,100200.0,5.117606163024902,-8.166622161865233,-0.11611878126859665
2003,100300.0,5.117606163024902,-8.166622161865233,-0.11611878126859665
2004,100400.0,4.985326290130615,-8.178592681884767,-0.414795458316803
2005,100500.0,4.985326290130615,-8.178592681884767,-0.414795458316803
2006,100600.0,5.2271409034729,-8.025363922119139,-0.2352303117513657
2007,100700.0,5.2271409034729,-8.025363922119139,-0.2352303117513657
2008,100800.0,4.993706226348877,-8.312069892883299,0.012569558806717396
2009,100900.0,4.918288707733153,-8.300098419189451,-0.06344634294509888
2010,101000.0,4.918288707733153,-8.300098419189451,-0.06344634294509888
2011,101100.0,5.172672748565674,-7.978677272796631,-0.4878185987472534
2012,101200.0,5.172672748565674,-7.978677272796631,-0.4878185987472534
2013,101300.0,5.14932918548584,-8.135497093200684,-0.25498247146606445
2014,101400.0,5.14932918548584,-8.135497093200684,-0.25498247146606445
2015,101500.0,5.040393352508545,-8.125920295715332,-0.17178396880626678
2016,101600.0,5.040393352508545,-8.125920295715332,-0.17178396880626678
2017,101700.0,5.233126163482666,-8.036137580871582,-0.08738835901021957
2018,101800.0,5.0499701499938965,-8.196549415588379,-0.1604115068912506
2019,101900.0,5.0499701499938965,-8.196549415588379,-0.1604115068912506
2020,102000.0,5.202001571655273,-8.101978302001951,-0.08379705995321274
2021,102100.0,5.202001571655273,-8.101978302001951,-0.08379705995321274
2022,102200.0,5.18284797668457,-8.109759330749513,-0.1364694982767105
2023,102300.0,5.18284797668457,-8.109759330749513,-0.1364694982767105
2024,102400.0,5.184045314788818,-8.144475936889647,-0.08978256583213806
2025,102500.0,5.184045314788818,-8.144475936889647,-0.08978256583213806
2026,102600.0,5.208585739135742,-8.040328025817871,-0.3369838893413544
2027,102700.0,5.019443988800049,-8.162431716918945,-0.07182604819536209
2028,102800.0,5.019443988800049,-8.162431716918945,-0.07182604819536209
2029,102900.0,5.222352504730225,-8.061277389526367,-0.20111294090747836
2030,103000.0,5.222352504730225,-8.061277389526367,-0.20111294090747836
2031,103100.0,5.0691237449646,-8.167819023132324,-0.1562216579914093
2032,103200.0,5.0691237449646,-8.167819023132324,-0.1562216579914093
2033,103300.0,5.106233596801758,-8.088212013244629,-0.3064578175544739
2034,103400.0,5.106233596801758,-8.088212013244629,-0.3064578175544739
2035,103500.0,4.953603267669678,-8.165425300598145,-0.2789244949817657
2036,103600.0,5.221155166625977,-8.070854187011719,-0.1693897694349289
2037,103700.0,5.221155166625977,-8.070854187011719,-0.1693897694349289
2038,103800.0,5.143343925476074,-8.170811653137207,-0.17836803197860718
2039,103900.0,5.143343925476074,-8.170811653137207,-0.17836803197860718
2040,102000.0,5.202001571655273,-8.101978302001951,-0.08379705995321274
2041,102100.0,5.202001571655273,-8.101978302001951,-0.08379705995321274
2042,102200.0,5.18284797668457,-8.109759330749513,-0.1364694982767105
2043,102300.0,5.18284797668457,-8.109759330749513,-0.1364694982767105
2044,102400.0,5.184045314788818,-8.144475936889647,-0.08978256583213806
2045,102500.0,5.184045314788818,-8.144475936889647,-0.08978256583213806
2046,102600.0,5.208585739135742,-8.040328025817871,-0.3369838893413544
2047,102700.0,5.019443988800049,-8.162431716918945,-0.07182604819536209
2048,102800.0,5.019443988800049,-8.162431716918945,-0.07182604819536209
2049,102900.0,5.222352504730225,-8.061277389526367,-0.20111294090747836
2050,103000.0,5.222352504730225,-8.061277389526367,-0.20111294090747836
2051,103100.0,5.0691237449646,-8.167819023132324,-0.1562216579914093
2052,103200.0,5.0691237449646,-8.167819023132324,-0.1562216579914093
2053,103300.0,5.106233596801758,-8.088212013244629,-0.3064578175544739
2054,103400.0,5.106233596801758,-8.088212013244629,-0.3064578175544739
2055,103500.0,4.953603267669678,-8.165425300598145,-0.2789244949817657
2056,103600.0,5.221155166625977,-8.070854187011719,-0.1693897694349289
2057,103700.0,5.221155166625977,-8.070854187011719,-0.1693897694349289
2058,103800.0,5.143343925476074,-8.170811653137207,-0.17836803197860718
2059,103900.0,5.143343925476074,-8.170811653137207,-0.17836803197860718
2060,104000.0,5.118803024291992,-8.094197273254395,-0.2867056429386139
2061,104100.0,5.118803024291992,-8.094197273254395,-0.2867056429386139
2062,104200.0,5.1804537773132315,-8.093000411987305,-0.2346317619085312
2063,104300.0,5.1804537773132315,-8.093000411987305,-0.2346317619085312
2064,104400.0,5.213972568511963,-8.057086944580076,-0.2735375463962555
2065,104500.0,5.155913352966309,-8.145073890686035,-0.13287819921970367
2066,104600.0,5.155913352966309,-8.145073890686035,-0.13287819921970367
2067,104700.0,5.2055931091308585,-8.069656372070312,-0.16759411990642548
2068,104800.0,5.2055931091308585,-8.069656372070312,-0.16759411990642548
2069,104900.0,5.147533416748047,-8.088212013244629,-0.31364041566848755
2070,105000.0,5.147533416748047,-8.088212013244629,-0.31364041566848755
2071,105100.0,5.228936672210693,-8.067262649536133,-0.11552023142576218
2072,105200.0,5.228936672210693,-8.067262649536133,-0.11552023142576218
2073,105300.0,4.9996914863586435,-8.192359924316406,-0.24001872539520264
2074,105400.0,5.146336555480957,-8.145672798156737,-0.1125274822115898
2075,105500.0,5.146336555480957,-8.145672798156737,-0.1125274822115898
2076,105600.0,5.249885559082031,-8.018779754638674,-0.272938996553421
2077,105700.0,5.249885559082031,-8.018779754638674,-0.272938996553421
2078,105800.0,5.161300182342528,-8.117541313171388,-0.1777694821357727
2079,105900.0,5.161300182342528,-8.117541313171388,-0.1777694821357727
2080,104000.0,5.118803024291992,-8.094197273254395,-0.2867056429386139
2081,104100.0,5.118803024291992,-8.094197273254395,-0.2867056429386139
2082,104200.0,5.1804537773132315,-8.093000411987305,-0.2346317619085312
2083,104300.0,5.1804537773132315,-8.093000411987305,-0.2346317619085312
2084,104400.0,5.213972568511963,-8.057086944580076,-0.2735375463962555
2085,104500.0,5.155913352966309,-8.145073890686035,-0.13287819921970367
2086,104600.0,5.155913352966309,-8.145073890686035,-0.13287819921970367
2087,104700.0,5.2055931091308585,-8.069656372070312,-0.16759411990642548
2088,104800.0,5.2055931091308585,-8.069656372070312,-0.16759411990642548
2089,104900.0,5.147533416748047,-8.088212013244629,-0.31364041566848755
2090,105000.0,5.147533416748047,-8.088212013244629,-0.31364041566848755
2091,105100.0,5.228936672210693,-8.067262649536133,-0.11552023142576218
2092,105200.0,5.228936672210693,-8.067262649536133,-0.11552023142576218
2093,105300.0,4.9996914863586435,-8.192359924316406,-0.24001872539520264
2094,105400.0,5.146336555480957,-8.145672798156737,-0.1125274822115898
2095,105500.0,5.146336555480957,-8.145672798156737,-0.1125274822115898
2096,105600.0,5.249885559082031,-8.018779754638674,-0.272938996553421
2097,105700.0,5.249885559082031,-8.018779754638674,-0.272938996553421
2098,105800.0,5.161300182342528,-8.117541313171388,-0.1777694821357727
2099,105900.0,5.161300182342528,-8.117541313171388,-0.1777694821357727
2100,106000.0,5.047575950622559,-8.179191589355469,-0.1256955862045288
2101,106100.0,5.047575950622559,-8.179191589355469,-0.1256955862045288
2102,106200.0,5.2893900871276855,-8.003816604614258,-0.2059013396501541
2103,106300.0,5.011662483215332,-8.214506149291992,-0.09876082092523576
2104,106400.0,5.011662483215332,-8.214506149291992,-0.09876082092523576
2105,106500.0,5.058349609375,-8.167819023132324,0.041299980133771896
2106,106600.0,5.058349609375,-8.167819023132324,0.041299980133771896
2107,106700.0,5.142745018005371,-8.044517517089844,0.0628477931022644
2108,106800.0,5.142745018005371,-8.044517517089844,0.0628477931022644
2109,106900.0,5.1607017517089835,-8.013393402099611,0.011971008032560349
2110,107000.0,5.1607017517089835,-8.013393402099611,0.011971008032560349
2111,107100.0,5.289988517761231,-7.954735279083253,0.09876082092523576
2112,107200.0,5.28460168838501,-8.006210327148438,-0.0065840547904372215
2113,107300.0,5.28460168838501,-8.006210327148438,-0.0065840547904372215
2114,107400.0,5.170876979827881,-8.119336128234862,-0.0017956512747332454
2115,107500.0,5.170876979827881,-8.119336128234862,-0.0017956512747332454
2116,107600.0,5.055955410003662,-8.177994728088379,0.1412578970193863
2117,107700.0,5.055955410003662,-8.177994728088379,0.1412578970193863
2118,107800.0,5.111021995544434,-8.116942405700684,-0.01975216343998909
2119,107900.0,5.111021995544434,-8.116942405700684,-0.01975216343998909
2120,106000.0,5.047575950622559,-8.179191589355469,-0.1256955862045288
2121,106100.0,5.047575950622559,-8.179191589355469,-0.1256955862045288
2122,106200.0,5.2893900871276855,-8.003816604614258,-0.2059013396501541
2123,106300.0,5.011662483215332,-8.214506149291992,-0.09876082092523576
2124,106400.0,5.011662483215332,-8.214506149291992,-0.09876082092523576
2125,106500.0,5.058349609375,-8.167819023132324,0.041299980133771896
2126,106600.0,5.058349609375,-8.167819023132324,0.041299980133771896
2127,106700.0,5.142745018005371,-8.044517517089844,0.0628477931022644
2128,106800.0,5.142745018005371,-8.044517517089844,0.0628477931022644
2129,106900.0,5.1607017517089835,-8.013393402099611,0.011971008032560349
2130,107000.0,5.1607017517089835,-8.013393402099611,0.011971008032560349
2131,107100.0,5.289988517761231,-7.954735279083253,0.09876082092523576
2132,107200.0,5.28460168838501,-8.006210327148438,-0.0065840547904372215
2133,107300.0,5.28460168838501,-8.006210327148438,-0.0065840547904372215
2134,107400.0,5.170876979827881,-8.119336128234862,-0.0017956512747332454
2135,107500.0,5.170876979827881,-8.119336128234862,-0.0017956512747332454
2136,107600.0,5.055955410003662,-8.177994728088379,0.1412578970193863
2137,107700.0,5.055955410003662,-8.177994728088379,0.1412578970193863
2138,107800.0,5.111021995544434,-8.116942405700684,-0.01975216343998909
2139,107900.0,5.111021995544434,-8.116942405700684,-0.01975216343998909
2140,108000.0,5.174468517303467,-8.06427001953125,0.07841010391712189
2141,108100.0,5.122394561767578,-8.13908863067627,-0.1149216815829277
2142,108200.0,5.122394561767578,-8.13908863067627,-0.1149216815829277
2143,108300.0,4.996100425720215,-8.185775756835938,0.009576806798577309
2144,108400.0,4.996100425720215,-8.185775756835938,0.009576806798577309
2145,108500.0,5.214571475982666,-8.06546688079834,-0.1993172913789749
2146,108600.0,5.214571475982666,-8.06546688079834,-0.1993172913789749
2147,108700.0,5.041590213775635,-8.181585311889647,0.016160860657691956
2148,108800.0,5.041590213775635,-8.181585311889647,0.016160860657691956
2149,108900.0,5.055955410003662,-8.179191589355469,-0.04967968538403511
2150,109000.0,5.04099178314209,-8.192359924316406,-0.060453593730926514
2151,109100.0,5.04099178314209,-8.192359924316406,-0.060453593730926514
2152,109200.0,4.9111061096191415,-8.254010200500487,0.04010287672281265
2153,109300.0,4.9111061096191415,-8.254010200500487,0.04010287672281265
2154,109400.0,5.059546947479248,-8.170811653137207,-0.09038111567497252
2155,109500.0,5.059546947479248,-8.170811653137207,-0.09038111567497252
2156,109600.0,5.130774021148682,-8.082226753234862,-0.2448071241378784
2157,109700.0,5.130774021148682,-8.082226753234862,-0.2448071241378784
2158,109800.0,5.153519153594972,-8.101380348205566,-0.26336219906806946
2159,109900.0,5.0272250175476065,-8.198944091796875,-0.058059390634298325
2160,108000.0,5.174468517303467,-8.06427001953125,0.07841010391712189
2161,108100.0,5.122394561767578,-8.13908863067627,-0.1149216815829277
2162,108200.0,5.122394561767578,-8.13908863067627,-0.1149216815829277
2163,108300.0,4.996100425720215,-8.185775756835938,0.009576806798577309
2164,108400.0,4.996100425720215,-8.185775756835938,0.009576806798577309
2165,108500.0,5.214571475982666,-8.06546688079834,-0.1993172913789749
2166,108600.0,5.214571475982666,-8.06546688079834,-0.1993172913789749
2167,108700.0,5.041590213775635,-8.181585311889647,0.016160860657691956
2168,108800.0,5.041590213775635,-8.181585311889647,0.016160860657691956
2169,108900.0,5.055955410003662,-8.179191589355469,-0.04967968538403511
2170,109000.0,5.04099178314209,-8.192359924316406,-0.060453593730926514
2171,109100.0,5.04099178314209,-8.192359924316406,-0.060453593730926514
2172,109200.0,4.9111061096191415,-8.254010200500487,0.04010287672281265
2173,109300.0,4.9111061096191415,-8.254010200500487,0.04010287672281265
2174,109400.0,5.059546947479248,-8.170811653137207,-0.09038111567497252
2175,109500.0,5.059546947479248,-8.170811653137207,-0.09038111567497252
2176,109600.0,5.130774021148682,-8.082226753234862,-0.2448071241378784
2177,109700.0,5.130774021148682,-8.082226753234862,-0.2448071241378784
2178,109800.0,5.153519153594972,-8.101380348205566,-0.26336219906806946
2179,109900.0,5.0272250175476065,-8.198944091796875,-0.058059390634298325
2180,110000.0,5.0272250175476065,-8.198944091796875,-0.058059390634298325
2181,110100.0,5.081693172454834,-8.181585311889647,-0.1915361285209656
2182,110200.0,5.081693172454834,-8.181585311889647,-0.1915361285209656
2183,110300.0,5.150526523590088,-8.157045364379883,0.058059390634298325
2184,110400.0,5.150526523590088,-8.157045364379883,0.058059390634298325
2185,110500.0,5.051167011260986,-8.139687538146973,-0.18375498056411746
2186,110600.0,5.051167011260986,-8.139687538146973,-0.18375498056411746
2187,110700.0,5.011662483215332,-8.213309288024902,-0.16759411990642548
2188,110800.0,5.0290207862854,-8.149862289428711,-0.2286462634801865
2189,110900.0,5.0290207862854,-8.149862289428711,-0.2286462634801865
2190,111000.0,5.1349639892578125,-8.134899139404299,0.023942016065120697
2191,111100.0,5.1349639892578125,-8.134899139404299,0.023942016065120697
2192,111200.0,5.188833713531494,-8.095993041992188,-0.2436100244522095
2193,111300.0,5.188833713531494,-8.095993041992188,-0.2436100244522095
2194,111400.0,5.0499701499938965,-8.209118843078612,-0.08798690885305405
2195,111500.0,5.0499701499938965,-8.209118843078612,-0.08798690885305405
2196,111600.0,5.0290207862854,-8.203732490539549,-0.14425064623355865
2197,111700.0,5.236717700958252,-8.050502777099611,-0.2412158250808716
2198,111800.0,5.236717700958252,-8.050502777099611,-0.2412158250808716
2199,111900.0,5.019443988800049,-8.198345184326174,-0.19033902883529666
2200,110000.0,5.0272250175476065,-8.198944091796875,-0.058059390634298325
2201,110100.0,5.081693172454834,-8.181585311889647,-0.1915361285209656
2202,110200.0,5.081693172454834,-8.181585311889647,-0.1915361285209656
2203,110300.0,5.150526523590088,-8.157045364379883,0.058059390634298325
2204,110400.0,5.150526523590088,-8.157045364379883,0.058059390634298325
2205,110500.0,5.051167011260986,-8.139687538146973,-0.18375498056411746
2206,110600.0,5.051167011260986,-8.139687538146973,-0.18375498056411746
2207,110700.0,5.011662483215332,-8.213309288024902,-0.16759411990642548
2208,110800.0,5.0290207862854,-8.149862289428711,-0.2286462634801865
2209,110900.0,5.0290207862854,-8.149862289428711,-0.2286462634801865
2210,111000.0,5.1349639892578125,-8.134899139404299,0.023942016065120697
2211,111100.0,5.1349639892578125,-8.134899139404299,0.023942016065120697
2212,111200.0,5.188833713531494,-8.095993041992188,-0.2436100244522095
2213,111300.0,5.188833713531494,-8.095993041992188,-0.2436100244522095
2214,111400.0,5.0499701499938965,-8.209118843078612,-0.08798690885305405
2215,111500.0,5.0499701499938965,-8.209118843078612,-0.08798690885305405
2216,111600.0,5.0290207862854,-8.203732490539549,-0.14425064623355865
2217,111700.0,5.236717700958252,-8.050502777099611,-0.2412158250808716
2218,111800.0,5.236717700958252,-8.050502777099611,-0.2412158250808716
2219,111900.0,5.019443988800049,-8.198345184326174,-0.19033902883529666
2220,112000.0,5.019443988800049,-8.198345184326174,-0.19033902883529666
2221,112100.0,5.123591423034668,-8.154052734375,-0.24181437492370605
2222,112200.0,5.123591423034668,-8.154052734375,-0.24181437492370605
2223,112300.0,5.0008888244628915,-8.176198959350586,-0.20530278980731964
2224,112400.0,5.0008888244628915,-8.176198959350586,-0.20530278980731964
2225,112500.0,5.064933776855469,-8.168417930603027,-0.12449848651885985
2226,112600.0,5.039196014404297,-8.172008514404299,-0.1867477297782898
2227,112700.0,5.039196014404297,-8.172008514404299,-0.1867477297782898
2228,112800.0,5.067327976226807,-8.125920295715332,-0.2214636504650116
2229,112900.0,5.067327976226807,-8.125920295715332,-0.2214636504650116
2230,113000.0,5.096058368682861,-8.141483306884767,-0.20290859043598172
2231,113100.0,5.096058368682861,-8.141483306884767,-0.20290859043598172
2232,113200.0,5.161300182342528,-8.108562469482424,-0.27473464608192444
2233,113300.0,5.161300182342528,-8.108562469482424,-0.27473464608192444
2234,113400.0,5.210381507873535,-8.059481620788574,-0.15741875767707825
2235,113500.0,5.228936672210693,-8.06666374206543,-0.166995570063591
2236,113600.0,5.228936672210693,-8.06666374206543,-0.166995570063591
2237,113700.0,5.001487255096436,-8.211513519287111,-0.07900865375995636
2238,113800.0,5.001487255096436,-8.211513519287111,-0.07900865375995636
2239,113900.0,5.158905982971191,-8.142081260681152,-0.28790274262428284
2240,112000.0,5.019443988800049,-8.198345184326174,-0.19033902883529666
2241,112100.0,5.123591423034668,-8.154052734375,-0.24181437492370605
2242,112200.0,5.123591423034668,-8.154052734375,-0.24181437492370605
2243,112300.0,5.0008888244628915,-8.176198959350586,-0.20530278980731964
2244,112400.0,5.0008888244628915,-8.176198959350586,-0.20530278980731964
2245,112500.0,5.064933776855469,-8.168417930603027,-0.12449848651885985
2246,112600.0,5.039196014404297,-8.172008514404299,-0.1867477297782898
2247,112700.0,5.039196014404297,-8.172008514404299,-0.1867477297782898
2248,112800.0,5.067327976226807,-8.125920295715332,-0.2214636504650116
2249,112900.0,5.067327976226807,-8.125920295715332,-0.2214636504650116
2250,113000.0,5.096058368682861,-8.141483306884767,-0.20290859043598172
2251,113100.0,5.096058368682861,-8.141483306884767,-0.20290859043598172
2252,113200.0,5.161300182342528,-8.108562469482424,-0.27473464608192444
2253,113300.0,5.161300182342528,-8.108562469482424,-0.27473464608192444
2254,113400.0,5.210381507873535,-8.059481620788574,-0.15741875767707825
2255,113500.0,5.228936672210693,-8.06666374206543,-0.166995570063591
2256,113600.0,5.228936672210693,-8.06666374206543,-0.166995570063591
2257,113700.0,5.001487255096436,-8.211513519287111,-0.07900865375995636
2258,113800.0,5.001487255096436,-8.211513519287111,-0.07900865375995636
2259,113900.0,5.158905982971191,-8.142081260681152,-0.28790274262428284
2260,114000.0,5.158905982971191,-8.142081260681152,-0.28790274262428284
2261,114100.0,5.193023681640625,-8.06427001953125,-0.04967968538403511
2262,114200.0,5.193023681640625,-8.06427001953125,-0.04967968538403511
2263,114300.0,5.14813232421875,-8.121730804443361,-0.07003039866685867
2264,114400.0,5.225943565368652,-8.050502777099611,-0.22206220030784607
2265,114500.0,5.225943565368652,-8.050502777099611,-0.22206220030784607
2266,114600.0,5.189432144165039,-8.08282470703125,-0.22685061395168304
2267,114700.0,5.189432144165039,-8.08282470703125,-0.22685061395168304
2268,114800.0,5.077503204345703,-8.168417930603027,-0.05446808785200119
2269,114900.0,5.077503204345703,-8.168417930603027,-0.05446808785200119
2270,115000.0,5.138555526733398,-8.11634349822998,-0.14664486050605774
2271,115100.0,5.138555526733398,-8.11634349822998,-0.14664486050605774
2272,115200.0,5.009867191314697,-8.146271705627441,-0.20290859043598172
2273,115300.0,5.2672438621521,-8.062474250793457,-0.08200141042470932
2274,115400.0,5.2672438621521,-8.062474250793457,-0.08200141042470932
2275,115500.0,5.031414985656738,-8.193556785583496,-0.2106897532939911
2276,115600.0,5.031414985656738,-8.193556785583496,-0.2106897532939911
2277,115700.0,5.106233596801758,-8.153453826904299,-0.038307227194309235
2278,115800.0,5.106233596801758,-8.153453826904299,-0.038307227194309235
2279,115900.0,5.046378612518311,-8.147468566894531,-0.22026655077934265
2280,114000.0,5.158905982971191,-8.142081260681152,-0.28790274262428284
2281,114100.0,5.193023681640625,-8.06427001953125,-0.04967968538403511
2282,114200.0,5.193023681640625,-8.06427001953125,-0.04967968538403511
2283,114300.0,5.14813232421875,-8.121730804443361,-0.07003039866685867
2284,114400.0,5.225943565368652,-8.050502777099611,-0.22206220030784607
2285,114500.0,5.225943565368652,-8.050502777099611,-0.22206220030784607
2286,114600.0,5.189432144165039,-8.08282470703125,-0.22685061395168304
2287,114700.0,5.189432144165039,-8.08282470703125,-0.22685061395168304
2288,114800.0,5.077503204345703,-8.168417930603027,-0.05446808785200119
2289,114900.0,5.077503204345703,-8.168417930603027,-0.05446808785200119
2290,115000.0,5.138555526733398,-8.11634349822998,-0.14664486050605774
2291,115100.0,5.138555526733398,-8.11634349822998,-0.14664486050605774
2292,115200.0,5.009867191314697,-8.146271705627441,-0.20290859043598172
2293,115300.0,5.2672438621521,-8.062474250793457,-0.08200141042470932
2294,115400.0,5.2672438621521,-8.062474250793457,-0.08200141042470932
2295,115500.0,5.031414985656738,-8.193556785583496,-0.2106897532939911
2296,115600.0,5.031414985656738,-8.193556785583496,-0.2106897532939911
2297,115700.0,5.106233596801758,-8.153453826904299,-0.038307227194309235
2298,115800.0,5.106233596801758,-8.153453826904299,-0.038307227194309235
2299,115900.0,5.046378612518311,-8.147468566894531,-0.22026655077934265
2300,116000.0,5.046378612518311,-8.147468566894531,-0.22026655077934265
2301,116100.0,5.176862716674805,-8.086416244506836,-0.1280897855758667
2302,116200.0,5.0876784324646,-8.166023254394531,-0.22206220030784607
2303,116300.0,5.0876784324646,-8.166023254394531,-0.22206220030784607
2304,116400.0,5.092466831207275,-8.145073890686035,-0.14245499670505524
2305,116500.0,5.092466831207275,-8.145073890686035,-0.14245499670505524
2306,116600.0,5.257667064666748,-8.079832077026367,-0.15682020783424375
2307,116700.0,5.257667064666748,-8.079832077026367,-0.15682020783424375
2308,116800.0,5.173271179199219,-8.139687538146973,-0.18974047899246216
2309,116900.0,5.173271179199219,-8.139687538146973,-0.18974047899246216
2310,117000.0,5.029619216918945,-8.179191589355469,-0.2603694200515747
2311,117100.0,5.029619216918945,-8.179191589355469,-0.2603694200515747
2312,117200.0,5.206789970397949,-8.104970932006836,-0.228047713637352
2313,117300.0,5.020042419433594,-8.188169479370117,-0.17298106849193573
2314,117400.0,5.020042419433594,-8.188169479370117,-0.17298106849193573
2315,117500.0,5.184045314788818,-8.10018253326416,-0.1885433793067932
2316,117600.0,5.184045314788818,-8.10018253326416,-0.1885433793067932
2317,117700.0,5.330689907073975,-7.966107368469237,-0.2717418968677521
2318,117800.0,5.330689907073975,-7.966107368469237,-0.2717418968677521
2319,117900.0,5.148730754852295,-8.126519203186035,-0.21188685297966006
2320,116000.0,5.046378612518311,-8.147468566894531,-0.22026655077934265
2321,116100.0,5.176862716674805,-8.086416244506836,-0.1280897855758667
2322,116200.0,5.0876784324646,-8.166023254394531,-0.22206220030784607
2323,116300.0,5.0876784324646,-8.166023254394531,-0.22206220030784607
2324,116400.0,5.092466831207275,-8.145073890686035,-0.14245499670505524
2325,116500.0,5.092466831207275,-8.145073890686035,-0.14245499670505524
2326,116600.0,5.257667064666748,-8.079832077026367,-0.15682020783424375
2327,116700.0,5.257667064666748,-8.079832077026367,-0.15682020783424375
2328,116800.0,5.173271179199219,-8.139687538146973,-0.18974047899246216
2329,116900.0,5.173271179199219,-8.139687538146973,-0.18974047899246216
2330,117000.0,5.029619216918945,-8.179191589355469,-0.2603694200515747
2331,117100.0,5.029619216918945,-8.179191589355469,-0.2603694200515747
2332,117200.0,5.206789970397949,-8.104970932006836,-0.228047713637352
2333,117300.0,5.020042419433594,-8.188169479370117,-0.17298106849193573
2334,117400.0,5.020042419433594,-8.188169479370117,-0.17298106849193573
2335,117500.0,5.184045314788818,-8.10018253326416,-0.1885433793067932
2336,117600.0,5.184045314788818,-8.10018253326416,-0.1885433793067932
2337,117700.0,5.330689907073975,-7.966107368469237,-0.2717418968677521
2338,117800.0,5.330689907073975,-7.966107368469237,-0.2717418968677521
2339,117900.0,5.148730754852295,-8.126519203186035,-0.21188685297966006
2340,118000.0,5.066130638122559,-8.114547729492188,-0.23104046285152435
2341,118100.0,5.066130638122559,-8.114547729492188,-0.23104046285152435
2342,118200.0,5.307346820831299,-8.002020835876465,-0.1993172913789749
2343,118300.0,5.307346820831299,-8.002020835876465,-0.1993172913789749
2344,118400.0,5.096656799316406,-8.113350868225098,-0.14245499670505524
2345,118500.0,5.096656799316406,-8.113350868225098,-0.14245499670505524
2346,118600.0,5.273229122161865,-8.072051048278809,-0.19632454216480252
2347,118700.0,5.273229122161865,-8.072051048278809,-0.19632454216480252
2348,118800.0,5.110423564910889,-8.150461196899414,-0.12928688526153564
2349,118900.0,5.110423564910889,-8.150461196899414,-0.12928688526153564
2350,119000.0,5.293580055236816,-8.025962829589844,-0.2645592987537384
2351,119100.0,5.21097993850708,-8.086416244506836,-0.09816227108240128
2352,119200.0,5.21097993850708,-8.086416244506836,-0.09816227108240128
2353,119300.0,5.082890033721924,-8.178592681884767,-0.06464344263076782
2354,119400.0,5.082890033721924,-8.178592681884767,-0.06464344263076782
2355,119500.0,5.3785738945007315,-8.005612373352049,-0.09397241473197936
2356,119600.0,5.3785738945007315,-8.005612373352049,-0.09397241473197936
2357,119700.0,5.085883140563965,-8.17380428314209,-0.05147533491253853
2358,119800.0,5.085883140563965,-8.17380428314209,-0.05147533491253853
2359,119900.0,5.0697221755981445,-8.172607421875,-0.10654197633266448
2360,118000.0,5.066130638122559,-8.114547729492188,-0.23104046285152435
2361,118100.0,5.066130638122559,-8.114547729492188,-0.23104046285152435
2362,118200.0,5.307346820831299,-8.002020835876465,-0.1993172913789749
2363,118300.0,5.307346820831299,-8.002020835876465,-0.1993172913789749
2364,118400.0,5.096656799316406,-8.113350868225098,-0.14245499670505524
2365,118500.0,5.096656799316406,-8.113350868225098,-0.14245499670505524
2366,118600.0,5.273229122161865,-8.072051048278809,-0.19632454216480252
2367,118700.0,5.273229122161865,-8.072051048278809,-0.19632454216480252
2368,118800.0,5.110423564910889,-8.150461196899414,-0.12928688526153564
2369,118900.0,5.110423564910889,-8.150461196899414,-0.12928688526153564
2370,119000.0,5.293580055236816,-8.025962829589844,-0.2645592987537384
2371,119100.0,5.21097993850708,-8.086416244506836,-0.09816227108240128
2372,119200.0,5.21097993850708,-8.086416244506836,-0.09816227108240128
2373,119300.0,5.082890033721924,-8.178592681884767,-0.06464344263076782
2374,119400.0,5.082890033721924,-8.178592681884767,-0.06464344263076782
2375,119500.0,5.3785738945007315,-8.005612373352049,-0.09397241473197936
2376,119600.0,5.3785738945007315,-8.005612373352049,-0.09397241473197936
2377,119700.0,5.085883140563965,-8.17380428314209,-0.05147533491253853
2378,119800.0,5.085883140563965,-8.17380428314209,-0.05147533491253853
2379,119900.0,5.0697221755981445,-8.172607421875,-0.10654197633266448
2380,120000.0,5.078101634979248,-8.172008514404299,-0.198120191693306
2381,120100.0,5.078101634979248,-8.172008514404299,-0.198120191693306
2382,120200.0,5.034407615661621,-8.183381080627441,-0.07422025501728058
2383,120300.0,5.034407615661621,-8.183381080627441,-0.07422025501728058
2384,120400.0,5.145738124847412,-8.086416244506836,-0.3196259140968323
2385,120500.0,5.145738124847412,-8.086416244506836,-0.3196259140968323
2386,120600.0,5.0272250175476065,-8.167819023132324,-0.13587094843387604
2387,120700.0,5.183446884155273,-8.040925979614258,-0.26994624733924866
2388,120800.0,5.183446884155273,-8.040925979614258,-0.26994624733924866
2389,120900.0,5.140350818634033,-8.093599319458008,-0.30226796865463257
2390,121000.0,5.140350818634033,-8.093599319458008,-0.30226796865463257
2391,121100.0,5.146336555480957,-8.132504463195799,-0.15263035893440247
2392,121200.0,5.146336555480957,-8.132504463195799,-0.15263035893440247
2393,121300.0,5.113416194915772,-8.125322341918945,-0.26396074891090393
2394,121400.0,5.113416194915772,-8.125322341918945,-0.26396074891090393
2395,121500.0,5.077503204345703,-8.182783126831055,-0.18914192914962769
2396,121600.0,5.077503204345703,-8.182783126831055,-0.18914192914962769
2397,121700.0,5.083488941192627,-8.138489723205566,-0.27413609623909
2398,121800.0,5.061342239379883,-8.18876838684082,-0.26815059781074524
2399,121900.0,5.061342239379883,-8.18876838684082,-0.26815059781074524
2400,120000.0,5.078101634979248,-8.172008514404299,-0.198120191693306
2401,120100.0,5.078101634979248,-8.172008514404299,-0.198120191693306
2402,120200.0,5.034407615661621,-8.183381080627441,-0.07422025501728058
2403,120300.0,5.034407615661621,-8.183381080627441,-0.07422025501728058
2404,120400.0,5.145738124847412,-8.086416244506836,-0.3196259140968323
2405,120500.0,5.145738124847412,-8.086416244506836,-0.3196259140968323
2406,120600.0,5.0272250175476065,-8.167819023132324,-0.13587094843387604
2407,120700.0,5.183446884155273,-8.040925979614258,-0.26994624733924866
2408,120800.0,5.183446884155273,-8.040925979614258,-0.26994624733924866
2409,120900.0,5.140350818634033,-8.093599319458008,-0.30226796865463257
2410,121000.0,5.140350818634033,-8.093599319458008,-0.30226796865463257
2411,121100.0,5.146336555480957,-8.132504463195799,-0.15263035893440247
2412,121200.0,5.146336555480957,-8.132504463195799,-0.15263035893440247
2413,121300.0,5.113416194915772,-8.125322341918945,-0.26396074891090393
2414,121400.0,5.113416194915772,-8.125322341918945,-0.26396074891090393
2415,121500.0,5.077503204345703,-8.182783126831055,-0.18914192914962769
2416,121600.0,5.077503204345703,-8.182783126831055,-0.18914192914962769
2417,121700.0,5.083488941192627,-8.138489723205566,-0.27413609623909
2418,121800.0,5.061342239379883,-8.18876838684082,-0.26815059781074524
2419,121900.0,5.061342239379883,-8.18876838684082,-0.26815059781074524
2420,122000.0,5.30076265335083,-8.034342765808105,-0.1693897694349289
2421,122100.0,5.30076265335083,-8.034342765808105,-0.1693897694349289
2422,122200.0,5.192424774169922,-8.091204643249513,-0.06524199992418289
2423,122300.0,5.192424774169922,-8.091204643249513,-0.06524199992418289
2424,122400.0,5.321113109588623,-8.066065788269043,-0.2064998894929886
2425,122500.0,5.321113109588623,-8.066065788269043,-0.2064998894929886
2426,122600.0,5.2241482734680185,-8.030152320861816,-0.2735375463962555
2427,122700.0,5.284003257751465,-8.043320655822754,-0.08319851011037828
2428,122800.0,5.284003257751465,-8.043320655822754,-0.08319851011037828
2429,122900.0,5.120598793029785,-8.20612621307373,-0.007781155407428741
2430,123000.0,5.120598793029785,-8.20612621307373,-0.007781155407428741
2431,123100.0,5.194220542907715,-7.994838237762451,-0.4513070285320282
2432,123200.0,5.194220542907715,-7.994838237762451,-0.4513070285320282
2433,123300.0,5.2253451347351065,-8.108562469482424,-0.08858546614646913
2434,123400.0,5.2253451347351065,-8.108562469482424,-0.08858546614646913
2435,123500.0,5.130175590515137,-8.143877029418945,0.002992752008140087
2436,123600.0,5.240907669067383,-7.995436668395996,-0.3124433159828186
2437,123700.0,5.240907669067383,-7.995436668395996,-0.3124433159828186
2438,123800.0,5.008669853210449,-8.225878715515138,0.07122749835252762
2439,123900.0,5.008669853210449,-8.225878715515138,0.07122749835252762
2440,122000.0,5.30076265335083,-8.034342765808105,-0.1693897694349289
2441,122100.0,5.30076265335083,-8.034342765808105,-0.1693897694349289
2442,122200.0,5.192424774169922,-8.091204643249513,-0.06524199992418289
2443,122300.0,5.192424774169922,-8.091204643249513,-0.06524199992418289
2444,122400.0,5.321113109588623,-8.066065788269043,-0.2064998894929886
2445,122500.0,5.321113109588623,-8.066065788269043,-0.2064998894929886
2446,122600.0,5.2241482734680185,-8.030152320861816,-0.2735375463962555
2447,122700.0,5.284003257751465,-8.043320655822754,-0.08319851011037828
2448,122800.0,5.284003257751465,-8.043320655822754,-0.08319851011037828
2449,122900.0,5.120598793029785,-8.20612621307373,-0.007781155407428741
2450,123000.0,5.120598793029785,-8.20612621307373,-0.007781155407428741
2451,123100.0,5.194220542907715,-7.994838237762451,-0.4513070285320282
2452,123200.0,5.194220542907715,-7.994838237762451,-0.4513070285320282
2453,123300.0,5.2253451347351065,-8.108562469482424,-0.08858546614646913
2454,123400.0,5.2253451347351065,-8.108562469482424,-0.08858546614646913
2455,123500.0,5.130175590515137,-8.143877029418945,0.002992752008140087
2456,123600.0,5.240907669067383,-7.995436668395996,-0.3124433159828186
2457,123700.0,5.240907669067383,-7.995436668395996,-0.3124433159828186
2458,123800.0,5.008669853210449,-8.225878715515138,0.07122749835252762
2459,123900.0,5.008669853210449,-8.225878715515138,0.07122749835252762
2460,124000.0,5.13197135925293,-8.032546997070312,-0.2890998423099518
2461,124100.0,5.13197135925293,-8.032546997070312,-0.2890998423099518
2462,124200.0,5.1349639892578125,-8.087015151977539,-0.27413609623909
2463,124300.0,5.1349639892578125,-8.087015151977539,-0.27413609623909
2464,124400.0,5.412093162536621,-7.942764282226562,0.11013327538967133
2465,124500.0,5.405508995056152,-7.937376976013184,-0.2932897210121155
2466,124600.0,5.405508995056152,-7.937376976013184,-0.2932897210121155
2467,124700.0,5.227739334106445,-8.076839447021483,-0.20530278980731964
2468,124800.0,5.227739334106445,-8.076839447021483,-0.20530278980731964
2469,124900.0,5.039794445037842,-8.172008514404299,-0.20769700407981875
2470,125000.0,5.039794445037842,-8.172008514404299,-0.20769700407981875
2471,125100.0,5.058349609375,-8.169015884399414,-0.20889410376548767
2472,125200.0,5.058349609375,-8.169015884399414,-0.20889410376548767
2473,125300.0,5.0236334800720215,-8.267178535461426,-0.2082955539226532
2474,125400.0,5.049371242523193,-8.160636901855469,-0.3034650683403015
2475,125500.0,5.049371242523193,-8.160636901855469,-0.3034650683403015
2476,125600.0,5.158307552337647,-8.088809967041017,-0.1628057211637497
2477,125700.0,5.158307552337647,-8.088809967041017,-0.1628057211637497
2478,125800.0,5.243301868438722,-8.025363922119139,-0.3746925592422485
2479,125900.0,5.243301868438722,-8.025363922119139,-0.3746925592422485
2480,124000.0,5.13197135925293,-8.032546997070312,-0.2890998423099518
2481,124100.0,5.13197135925293,-8.032546997070312,-0.2890998423099518
2482,124200.0,5.1349639892578125,-8.087015151977539,-0.27413609623909
2483,124300.0,5.1349639892578125,-8.087015151977539,-0.27413609623909
2484,124400.0,5.412093162536621,-7.942764282226562,0.11013327538967133
2485,124500.0,5.405508995056152,-7.937376976013184,-0.2932897210121155
2486,124600.0,5.405508995056152,-7.937376976013184,-0.2932897210121155
2487,124700.0,5.227739334106445,-8.076839447021483,-0.20530278980731964
2488,124800.0,5.227739334106445,-8.076839447021483,-0.20530278980731964
2489,124900.0,5.039794445037842,-8.172008514404299,-0.20769700407981875
2490,125000.0,5.039794445037842,-8.172008514404299,-0.20769700407981875
2491,125100.0,5.058349609375,-8.169015884399414,-0.20889410376548767
2492,125200.0,5.058349609375,-8.169015884399414,-0.20889410376548767
2493,125300.0,5.0236334800720215,-8.267178535461426,-0.2082955539226532
2494,125400.0,5.049371242523193,-8.160636901855469,-0.3034650683403015
2495,125500.0,5.049371242523193,-8.160636901855469,-0.3034650683403015
2496,125600.0,5.158307552337647,-8.088809967041017,-0.1628057211637497
2497,125700.0,5.158307552337647,-8.088809967041017,-0.1628057211637497
2498,125800.0,5.243301868438722,-8.025363922119139,-0.3746925592422485
2499,125900.0,5.243301868438722,-8.025363922119139,-0.3746925592422485
2500,126000.0,5.0703206062316895,-8.152256965637207,-0.2849099934101105
2501,126100.0,5.0703206062316895,-8.152256965637207,-0.2849099934101105
2502,126200.0,5.231330871582031,-8.094197273254395,-0.18555063009262085
2503,126300.0,5.30195951461792,-8.057086944580076,-0.3513490855693817
2504,126400.0,5.30195951461792,-8.057086944580076,-0.3513490855693817
2505,126500.0,5.171475887298584,-8.069656372070312,-0.3298012912273407
2506,126600.0,5.171475887298584,-8.069656372070312,-0.3298012912273407
2507,126700.0,5.258863925933838,-8.03075122833252,-0.3124433159828186
2508,126800.0,5.258863925933838,-8.03075122833252,-0.3124433159828186
2509,126900.0,5.132569789886475,-8.145672798156737,-0.2064998894929886
2510,127000.0,5.132569789886475,-8.145672798156737,-0.2064998894929886
2511,127100.0,5.2504844665527335,-8.017582893371582,-0.3770867586135864
2512,127200.0,5.08648157119751,-8.132504463195799,-0.2232593148946762
2513,127300.0,5.08648157119751,-8.132504463195799,-0.2232593148946762
2514,127400.0,5.169680118560791,-8.112154006958008,-0.30945056676864624
2515,127500.0,5.169680118560791,-8.112154006958008,-0.30945056676864624
2516,127600.0,5.2031989097595215,-8.069656372070312,-0.2082955539226532
2517,127700.0,5.2031989097595215,-8.069656372070312,-0.2082955539226532
2518,127800.0,5.067926406860352,-8.13789176940918,-0.4058171808719635
2519,127900.0,5.067926406860352,-8.13789176940918,-0.4058171808719635
2520,126000.0,5.0703206062316895,-8.152256965637207,-0.2849099934101105
2521,126100.0,5.0703206062316895,-8.152256965637207,-0.2849099934101105
2522,126200.0,5.231330871582031,-8.094197273254395,-0.18555063009262085
2523,126300.0,5.30195951461792,-8.057086944580076,-0.3513490855693817
2524,126400.0,5.30195951461792,-8.057086944580076,-0.3513490855693817
2525,126500.0,5.171475887298584,-8.069656372070312,-0.3298012912273407
2526,126600.0,5.171475887298584,-8.069656372070312,-0.3298012912273407
2527,126700.0,5.258863925933838,-8.03075122833252,-0.3124433159828186
2528,126800.0,5.258863925933838,-8.03075122833252,-0.3124433159828186
2529,126900.0,5.132569789886475,-8.145672798156737,-0.2064998894929886
2530,127000.0,5.132569789886475,-8.145672798156737,-0.2064998894929886
2531,127100.0,5.2504844665527335,-8.017582893371582,-0.3770867586135864
2532,127200.0,5.08648157119751,-8.132504463195799,-0.2232593148946762
2533,127300.0,5.08648157119751,-8.132504463195799,-0.2232593148946762
2534,127400.0,5.169680118560791,-8.112154006958008,-0.30945056676864624
2535,127500.0,5.169680118560791,-8.112154006958008,-0.30945056676864624
2536,127600.0,5.2031989097595215,-8.069656372070312,-0.2082955539226532
2537,127700.0,5.2031989097595215,-8.069656372070312,-0.2082955539226532
2538,127800.0,5.067926406860352,-8.13789176940918,-0.4058171808719635
2539,127900.0,5.067926406860352,-8.13789176940918,-0.4058171808719635
2540,128000.0,5.254673957824707,-8.227075576782228,-0.08918401598930359
2541,128100.0,5.230133533477783,-8.074444770812987,-0.17238251864910126
2542,128200.0,5.230133533477783,-8.074444770812987,-0.17238251864910126
2543,128300.0,5.2893900871276855,-8.04691219329834,-0.2082955539226532
2544,128400.0,5.2893900871276855,-8.04691219329834,-0.2082955539226532
2545,128500.0,5.280411720275879,-8.042721748352049,-0.20290859043598172
2546,128600.0,5.280411720275879,-8.042721748352049,-0.20290859043598172
2547,128700.0,5.460575580596924,-7.892486095428468,-0.5201402902603149
2548,128800.0,5.460575580596924,-7.892486095428468,-0.5201402902603149
2549,128900.0,5.451597213745117,-7.872733592987059,-0.2370259612798691
2550,129000.0,5.179855346679688,-8.135497093200684,-0.3806780576705933
2551,129100.0,5.179855346679688,-8.135497093200684,-0.3806780576705933
2552,129200.0,5.0906715393066415,-8.06307315826416,-0.5213374495506287
2553,129300.0,5.0906715393066415,-8.06307315826416,-0.5213374495506287
2554,129400.0,5.348048210144043,-8.037933349609375,-0.2567781209945679
2555,129500.0,5.348048210144043,-8.037933349609375,-0.2567781209945679
2556,129600.0,5.054758548736572,-8.271368026733397,-0.5117605924606323
2557,129700.0,5.054758548736572,-8.271368026733397,-0.5117605924606323
2558,129800.0,5.2444987297058105,-8.08043098449707,-0.4459200799465179
2559,129900.0,5.036203384399414,-8.136096000671388,-0.4135983288288117
2560,128000.0,5.254673957824707,-8.227075576782228,-0.08918401598930359
2561,128100.0,5.230133533477783,-8.074444770812987,-0.17238251864910126
2562,128200.0,5.230133533477783,-8.074444770812987,-0.17238251864910126
2563,128300.0,5.2893900871276855,-8.04691219329834,-0.2082955539226532
2564,128400.0,5.2893900871276855,-8.04691219329834,-0.2082955539226532
2565,128500.0,5.280411720275879,-8.042721748352049,-0.20290859043598172
2566,128600.0,5.280411720275879,-8.042721748352049,-0.20290859043598172
2567,128700.0,5.460575580596924,-7.892486095428468,-0.5201402902603149
2568,128800.0,5.460575580596924,-7.892486095428468,-0.5201402902603149
2569,128900.0,5.451597213745117,-7.872733592987059,-0.2370259612798691
2570,129000.0,5.179855346679688,-8.135497093200684,-0.3806780576705933
2571,129100.0,5.179855346679688,-8.135497093200684,-0.3806780576705933
2572,129200.0,5.0906715393066415,-8.06307315826416,-0.5213374495506287
2573,129300.0,5.0906715393066415,-8.06307315826416,-0.5213374495506287
2574,129400.0,5.348048210144043,-8.037933349609375,-0.2567781209945679
2575,129500.0,5.348048210144043,-8.037933349609375,-0.2567781209945679
2576,129600.0,5.054758548736572,-8.271368026733397,-0.5117605924606323
2577,129700.0,5.054758548736572,-8.271368026733397,-0.5117605924606323
2578,129800.0,5.2444987297058105,-8.08043098449707,-0.4459200799465179
2579,129900.0,5.036203384399414,-8.136096000671388,-0.4135983288288117
2580,130000.0,5.036203384399414,-8.136096000671388,-0.4135983288288117
2581,130100.0,5.042787551879883,-8.140884399414062,-0.30945056676864624
2582,130200.0,5.042787551879883,-8.140884399414062,-0.30945056676864624
2583,130300.0,5.13735818862915,-8.096591949462889,-0.4321534037590027
2584,130400.0,5.13735818862915,-8.096591949462889,-0.4321534037590027
2585,130500.0,5.264849662780762,-7.995436668395996,-0.4944026470184326
2586,130600.0,5.264849662780762,-7.995436668395996,-0.4944026470184326
2587,130700.0,5.196614742279053,-8.055291175842285,-0.5135562419891357
2588,130800.0,5.053561210632324,-8.189367294311522,-0.3890577852725983
2589,130900.0,5.053561210632324,-8.189367294311522,-0.3890577852725983
2590,131000.0,5.150526523590088,-8.093599319458008,-0.3878606855869293
2591,131100.0,5.150526523590088,-8.093599319458008,-0.3878606855869293
2592,131200.0,5.2049946784973145,-8.086416244506836,-0.5111620426177979
2593,131300.0,5.2049946784973145,-8.086416244506836,-0.5111620426177979
2594,131400.0,5.12000036239624,-8.128314971923826,-0.38486793637275696
2595,131500.0,5.12000036239624,-8.128314971923826,-0.38486793637275696
2596,131600.0,5.10383939743042,-8.109161376953125,-0.5063736438751221
2597,131700.0,5.385756492614746,-8.03075122833252,-0.4129997789859772
2598,131800.0,5.385756492614746,-8.03075122833252,-0.4129997789859772
2599,131900.0,5.386953830718994,-7.9846625328063965,-0.3118447661399841
2600,130000.0,5.036203384399414,-8.136096000671388,-0.4135983288288117
2601,130100.0,5.042787551879883,-8.140884399414062,-0.30945056676864624
2602,130200.0,5.042787551879883,-8.140884399414062,-0.30945056676864624
2603,130300.0,5.13735818862915,-8.096591949462889,-0.4321534037590027
2604,130400.0,5.13735818862915,-8.096591949462889,-0.4321534037590027
2605,130500.0,5.264849662780762,-7.995436668395996,-0.4944026470184326
2606,130600.0,5.264849662780762,-7.995436668395996,-0.4944026470184326
2607,130700.0,5.196614742279053,-8.055291175842285,-0.5135562419891357
2608,130800.0,5.053561210632324,-8.189367294311522,-0.3890577852725983
2609,130900.0,5.053561210632324,-8.189367294311522,-0.3890577852725983
2610,131000.0,5.150526523590088,-8.093599319458008,-0.3878606855869293
2611,131100.0,5.150526523590088,-8.093599319458008,-0.3878606855869293
2612,131200.0,5.2049946784973145,-8.086416244506836,-0.5111620426177979
2613,131300.0,5.2049946784973145,-8.086416244506836,-0.5111620426177979
2614,131400.0,5.12000036239624,-8.128314971923826,-0.38486793637275696
2615,131500.0,5.12000036239624,-8.128314971923826,-0.38486793637275696
2616,131600.0,5.10383939743042,-8.109161376953125,-0.5063736438751221
2617,131700.0,5.385756492614746,-8.03075122833252,-0.4129997789859772
2618,131800.0,5.385756492614746,-8.03075122833252,-0.4129997789859772
2619,131900.0,5.386953830718994,-7.9846625328063965,-0.3118447661399841
2620,132000.0,5.386953830718994,-7.9846625328063965,-0.3118447661399841
2621,132100.0,5.175665378570557,-8.101978302001951,-0.15023615956306458
2622,132200.0,5.175665378570557,-8.101978302001951,-0.15023615956306458
2623,132300.0,5.322908878326416,-7.992444038391112,-0.37229835987091053
2624,132400.0,5.322908878326416,-7.992444038391112,-0.37229835987091053
2625,132500.0,5.119401931762695,-8.094796180725098,-0.3645172119140625
2626,132600.0,5.206191539764403,-8.090007781982424,-0.35075053572654724
2627,132700.0,5.206191539764403,-8.090007781982424,-0.35075053572654724
2628,132800.0,5.100846767425537,-8.160636901855469,-0.2513911724090576
2629,132900.0,5.100846767425537,-8.160636901855469,-0.2513911724090576
2630,133000.0,5.31692361831665,-7.988852500915527,-0.2825157940387726
2631,133100.0,5.31692361831665,-7.988852500915527,-0.2825157940387726
2632,133200.0,5.095459938049316,-8.180987358093263,-0.1651999205350876
2633,133300.0,5.095459938049316,-8.180987358093263,-0.1651999205350876
2634,133400.0,5.249287128448486,-8.075043678283691,-0.30226796865463257
2635,133500.0,5.178059577941895,-8.04930591583252,-0.13587094843387604
2636,133600.0,5.178059577941895,-8.04930591583252,-0.13587094843387604
2637,133700.0,5.172672748565674,-8.056488990783691,-0.2621650993824005
2638,133800.0,5.172672748565674,-8.056488990783691,-0.2621650993824005
2639,133900.0,5.2672438621521,-8.056488990783691,-0.33758243918418884
2640,132000.0,5.386953830718994,-7.9846625328063965,-0.3118447661399841
2641,132100.0,5.175665378570557,-8.101978302001951,-0.15023615956306458
2642,132200.0,5.175665378570557,-8.101978302001951,-0.15023615956306458
2643,132300.0,5.322908878326416,-7.992444038391112,-0.37229835987091053
2644,132400.0,5.322908878326416,-7.992444038391112,-0.37229835987091053
2645,132500.0,5.119401931762695,-8.094796180725098,-0.3645172119140625
2646,132600.0,5.206191539764403,-8.090007781982424,-0.35075053572654724
2647,132700.0,5.206191539764403,-8.090007781982424,-0.35075053572654724
2648,132800.0,5.100846767425537,-8.160636901855469,-0.2513911724090576
2649,132900.0,5.100846767425537,-8.160636901855469,-0.2513911724090576
2650,133000.0,5.31692361831665,-7.988852500915527,-0.2825157940387726
2651,133100.0,5.31692361831665,-7.988852500915527,-0.2825157940387726
2652,133200.0,5.095459938049316,-8.180987358093263,-0.1651999205350876
2653,133300.0,5.095459938049316,-8.180987358093263,-0.1651999205350876
2654,133400.0,5.249287128448486,-8.075043678283691,-0.30226796865463257
2655,133500.0,5.178059577941895,-8.04930591583252,-0.13587094843387604
2656,133600.0,5.178059577941895,-8.04930591583252,-0.13587094843387604
2657,133700.0,5.172672748565674,-8.056488990783691,-0.2621650993824005
2658,133800.0,5.172672748565674,-8.056488990783691,-0.2621650993824005
2659,133900.0,5.2672438621521,-8.056488990783691,-0.33758243918418884
2660,134000.0,5.2672438621521,-8.056488990783691,-0.33758243918418884
2661,134100.0,5.157110691070557,-8.099584579467772,-0.2364274114370346
2662,134200.0,5.157110691070557,-8.099584579467772,-0.2364274114370346
2663,134300.0,5.161300182342528,-8.107964515686035,-0.3256114423274994
2664,134400.0,5.204395771026611,-8.08282470703125,-0.3579331636428833
2665,134500.0,5.204395771026611,-8.08282470703125,-0.3579331636428833
2666,134600.0,5.085284233093262,-8.110957145690918,-0.23104046285152435
2667,134700.0,5.085284233093262,-8.110957145690918,-0.23104046285152435
2668,134800.0,5.151124954223633,-8.091204643249513,-0.3016694188117981
2669,134900.0,5.151124954223633,-8.091204643249513,-0.3016694188117981
2670,135000.0,5.05715274810791,-8.174403190612793,-0.09516951441764833
2671,135100.0,5.05715274810791,-8.174403190612793,-0.09516951441764833
2672,135200.0,5.151124954223633,-8.112752914428711,-0.20889410376548767
2673,135300.0,5.052962779998778,-8.218695640563965,-0.1759738177061081
2674,135400.0,5.052962779998778,-8.218695640563965,-0.1759738177061081
2675,135500.0,5.2241482734680185,-8.087613105773926,-0.3687070608139038
2676,135600.0,5.2241482734680185,-8.087613105773926,-0.3687070608139038
2677,135700.0,5.002684593200684,-8.238448143005371,-0.10773907601833344
2678,135800.0,5.002684593200684,-8.238448143005371,-0.10773907601833344
2679,135900.0,5.138555526733398,-8.10018253326416,-0.2346317619085312
2680,134000.0,5.2672438621521,-8.056488990783691,-0.33758243918418884
2681,134100.0,5.157110691070557,-8.099584579467772,-0.2364274114370346
2682,134200.0,5.157110691070557,-8.099584579467772,-0.2364274114370346
2683,134300.0,5.161300182342528,-8.107964515686035,-0.3256114423274994
2684,134400.0,5.204395771026611,-8.08282470703125,-0.3579331636428833
2685,134500.0,5.204395771026611,-8.08282470703125,-0.3579331636428833
2686,134600.0,5.085284233093262,-8.110957145690918,-0.23104046285152435
2687,134700.0,5.085284233093262,-8.110957145690918,-0.23104046285152435
2688,134800.0,5.151124954223633,-8.091204643249513,-0.3016694188117981
2689,134900.0,5.151124954223633,-8.091204643249513,-0.3016694188117981
2690,135000.0,5.05715274810791,-8.174403190612793,-0.09516951441764833
2691,135100.0,5.05715274810791,-8.174403190612793,-0.09516951441764833
2692,135200.0,5.151124954223633,-8.112752914428711,-0.20889410376548767
2693,135300.0,5.052962779998778,-8.218695640563965,-0.1759738177061081
2694,135400.0,5.052962779998778,-8.218695640563965,-0.1759738177061081
2695,135500.0,5.2241482734680185,-8.087613105773926,-0.3687070608139038
2696,135600.0,5.2241482734680185,-8.087613105773926,-0.3687070608139038
2697,135700.0,5.002684593200684,-8.238448143005371,-0.10773907601833344
2698,135800.0,5.002684593200684,-8.238448143005371,-0.10773907601833344
2699,135900.0,5.138555526733398,-8.10018253326416,-0.2346317619085312
2700,136000.0,5.138555526733398,-8.10018253326416,-0.2346317619085312
2701,136100.0,5.196016311645508,-8.063671112060549,-0.2495955228805542
2702,136200.0,5.067327976226807,-8.152854919433594,-0.2082955539226532
2703,136300.0,5.067327976226807,-8.152854919433594,-0.2082955539226532
2704,136400.0,5.07570743560791,-8.174403190612793,-0.16220717132091522
2705,136500.0,5.07570743560791,-8.174403190612793,-0.16220717132091522
2706,136600.0,5.0906715393066415,-8.145672798156737,-0.3866635859012604
2707,136700.0,5.0906715393066415,-8.145672798156737,-0.3866635859012604
2708,136800.0,5.020042419433594,-8.163629531860353,-0.262763649225235
2709,136900.0,5.020042419433594,-8.163629531860353,-0.262763649225235
2710,137000.0,5.200804710388184,-8.106766700744629,-0.2735375463962555
2711,137100.0,4.966172695159912,-8.211513519287111,-0.31364041566848755
2712,137200.0,4.966172695159912,-8.211513519287111,-0.31364041566848755
2713,137300.0,5.301361083984375,-8.00920295715332,-0.1843535304069519
2714,137400.0,5.301361083984375,-8.00920295715332,-0.1843535304069519
2715,137500.0,4.99550199508667,-8.219294548034668,-0.30885201692581177
2716,137600.0,4.99550199508667,-8.219294548034668,-0.30885201692581177
2717,137700.0,5.100846767425537,-8.128314971923826,-0.12689268589019775
2718,137800.0,5.100846767425537,-8.128314971923826,-0.12689268589019775
2719,137900.0,5.082291603088379,-8.15644645690918,-0.20530278980731964
2720,136000.0,5.138555526733398,-8.10018253326416,-0.2346317619085312
2721,136100.0,5.196016311645508,-8.063671112060549,-0.2495955228805542
2722,136200.0,5.067327976226807,-8.152854919433594,-0.2082955539226532
2723,136300.0,5.067327976226807,-8.152854919433594,-0.2082955539226532
2724,136400.0,5.07570743560791,-8.174403190612793,-0.16220717132091522
2725,136500.0,5.07570743560791,-8.174403190612793,-0.16220717132091522
2726,136600.0,5.0906715393066415,-8.145672798156737,-0.3866635859012604
2727,136700.0,5.0906715393066415,-8.145672798156737,-0.3866635859012604
2728,136800.0,5.020042419433594,-8.163629531860353,-0.262763649225235
2729,136900.0,5.020042419433594,-8.163629531860353,-0.262763649225235
2730,137000.0,5.200804710388184,-8.106766700744629,-0.2735375463962555
2731,137100.0,4.966172695159912,-8.211513519287111,-0.31364041566848755
2732,137200.0,4.966172695159912,-8.211513519287111,-0.31364041566848755
2733,137300.0,5.301361083984375,-8.00920295715332,-0.1843535304069519
2734,137400.0,5.301361083984375,-8.00920295715332,-0.1843535304069519
2735,137500.0,4.99550199508667,-8.219294548034668,-0.30885201692581177
2736,137600.0,4.99550199508667,-8.219294548034668,-0.30885201692581177
2737,137700.0,5.100846767425537,-8.128314971923826,-0.12689268589019775
2738,137800.0,5.100846767425537,-8.128314971923826,-0.12689268589019775
2739,137900.0,5.082291603088379,-8.15644645690918,-0.20530278980731964
2740,138000.0,5.000290393829347,-8.191761016845701,-0.12749123573303225
2741,138100.0,5.000290393829347,-8.191761016845701,-0.12749123573303225
2742,138200.0,5.485116004943848,-7.90086555480957,-0.1256955862045288
2743,138300.0,5.485116004943848,-7.90086555480957,-0.1256955862045288
2744,138400.0,5.153519153594972,-8.097189903259277,-0.2370259612798691
2745,138500.0,5.153519153594972,-8.097189903259277,-0.2370259612798691
2746,138600.0,5.206191539764403,-8.088809967041017,-0.3118447661399841
2747,138700.0,5.206191539764403,-8.088809967041017,-0.3118447661399841
2748,138800.0,5.158905982971191,-8.11634349822998,-0.13347674906253815
2749,138900.0,5.158905982971191,-8.11634349822998,-0.13347674906253815
2750,139000.0,5.064933776855469,-8.17380428314209,-0.22685061395168304
2751,139100.0,5.066729545593262,-8.163030624389647,-0.2579752206802368
2752,139200.0,5.066729545593262,-8.163030624389647,-0.2579752206802368
2753,139300.0,5.142745018005371,-8.148066520690918,-0.25438392162323004
2754,139400.0,5.142745018005371,-8.148066520690918,-0.25438392162323004
2755,139500.0,5.047575950622559,-8.143877029418945,-0.4094084799289704
2756,139600.0,5.047575950622559,-8.143877029418945,-0.4094084799289704
2757,139700.0,5.164891719818115,-8.103176116943361,-0.13168109953403473
2758,139800.0,5.185242176055908,-8.103176116943361,-0.2974795699119568
2759,139900.0,5.185242176055908,-8.103176116943361,-0.2974795699119568
2760,138000.0,5.000290393829347,-8.191761016845701,-0.12749123573303225
2761,138100.0,5.000290393829347,-8.191761016845701,-0.12749123573303225
2762,138200.0,5.485116004943848,-7.90086555480957,-0.1256955862045288
2763,138300.0,5.485116004943848,-7.90086555480957,-0.1256955862045288
2764,138400.0,5.153519153594972,-8.097189903259277,-0.2370259612798691
2765,138500.0,5.153519153594972,-8.097189903259277,-0.2370259612798691
2766,138600.0,5.206191539764403,-8.088809967041017,-0.3118447661399841
2767,138700.0,5.206191539764403,-8.088809967041017,-0.3118447661399841
2768,138800.0,5.158905982971191,-8.11634349822998,-0.13347674906253815
2769,138900.0,5.158905982971191,-8.11634349822998,-0.13347674906253815
2770,139000.0,5.064933776855469,-8.17380428314209,-0.22685061395168304
2771,139100.0,5.066729545593262,-8.163030624389647,-0.2579752206802368
2772,139200.0,5.066729545593262,-8.163030624389647,-0.2579752206802368
2773,139300.0,5.142745018005371,-8.148066520690918,-0.25438392162323004
2774,139400.0,5.142745018005371,-8.148066520690918,-0.25438392162323004
2775,139500.0,5.047575950622559,-8.143877029418945,-0.4094084799289704
2776,139600.0,5.047575950622559,-8.143877029418945,-0.4094084799289704
2777,139700.0,5.164891719818115,-8.103176116943361,-0.13168109953403473
2778,139800.0,5.185242176055908,-8.103176116943361,-0.2974795699119568
2779,139900.0,5.185242176055908,-8.103176116943361,-0.2974795699119568
2780,140000.0,5.200206279754639,-8.063671112060549,-0.22026655077934265
2781,140100.0,5.200206279754639,-8.063671112060549,-0.22026655077934265
2782,140200.0,5.243301868438722,-8.042721748352049,-0.12928688526153564
2783,140300.0,5.243301868438722,-8.042721748352049,-0.12928688526153564
2784,140400.0,5.10383939743042,-8.154052734375,-0.28131869435310364
2785,140500.0,5.10383939743042,-8.154052734375,-0.28131869435310364
2786,140600.0,5.151124954223633,-8.122329711914062,-0.20530278980731964
2787,140700.0,5.112817764282227,-8.141483306884767,-0.3693056106567383
2788,140800.0,5.112817764282227,-8.141483306884767,-0.3693056106567383
2789,140900.0,4.99550199508667,-8.199542045593263,-0.4351461529731751
2790,141000.0,4.99550199508667,-8.199542045593263,-0.4351461529731751
2791,141100.0,5.173271179199219,-8.140285491943361,-0.13347674906253815
2792,141200.0,5.173271179199219,-8.140285491943361,-0.13347674906253815
2793,141300.0,5.109825134277344,-8.145073890686035,-0.2537853717803955
2794,141400.0,5.109825134277344,-8.145073890686035,-0.2537853717803955
2795,141500.0,5.020640850067139,-8.154650688171388,-0.30885201692581177
2796,141600.0,5.020640850067139,-8.154650688171388,-0.30885201692581177
2797,141700.0,5.0074729919433585,-8.200738906860353,-0.18315643072128296
2798,141800.0,5.312135219573975,-8.006809234619139,-0.3100491166114807
2799,141900.0,5.312135219573975,-8.006809234619139,-0.3100491166114807
2800,140000.0,5.200206279754639,-8.063671112060549,-0.22026655077934265
2801,140100.0,5.200206279754639,-8.063671112060549,-0.22026655077934265
2802,140200.0,5.243301868438722,-8.042721748352049,-0.12928688526153564
2803,140300.0,5.243301868438722,-8.042721748352049,-0.12928688526153564
2804,140400.0,5.10383939743042,-8.154052734375,-0.28131869435310364
2805,140500.0,5.10383939743042,-8.154052734375,-0.28131869435310364
2806,140600.0,5.151124954223633,-8.122329711914062,-0.20530278980731964
2807,140700.0,5.112817764282227,-8.141483306884767,-0.3693056106567383
2808,140800.0,5.112817764282227,-8.141483306884767,-0.3693056106567383
2809,140900.0,4.99550199508667,-8.199542045593263,-0.4351461529731751
2810,141000.0,4.99550199508667,-8.199542045593263,-0.4351461529731751
2811,141100.0,5.173271179199219,-8.140285491943361,-0.13347674906253815
2812,141200.0,5.173271179199219,-8.140285491943361,-0.13347674906253815
2813,141300.0,5.109825134277344,-8.145073890686035,-0.2537853717803955
2814,141400.0,5.109825134277344,-8.145073890686035,-0.2537853717803955
2815,141500.0,5.020640850067139,-8.154650688171388,-0.30885201692581177
2816,141600.0,5.020640850067139,-8.154650688171388,-0.30885201692581177
2817,141700.0,5.0074729919433585,-8.200738906860353,-0.18315643072128296
2818,141800.0,5.312135219573975,-8.006809234619139,-0.3100491166114807
2819,141900.0,5.312135219573975,-8.006809234619139,-0.3100491166114807
2820,142000.0,5.270834922790527,-8.020575523376465,-0.17298106849193573
2821,142100.0,5.270834922790527,-8.020575523376465,-0.17298106849193573
2822,142200.0,5.3330841064453125,-8.031349182128906,-0.1125274822115898
2823,142300.0,5.3330841064453125,-8.031349182128906,-0.1125274822115898
2824,142400.0,5.120598793029785,-8.103774070739746,-0.27473464608192444
2825,142500.0,5.120598793029785,-8.103774070739746,-0.27473464608192444
2826,142600.0,5.24030876159668,-8.032546997070312,-0.23163901269435885
2827,142700.0,5.1804537773132315,-8.090605735778809,-0.20290859043598172
2828,142800.0,5.1804537773132315,-8.090605735778809,-0.20290859043598172
2829,142900.0,5.257667064666748,-8.033144950866701,-0.15023615956306458
2830,143000.0,5.257667064666748,-8.033144950866701,-0.15023615956306458
2831,143100.0,5.181052684783936,-8.095394134521483,-0.018555063754320145
2832,143200.0,5.181052684783936,-8.095394134521483,-0.018555063754320145
2833,143300.0,5.125387191772461,-8.129511833190918,-0.3220201432704925
2834,143400.0,5.125387191772461,-8.129511833190918,-0.3220201432704925
2835,143500.0,5.2014031410217285,-8.103176116943361,-0.2172738015651703
2836,143600.0,5.207388877868652,-8.067262649536133,-0.35075053572654724
2837,143700.0,5.207388877868652,-8.067262649536133,-0.35075053572654724
2838,143800.0,5.321113109588623,-8.016983985900879,-0.2059013396501541
2839,143900.0,5.321113109588623,-8.016983985900879,-0.2059013396501541
2840,142000.0,5.270834922790527,-8.020575523376465,-0.17298106849193573
2841,142100.0,5.270834922790527,-8.020575523376465,-0.17298106849193573
2842,142200.0,5.3330841064453125,-8.031349182128906,-0.1125274822115898
2843,142300.0,5.3330841064453125,-8.031349182128906,-0.1125274822115898
2844,142400.0,5.120598793029785,-8.103774070739746,-0.27473464608192444
2845,142500.0,5.120598793029785,-8.103774070739746,-0.27473464608192444
2846,142600.0,5.24030876159668,-8.032546997070312,-0.23163901269435885
2847,142700.0,5.1804537773132315,-8.090605735778809,-0.20290859043598172
2848,142800.0,5.1804537773132315,-8.090605735778809,-0.20290859043598172
2849,142900.0,5.257667064666748,-8.033144950866701,-0.15023615956306458
2850,143000.0,5.257667064666748,-8.033144950866701,-0.15023615956306458
2851,143100.0,5.181052684783936,-8.095394134521483,-0.018555063754320145
2852,143200.0,5.181052684783936,-8.095394134521483,-0.018555063754320145
2853,143300.0,5.125387191772461,-8.129511833190918,-0.3220201432704925
2854,143400.0,5.125387191772461,-8.129511833190918,-0.3220201432704925
2855,143500.0,5.2014031410217285,-8.103176116943361,-0.2172738015651703
2856,143600.0,5.207388877868652,-8.067262649536133,-0.35075053572654724
2857,143700.0,5.207388877868652,-8.067262649536133,-0.35075053572654724
2858,143800.0,5.321113109588623,-8.016983985900879,-0.2059013396501541
2859,143900.0,5.321113109588623,-8.016983985900879,-0.2059013396501541
2860,144000.0,5.2875943183898935,-8.02656078338623,-0.10654197633266448
2861,144100.0,5.2875943183898935,-8.02656078338623,-0.10654197633266448
2862,144200.0,5.073313236236572,-8.158242225646973,-0.21667525172233584
2863,144300.0,5.073313236236572,-8.158242225646973,-0.21667525172233584
2864,144400.0,5.278017520904541,-8.052897453308105,-0.28371289372444153
2865,144500.0,5.2055931091308585,-8.082226753234862,-0.21009120345115664
2866,144600.0,5.2055931091308585,-8.082226753234862,-0.21009120345115664
2867,144700.0,5.14932918548584,-8.093599319458008,-0.2489969730377197
2868,144800.0,5.14932918548584,-8.093599319458008,-0.2489969730377197
2869,144900.0,5.1349639892578125,-8.145672798156737,-0.17298106849193573
2870,145000.0,5.1349639892578125,-8.145672798156737,-0.17298106849193573
2871,145100.0,5.142146587371826,-8.088212013244629,-0.2663549482822418
2872,145200.0,5.142146587371826,-8.088212013244629,-0.2663549482822418
2873,145300.0,5.149928092956543,-8.130708694458008,-0.24839842319488525
2874,145400.0,5.190629482269287,-8.104970932006836,-0.2477998733520508
2875,145500.0,5.190629482269287,-8.104970932006836,-0.2477998733520508
2876,145600.0,5.218760967254639,-8.089408874511719,-0.2807201445102692
2877,145700.0,5.218760967254639,-8.089408874511719,-0.2807201445102692
2878,145800.0,5.257667064666748,-8.045116424560549,-0.19452889263629916
2879,145900.0,5.257667064666748,-8.045116424560549,-0.19452889263629916
2880,144000.0,5.2875943183898935,-8.02656078338623,-0.10654197633266448
2881,144100.0,5.2875943183898935,-8.02656078338623,-0.10654197633266448
2882,144200.0,5.073313236236572,-8.158242225646973,-0.21667525172233584
2883,144300.0,5.073313236236572,-8.158242225646973,-0.21667525172233584
2884,144400.0,5.278017520904541,-8.052897453308105,-0.28371289372444153
2885,144500.0,5.2055931091308585,-8.082226753234862,-0.21009120345115664
2886,144600.0,5.2055931091308585,-8.082226753234862,-0.21009120345115664
2887,144700.0,5.14932918548584,-8.093599319458008,-0.2489969730377197
2888,144800.0,5.14932918548584,-8.093599319458008,-0.2489969730377197
2889,144900.0,5.1349639892578125,-8.145672798156737,-0.17298106849193573
2890,145000.0,5.1349639892578125,-8.145672798156737,-0.17298106849193573
2891,145100.0,5.142146587371826,-8.088212013244629,-0.2663549482822418
2892,145200.0,5.142146587371826,-8.088212013244629,-0.2663549482822418
2893,145300.0,5.149928092956543,-8.130708694458008,-0.24839842319488525
2894,145400.0,5.190629482269287,-8.104970932006836,-0.2477998733520508
2895,145500.0,5.190629482269287,-8.104970932006836,-0.2477998733520508
2896,145600.0,5.218760967254639,-8.089408874511719,-0.2807201445102692
2897,145700.0,5.218760967254639,-8.089408874511719,-0.2807201445102692
2898,145800.0,5.257667064666748,-8.045116424560549,-0.19452889263629916
2899,145900.0,5.257667064666748,-8.045116424560549,-0.19452889263629916
2900,146000.0,5.275024890899658,-8.070854187011719,-0.10175357013940813
2901,146100.0,5.275024890899658,-8.070854187011719,-0.10175357013940813
2902,146200.0,5.1541175842285165,-8.119336128234862,-0.3693056106567383
2903,146300.0,5.094262599945068,-8.185176849365233,-0.0802057534456253
2904,146400.0,5.094262599945068,-8.185176849365233,-0.0802057534456253
2905,146500.0,5.31273365020752,-8.053496360778809,-0.2621650993824005
2906,146600.0,5.31273365020752,-8.053496360778809,-0.2621650993824005
2907,146700.0,5.1990089416503915,-8.066065788269043,-0.3292027413845062
2908,146800.0,5.1990089416503915,-8.066065788269043,-0.3292027413845062
2909,146900.0,5.213374137878418,-8.045116424560549,-0.2885012924671173
2910,147000.0,5.213374137878418,-8.045116424560549,-0.2885012924671173
2911,147100.0,5.005677223205566,-8.185176849365233,-0.20231004059314728
2912,147200.0,5.104437828063965,-8.154052734375,-0.22625206410884854
2913,147300.0,5.104437828063965,-8.154052734375,-0.22625206410884854
2914,147400.0,5.20978307723999,-8.103176116943361,-0.23343466222286224
2915,147500.0,5.20978307723999,-8.103176116943361,-0.23343466222286224
2916,147600.0,5.258863925933838,-8.041524887084961,-0.1885433793067932
2917,147700.0,5.258863925933838,-8.041524887084961,-0.1885433793067932
2918,147800.0,5.2480902671813965,-8.043919563293457,-0.3830722570419312
2919,147900.0,5.2480902671813965,-8.043919563293457,-0.3830722570419312
2920,146000.0,5.275024890899658,-8.070854187011719,-0.10175357013940813
2921,146100.0,5.275024890899658,-8.070854187011719,-0.10175357013940813
2922,146200.0,5.1541175842285165,-8.119336128234862,-0.3693056106567383
2923,146300.0,5.094262599945068,-8.185176849365233,-0.0802057534456253
2924,146400.0,5.094262599945068,-8.185176849365233,-0.0802057534456253
2925,146500.0,5.31273365020752,-8.053496360778809,-0.2621650993824005
2926,146600.0,5.31273365020752,-8.053496360778809,-0.2621650993824005
2927,146700.0,5.1990089416503915,-8.066065788269043,-0.3292027413845062
2928,146800.0,5.1990089416503915,-8.066065788269043,-0.3292027413845062
2929,146900.0,5.213374137878418,-8.045116424560549,-0.2885012924671173
2930,147000.0,5.213374137878418,-8.045116424560549,-0.2885012924671173
2931,147100.0,5.005677223205566,-8.185176849365233,-0.20231004059314728
2932,147200.0,5.104437828063965,-8.154052734375,-0.22625206410884854
2933,147300.0,5.104437828063965,-8.154052734375,-0.22625206410884854
2934,147400.0,5.20978307723999,-8.103176116943361,-0.23343466222286224
2935,147500.0,5.20978307723999,-8.103176116943361,-0.23343466222286224
2936,147600.0,5.258863925933838,-8.041524887084961,-0.1885433793067932
2937,147700.0,5.258863925933838,-8.041524887084961,-0.1885433793067932
2938,147800.0,5.2480902671813965,-8.043919563293457,-0.3830722570419312
2939,147900.0,5.2480902671813965,-8.043919563293457,-0.3830722570419312
2940,148000.0,5.238513469696045,-8.079832077026367,-0.2519897222518921
2941,148100.0,5.0906715393066415,-8.17141056060791,-0.2795230448246002
2942,148200.0,5.0906715393066415,-8.17141056060791,-0.2795230448246002
2943,148300.0,5.275623321533203,-8.073247909545897,-0.17657238245010376
2944,148400.0,5.275623321533203,-8.073247909545897,-0.17657238245010376
2945,148500.0,5.14813232421875,-8.074444770812987,-0.2585737705230713
2946,148600.0,5.14813232421875,-8.074444770812987,-0.2585737705230713
2947,148700.0,5.087080001831055,-8.144475936889647,-0.23343466222286224
2948,148800.0,5.087080001831055,-8.144475936889647,-0.23343466222286224
2949,148900.0,5.170876979827881,-8.110358238220215,-0.1472434103488922
2950,149000.0,5.121796131134033,-8.127118110656737,-0.2346317619085312
2951,149100.0,5.121796131134033,-8.127118110656737,-0.2346317619085312
2952,149200.0,5.142146587371826,-8.115146636962889,-0.12749123573303225
2953,149300.0,5.142146587371826,-8.115146636962889,-0.12749123573303225
2954,149400.0,5.032013416290283,-8.177994728088379,-0.3806780576705933
2955,149500.0,5.032013416290283,-8.177994728088379,-0.3806780576705933
2956,149600.0,5.109825134277344,-8.149264335632324,-0.19033902883529666
2957,149700.0,5.109825134277344,-8.149264335632324,-0.19033902883529666
2958,149800.0,5.291185855865479,-8.033144950866701,-0.24001872539520264
2959,149900.0,5.131372928619385,-8.123526573181152,-0.284311443567276
2960,148000.0,5.238513469696045,-8.079832077026367,-0.2519897222518921
2961,148100.0,5.0906715393066415,-8.17141056060791,-0.2795230448246002
2962,148200.0,5.0906715393066415,-8.17141056060791,-0.2795230448246002
2963,148300.0,5.275623321533203,-8.073247909545897,-0.17657238245010376
2964,148400.0,5.275623321533203,-8.073247909545897,-0.17657238245010376
2965,148500.0,5.14813232421875,-8.074444770812987,-0.2585737705230713
2966,148600.0,5.14813232421875,-8.074444770812987,-0.2585737705230713
2967,148700.0,5.087080001831055,-8.144475936889647,-0.23343466222286224
2968,148800.0,5.087080001831055,-8.144475936889647,-0.23343466222286224
2969,148900.0,5.170876979827881,-8.110358238220215,-0.1472434103488922
2970,149000.0,5.121796131134033,-8.127118110656737,-0.2346317619085312
2971,149100.0,5.121796131134033,-8.127118110656737,-0.2346317619085312
2972,149200.0,5.142146587371826,-8.115146636962889,-0.12749123573303225
2973,149300.0,5.142146587371826,-8.115146636962889,-0.12749123573303225
2974,149400.0,5.032013416290283,-8.177994728088379,-0.3806780576705933
2975,149500.0,5.032013416290283,-8.177994728088379,-0.3806780576705933
2976,149600.0,5.109825134277344,-8.149264335632324,-0.19033902883529666
2977,149700.0,5.109825134277344,-8.149264335632324,-0.19033902883529666
2978,149800.0,5.291185855865479,-8.033144950866701,-0.24001872539520264
2979,149900.0,5.131372928619385,-8.123526573181152,-0.284311443567276
2980,150000.0,5.131372928619385,-8.123526573181152,-0.284311443567276
2981,150100.0,5.124788761138916,-8.109161376953125,-0.2849099934101105
2982,150200.0,5.124788761138916,-8.109161376953125,-0.2849099934101105
2983,150300.0,5.21097993850708,-8.089408874511719,-0.3220201432704925
2984,150400.0,5.21097993850708,-8.089408874511719,-0.3220201432704925
2985,150500.0,5.0721163749694815,-8.118738174438478,-0.30885201692581177
2986,150600.0,5.0721163749694815,-8.118738174438478,-0.30885201692581177
2987,150700.0,5.151124954223633,-8.125920295715332,-0.18974047899246216
2988,150800.0,5.1355624198913565,-8.09778881072998,-0.18555063009262085
2989,150900.0,5.1355624198913565,-8.09778881072998,-0.18555063009262085
2990,151000.0,5.373785495758057,-8.013991355895996,-0.2298433631658554
2991,151100.0,5.373785495758057,-8.013991355895996,-0.2298433631658554
2992,151200.0,5.062539577484131,-8.166622161865233,-0.20949265360832212
2993,151300.0,5.062539577484131,-8.166622161865233,-0.20949265360832212
2994,151400.0,5.188833713531494,-8.083423614501951,-0.15263035893440247
2995,151500.0,5.188833713531494,-8.083423614501951,-0.15263035893440247
2996,151600.0,5.126584529876709,-8.128314971923826,-0.2340332120656967
2997,151700.0,5.260061264038086,-8.107365608215332,-0.1909375786781311
2998,151800.0,5.260061264038086,-8.107365608215332,-0.1909375786781311
2999,151900.0,5.211578369140625,-8.069656372070312,-0.2825157940387726
3000,150000.0,5.131372928619385,-8.123526573181152,-0.284311443567276
3001,150100.0,5.124788761138916,-8.109161376953125,-0.2849099934101105
3002,150200.0,5.124788761138916,-8.109161376953125,-0.2849099934101105
3003,150300.0,5.21097993850708,-8.089408874511719,-0.3220201432704925
3004,150400.0,5.21097993850708,-8.089408874511719,-0.3220201432704925
3005,150500.0,5.0721163749694815,-8.118738174438478,-0.30885201692581177
3006,150600.0,5.0721163749694815,-8.118738174438478,-0.30885201692581177
3007,150700.0,5.151124954223633,-8.125920295715332,-0.18974047899246216
3008,150800.0,5.1355624198913565,-8.09778881072998,-0.18555063009262085
3009,150900.0,5.1355624198913565,-8.09778881072998,-0.18555063009262085
3010,151000.0,5.373785495758057,-8.013991355895996,-0.2298433631658554
3011,151100.0,5.373785495758057,-8.013991355895996,-0.2298433631658554
3012,151200.0,5.062539577484131,-8.166622161865233,-0.20949265360832212
3013,151300.0,5.062539577484131,-8.166622161865233,-0.20949265360832212
3014,151400.0,5.188833713531494,-8.083423614501951,-0.15263035893440247
3015,151500.0,5.188833713531494,-8.083423614501951,-0.15263035893440247
3016,151600.0,5.126584529876709,-8.128314971923826,-0.2340332120656967
3017,151700.0,5.260061264038086,-8.107365608215332,-0.1909375786781311
3018,151800.0,5.260061264038086,-8.107365608215332,-0.1909375786781311
3019,151900.0,5.211578369140625,-8.069656372070312,-0.2825157940387726
3020,152000.0,5.211578369140625,-8.069656372070312,-0.2825157940387726
3021,152100.0,5.199607372283936,-8.073247909545897,-0.3112462162971497
3022,152200.0,5.199607372283936,-8.073247909545897,-0.3112462162971497
3023,152300.0,5.157709121704102,-8.151060104370117,-0.1849520802497864
3024,152400.0,5.157709121704102,-8.151060104370117,-0.1849520802497864
3025,152500.0,5.1343655586242685,-8.107964515686035,-0.2717418968677521
3026,152600.0,5.087080001831055,-8.12053394317627,-0.2777273952960968
3027,152700.0,5.087080001831055,-8.12053394317627,-0.2777273952960968
3028,152800.0,5.147533416748047,-8.10018253326416,-0.2849099934101105
3029,152900.0,5.147533416748047,-8.10018253326416,-0.2849099934101105
3030,153000.0,5.1158103942871085,-8.153453826904299,-0.14006079733371735
3031,153100.0,5.1158103942871085,-8.153453826904299,-0.14006079733371735
3032,153200.0,5.251681327819824,-8.058882713317871,-0.3064578175544739
3033,153300.0,5.251681327819824,-8.058882713317871,-0.3064578175544739
3034,153400.0,5.225943565368652,-8.102577209472656,-0.2304419130086899
3035,153500.0,5.190629482269287,-8.085817337036133,-0.16819266974925995
3036,153600.0,5.190629482269287,-8.085817337036133,-0.16819266974925995
3037,153700.0,5.2229509353637695,-8.070854187011719,-0.2172738015651703
3038,153800.0,5.2229509353637695,-8.070854187011719,-0.2172738015651703
3039,153900.0,5.143942356109619,-8.143877029418945,-0.1951274424791336
3040,152000.0,5.211578369140625,-8.069656372070312,-0.2825157940387726
3041,152100.0,5.199607372283936,-8.073247909545897,-0.3112462162971497
3042,152200.0,5.199607372283936,-8.073247909545897,-0.3112462162971497
3043,152300.0,5.157709121704102,-8.151060104370117,-0.1849520802497864
3044,152400.0,5.157709121704102,-8.151060104370117,-0.1849520802497864
3045,152500.0,5.1343655586242685,-8.107964515686035,-0.2717418968677521
3046,152600.0,5.087080001831055,-8.12053394317627,-0.2777273952960968
3047,152700.0,5.087080001831055,-8.12053394317627,-0.2777273952960968
3048,152800.0,5.147533416748047,-8.10018253326416,-0.2849099934101105
3049,152900.0,5.147533416748047,-8.10018253326416,-0.2849099934101105
3050,153000.0,5.1158103942871085,-8.153453826904299,-0.14006079733371735
3051,153100.0,5.1158103942871085,-8.153453826904299,-0.14006079733371735
3052,153200.0,5.251681327819824,-8.058882713317871,-0.3064578175544739
3053,153300.0,5.251681327819824,-8.058882713317871,-0.3064578175544739
3054,153400.0,5.225943565368652,-8.102577209472656,-0.2304419130086899
3055,153500.0,5.190629482269287,-8.085817337036133,-0.16819266974925995
3056,153600.0,5.190629482269287,-8.085817337036133,-0.16819266974925995
3057,153700.0,5.2229509353637695,-8.070854187011719,-0.2172738015651703
3058,153800.0,5.2229509353637695,-8.070854187011719,-0.2172738015651703
3059,153900.0,5.143942356109619,-8.143877029418945,-0.1951274424791336
3060,154000.0,5.143942356109619,-8.143877029418945,-0.1951274424791336
3061,154100.0,5.062539577484131,-8.195950508117676,-0.20290859043598172
3062,154200.0,5.062539577484131,-8.195950508117676,-0.20290859043598172
3063,154300.0,5.166088581085205,-8.094796180725098,-0.3543418645858765
3064,154400.0,5.025429248809815,-8.20612621307373,-0.18794482946395874
3065,154500.0,5.025429248809815,-8.20612621307373,-0.18794482946395874
3066,154600.0,5.094262599945068,-8.128912925720215,-0.292691171169281
3067,154700.0,5.094262599945068,-8.128912925720215,-0.292691171169281
3068,154800.0,5.173271179199219,-8.077438354492188,-0.2932897210121155
3069,154900.0,5.173271179199219,-8.077438354492188,-0.2932897210121155
3070,155000.0,5.3139305114746085,-8.023568153381348,-0.1346738487482071
3071,155100.0,5.3139305114746085,-8.023568153381348,-0.1346738487482071
3072,155200.0,5.209184169769287,-8.074444770812987,-0.24660277366638186
3073,155300.0,5.1565117835998535,-8.103176116943361,-0.2687491476535797
3074,155400.0,5.1565117835998535,-8.103176116943361,-0.2687491476535797
3075,155500.0,5.164891719818115,-8.103176116943361,-0.15023615956306458
3076,155600.0,5.164891719818115,-8.103176116943361,-0.15023615956306458
3077,155700.0,5.112219333648682,-8.141483306884767,-0.2448071241378784
3078,155800.0,5.112219333648682,-8.141483306884767,-0.2448071241378784
3079,155900.0,5.231929302215576,-8.073247909545897,-0.10893617570400238
3080,154000.0,5.143942356109619,-8.143877029418945,-0.1951274424791336
3081,154100.0,5.062539577484131,-8.195950508117676,-0.20290859043598172
3082,154200.0,5.062539577484131,-8.195950508117676,-0.20290859043598172
3083,154300.0,5.166088581085205,-8.094796180725098,-0.3543418645858765
3084,154400.0,5.025429248809815,-8.20612621307373,-0.18794482946395874
3085,154500.0,5.025429248809815,-8.20612621307373,-0.18794482946395874
3086,154600.0,5.094262599945068,-8.128912925720215,-0.292691171169281
3087,154700.0,5.094262599945068,-8.128912925720215,-0.292691171169281
3088,154800.0,5.173271179199219,-8.077438354492188,-0.2932897210121155
3089,154900.0,5.173271179199219,-8.077438354492188,-0.2932897210121155
3090,155000.0,5.3139305114746085,-8.023568153381348,-0.1346738487482071
3091,155100.0,5.3139305114746085,-8.023568153381348,-0.1346738487482071
3092,155200.0,5.209184169769287,-8.074444770812987,-0.24660277366638186
3093,155300.0,5.1565117835998535,-8.103176116943361,-0.2687491476535797
3094,155400.0,5.1565117835998535,-8.103176116943361,-0.2687491476535797
3095,155500.0,5.164891719818115,-8.103176116943361,-0.15023615956306458
3096,155600.0,5.164891719818115,-8.103176116943361,-0.15023615956306458
3097,155700.0,5.112219333648682,-8.141483306884767,-0.2448071241378784
3098,155800.0,5.112219333648682,-8.141483306884767,-0.2448071241378784
3099,155900.0,5.231929302215576,-8.073247909545897,-0.10893617570400238
3100,156000.0,5.231929302215576,-8.073247909545897,-0.10893617570400238
3101,156100.0,5.114014625549316,-8.104970932006836,-0.2914940714836121
3102,156200.0,5.107430934906006,-8.135497093200684,-0.27054479718208313
3103,156300.0,5.107430934906006,-8.135497093200684,-0.27054479718208313
3104,156400.0,5.301361083984375,-8.019378662109375,-0.23283611238002774
3105,156500.0,5.301361083984375,-8.019378662109375,-0.23283611238002774
3106,156600.0,4.985326290130615,-8.200140953063965,-0.23163901269435885
3107,156700.0,4.985326290130615,-8.200140953063965,-0.23163901269435885
3108,156800.0,5.1816511154174805,-8.10018253326416,-0.23163901269435885
3109,156900.0,5.1816511154174805,-8.10018253326416,-0.23163901269435885
3110,157000.0,5.081693172454834,-8.110957145690918,-0.2950853705406189
3111,157100.0,5.079897403717041,-8.110358238220215,-0.3579331636428833
3112,157200.0,5.079897403717041,-8.110358238220215,-0.3579331636428833
3113,157300.0,5.170278549194336,-8.078635215759277,-0.13287819921970367
3114,157400.0,5.170278549194336,-8.078635215759277,-0.13287819921970367
3115,157500.0,5.231929302215576,-8.073247909545897,-0.2849099934101105
3116,157600.0,5.231929302215576,-8.073247909545897,-0.2849099934101105
3117,157700.0,5.219958305358887,-8.022970199584961,-0.4040215313434601
3118,157800.0,5.219958305358887,-8.022970199584961,-0.4040215313434601
3119,157900.0,5.166088581085205,-8.09898567199707,-0.1801636815071106
3120,156000.0,5.231929302215576,-8.073247909545897,-0.10893617570400238
3121,156100.0,5.114014625549316,-8.104970932006836,-0.2914940714836121
3122,156200.0,5.107430934906006,-8.135497093200684,-0.27054479718208313
3123,156300.0,5.107430934906006,-8.135497093200684,-0.27054479718208313
3124,156400.0,5.301361083984375,-8.019378662109375,-0.23283611238002774
3125,156500.0,5.301361083984375,-8.019378662109375,-0.23283611238002774
3126,156600.0,4.985326290130615,-8.200140953063965,-0.23163901269435885
3127,156700.0,4.985326290130615,-8.200140953063965,-0.23163901269435885
3128,156800.0,5.1816511154174805,-8.10018253326416,-0.23163901269435885
3129,156900.0,5.1816511154174805,-8.10018253326416,-0.23163901269435885
3130,157000.0,5.081693172454834,-8.110957145690918,-0.2950853705406189
3131,157100.0,5.079897403717041,-8.110358238220215,-0.3579331636428833
3132,157200.0,5.079897403717041,-8.110358238220215,-0.3579331636428833
3133,157300.0,5.170278549194336,-8.078635215759277,-0.13287819921970367
3134,157400.0,5.170278549194336,-8.078635215759277,-0.13287819921970367
3135,157500.0,5.231929302215576,-8.073247909545897,-0.2849099934101105
3136,157600.0,5.231929302215576,-8.073247909545897,-0.2849099934101105
3137,157700.0,5.219958305358887,-8.022970199584961,-0.4040215313434601
3138,157800.0,5.219958305358887,-8.022970199584961,-0.4040215313434601
3139,157900.0,5.166088581085205,-8.09898567199707,-0.1801636815071106
3140,158000.0,5.2271409034729,-8.085219383239746,-0.1993172913789749
3141,158100.0,5.2271409034729,-8.085219383239746,-0.1993172913789749
3142,158200.0,5.194220542907715,-8.092401504516603,-0.24660277366638186
3143,158300.0,5.194220542907715,-8.092401504516603,-0.24660277366638186
3144,158400.0,5.075109004974365,-8.145073890686035,-0.26396074891090393
3145,158500.0,5.075109004974365,-8.145073890686035,-0.26396074891090393
3146,158600.0,5.206191539764403,-8.087015151977539,-0.33099839091300964
3147,158700.0,5.206191539764403,-8.087015151977539,-0.33099839091300964
3148,158800.0,5.322908878326416,-8.078036308288574,-0.14245499670505524
3149,158900.0,5.322908878326416,-8.078036308288574,-0.14245499670505524
3150,159000.0,5.228936672210693,-8.073846817016603,-0.3405751883983612
3151,159100.0,5.110423564910889,-8.13789176940918,-0.2944868206977844
3152,159200.0,5.110423564910889,-8.13789176940918,-0.2944868206977844
3153,159300.0,5.11461353302002,-8.125322341918945,-0.3369838893413544
3154,159400.0,5.11461353302002,-8.125322341918945,-0.3369838893413544
3155,159500.0,5.147533416748047,-8.10018253326416,-0.3543418645858765
3156,159600.0,5.147533416748047,-8.10018253326416,-0.3543418645858765
3157,159700.0,5.175066947937012,-8.06427001953125,-0.2902969419956207
3158,159800.0,5.20978307723999,-8.077438354492188,-0.2340332120656967
3159,159900.0,5.20978307723999,-8.077438354492188,-0.2340332120656967
3160,158000.0,5.2271409034729,-8.085219383239746,-0.1993172913789749
3161,158100.0,5.2271409034729,-8.085219383239746,-0.1993172913789749
3162,158200.0,5.194220542907715,-8.092401504516603,-0.24660277366638186
3163,158300.0,5.194220542907715,-8.092401504516603,-0.24660277366638186
3164,158400.0,5.075109004974365,-8.145073890686035,-0.26396074891090393
3165,158500.0,5.075109004974365,-8.145073890686035,-0.26396074891090393
3166,158600.0,5.206191539764403,-8.087015151977539,-0.33099839091300964
3167,158700.0,5.206191539764403,-8.087015151977539,-0.33099839091300964
3168,158800.0,5.322908878326416,-8.078036308288574,-0.14245499670505524
3169,158900.0,5.322908878326416,-8.078036308288574,-0.14245499670505524
3170,159000.0,5.228936672210693,-8.073846817016603,-0.3405751883983612
3171,159100.0,5.110423564910889,-8.13789176940918,-0.2944868206977844
3172,159200.0,5.110423564910889,-8.13789176940918,-0.2944868206977844
3173,159300.0,5.11461353302002,-8.125322341918945,-0.3369838893413544
3174,159400.0,5.11461353302002,-8.125322341918945,-0.3369838893413544
3175,159500.0,5.147533416748047,-8.10018253326416,-0.3543418645858765
3176,159600.0,5.147533416748047,-8.10018253326416,-0.3543418645858765
3177,159700.0,5.175066947937012,-8.06427001953125,-0.2902969419956207
3178,159800.0,5.20978307723999,-8.077438354492188,-0.2340332120656967
3179,159900.0,5.20978307723999,-8.077438354492188,-0.2340332120656967
3180,160000.0,5.231929302215576,-8.072051048278809,-0.2980781197547913
3181,160100.0,5.231929302215576,-8.072051048278809,-0.2980781197547913
3182,160200.0,5.1092262268066415,-8.13789176940918,-0.14784196019172668
3183,160300.0,5.1092262268066415,-8.13789176940918,-0.14784196019172668
3184,160400.0,5.16429328918457,-8.091803550720215,-0.3345896899700165
3185,160500.0,5.16429328918457,-8.091803550720215,-0.3345896899700165
3186,160600.0,5.018246650695801,-8.17021369934082,-0.243011474609375
3187,160700.0,5.018246650695801,-8.17021369934082,-0.243011474609375
3188,160800.0,5.389946460723877,-7.972691535949707,-0.2382230758666992
3189,160900.0,5.164891719818115,-8.09778881072998,-0.395043283700943
3190,161000.0,5.164891719818115,-8.09778881072998,-0.395043283700943
3191,161100.0,5.062539577484131,-8.163629531860353,-0.14903905987739566
3192,161200.0,5.062539577484131,-8.163629531860353,-0.14903905987739566
3193,161300.0,5.067327976226807,-8.129511833190918,-0.2944868206977844
3194,161400.0,5.067327976226807,-8.129511833190918,-0.2944868206977844
3195,161500.0,5.152920722961426,-8.072051048278809,-0.376488208770752
3196,161600.0,5.152920722961426,-8.072051048278809,-0.376488208770752
3197,161700.0,5.073313236236572,-8.179191589355469,-0.13168109953403473
3198,161800.0,5.170278549194336,-8.119336128234862,-0.2358288615942001
3199,161900.0,5.170278549194336,-8.119336128234862,-0.2358288615942001
3200,160000.0,5.231929302215576,-8.072051048278809,-0.2980781197547913
3201,160100.0,5.231929302215576,-8.072051048278809,-0.2980781197547913
3202,160200.0,5.1092262268066415,-8.13789176940918,-0.14784196019172668
3203,160300.0,5.1092262268066415,-8.13789176940918,-0.14784196019172668
3204,160400.0,5.16429328918457,-8.091803550720215,-0.3345896899700165
3205,160500.0,5.16429328918457,-8.091803550720215,-0.3345896899700165
3206,160600.0,5.018246650695801,-8.17021369934082,-0.243011474609375
3207,160700.0,5.018246650695801,-8.17021369934082,-0.243011474609375
3208,160800.0,5.389946460723877,-7.972691535949707,-0.2382230758666992
3209,160900.0,5.164891719818115,-8.09778881072998,-0.395043283700943
3210,161000.0,5.164891719818115,-8.09778881072998,-0.395043283700943
3211,161100.0,5.062539577484131,-8.163629531860353,-0.14903905987739566
3212,161200.0,5.062539577484131,-8.163629531860353,-0.14903905987739566
3213,161300.0,5.067327976226807,-8.129511833190918,-0.2944868206977844
3214,161400.0,5.067327976226807,-8.129511833190918,-0.2944868206977844
3215,161500.0,5.152920722961426,-8.072051048278809,-0.376488208770752
3216,161600.0,5.152920722961426,-8.072051048278809,-0.376488208770752
3217,161700.0,5.073313236236572,-8.179191589355469,-0.13168109953403473
3218,161800.0,5.170278549194336,-8.119336128234862,-0.2358288615942001
3219,161900.0,5.170278549194336,-8.119336128234862,-0.2358288615942001
3220,162000.0,5.200804710388184,-8.079832077026367,-0.18555063009262085
3221,162100.0,5.200804710388184,-8.079832077026367,-0.18555063009262085
3222,162200.0,5.185242176055908,-8.112752914428711,-0.2513911724090576
3223,162300.0,5.185242176055908,-8.112752914428711,-0.2513911724090576
3224,162400.0,5.232527732849121,-8.110358238220215,-0.07003039866685867
3225,162500.0,5.232527732849121,-8.110358238220215,-0.07003039866685867
3226,162600.0,5.145738124847412,-8.093000411987305,-0.15442600846290588
3227,162700.0,5.1541175842285165,-8.063671112060549,-0.3387795388698578
3228,162800.0,5.1541175842285165,-8.063671112060549,-0.3387795388698578
3229,162900.0,5.297171115875244,-8.00920295715332,-0.3471592366695404
3230,163000.0,5.297171115875244,-8.00920295715332,-0.3471592366695404
3231,163100.0,5.181052684783936,-8.102577209472656,-0.3471592366695404
3232,163200.0,5.181052684783936,-8.102577209472656,-0.3471592366695404
3233,163300.0,5.047575950622559,-8.168417930603027,-0.2914940714836121
3234,163400.0,5.047575950622559,-8.168417930603027,-0.2914940714836121
3235,163500.0,5.234323501586914,-8.119336128234862,-0.19632454216480252
3236,163600.0,5.087080001831055,-8.161234855651855,-0.3555389642715454
3237,163700.0,5.087080001831055,-8.161234855651855,-0.3555389642715454
3238,163800.0,5.167285919189453,-8.086416244506836,-0.18914192914962769
3239,163900.0,5.167285919189453,-8.086416244506836,-0.18914192914962769
3240,162000.0,5.200804710388184,-8.079832077026367,-0.18555063009262085
3241,162100.0,5.200804710388184,-8.079832077026367,-0.18555063009262085
3242,162200.0,5.185242176055908,-8.112752914428711,-0.2513911724090576
3243,162300.0,5.185242176055908,-8.112752914428711,-0.2513911724090576
3244,162400.0,5.232527732849121,-8.110358238220215,-0.07003039866685867
3245,162500.0,5.232527732849121,-8.110358238220215,-0.07003039866685867
3246,162600.0,5.145738124847412,-8.093000411987305,-0.15442600846290588
3247,162700.0,5.1541175842285165,-8.063671112060549,-0.3387795388698578
3248,162800.0,5.1541175842285165,-8.063671112060549,-0.3387795388698578
3249,162900.0,5.297171115875244,-8.00920295715332,-0.3471592366695404
3250,163000.0,5.297171115875244,-8.00920295715332,-0.3471592366695404
3251,163100.0,5.181052684783936,-8.102577209472656,-0.3471592366695404
3252,163200.0,5.181052684783936,-8.102577209472656,-0.3471592366695404
3253,163300.0,5.047575950622559,-8.168417930603027,-0.2914940714836121
3254,163400.0,5.047575950622559,-8.168417930603027,-0.2914940714836121
3255,163500.0,5.234323501586914,-8.119336128234862,-0.19632454216480252
3256,163600.0,5.087080001831055,-8.161234855651855,-0.3555389642715454
3257,163700.0,5.087080001831055,-8.161234855651855,-0.3555389642715454
3258,163800.0,5.167285919189453,-8.086416244506836,-0.18914192914962769
3259,163900.0,5.167285919189453,-8.086416244506836,-0.18914192914962769
3260,164000.0,5.143343925476074,-8.093599319458008,-0.3423708379268646
3261,164100.0,5.143343925476074,-8.093599319458008,-0.3423708379268646
3262,164200.0,5.148730754852295,-8.105569839477539,-0.2992752194404602
3263,164300.0,5.148730754852295,-8.105569839477539,-0.2992752194404602
3264,164400.0,4.958990097045898,-8.20612621307373,-0.3615244626998901
3265,164500.0,5.157709121704102,-8.058882713317871,-0.2561795711517334
3266,164600.0,5.157709121704102,-8.058882713317871,-0.2561795711517334
3267,164700.0,4.9386396408081055,-8.228272438049316,-0.2172738015651703
3268,164800.0,4.9386396408081055,-8.228272438049316,-0.2172738015651703
3269,164900.0,5.337872505187988,-7.971494674682617,-0.4596867263317108
3270,165000.0,5.337872505187988,-7.971494674682617,-0.4596867263317108
3271,165100.0,5.0697221755981445,-8.231265068054201,-0.39803603291511536
3272,165200.0,5.0697221755981445,-8.231265068054201,-0.39803603291511536
3273,165300.0,5.239710330963135,-8.046313285827638,-0.5123591423034668
3274,165400.0,5.067926406860352,-8.110957145690918,-0.6165069341659546
3275,165500.0,5.067926406860352,-8.110957145690918,-0.6165069341659546
3276,165600.0,5.19481897354126,-8.110957145690918,-0.6667851805686951
3277,165700.0,5.19481897354126,-8.110957145690918,-0.6667851805686951
3278,165800.0,5.25527286529541,-8.037335395812987,-0.5171475410461426
3279,165900.0,5.25527286529541,-8.037335395812987,-0.5171475410461426
3280,164000.0,5.143343925476074,-8.093599319458008,-0.3423708379268646
3281,164100.0,5.143343925476074,-8.093599319458008,-0.3423708379268646
3282,164200.0,5.148730754852295,-8.105569839477539,-0.2992752194404602
3283,164300.0,5.148730754852295,-8.105569839477539,-0.2992752194404602
3284,164400.0,4.958990097045898,-8.20612621307373,-0.3615244626998901
3285,164500.0,5.157709121704102,-8.058882713317871,-0.2561795711517334
3286,164600.0,5.157709121704102,-8.058882713317871,-0.2561795711517334
3287,164700.0,4.9386396408081055,-8.228272438049316,-0.2172738015651703
3288,164800.0,4.9386396408081055,-8.228272438049316,-0.2172738015651703
3289,164900.0,5.337872505187988,-7.971494674682617,-0.4596867263317108
3290,165000.0,5.337872505187988,-7.971494674682617,-0.4596867263317108
3291,165100.0,5.0697221755981445,-8.231265068054201,-0.39803603291511536
3292,165200.0,5.0697221755981445,-8.231265068054201,-0.39803603291511536
3293,165300.0,5.239710330963135,-8.046313285827638,-0.5123591423034668
3294,165400.0,5.067926406860352,-8.110957145690918,-0.6165069341659546
3295,165500.0,5.067926406860352,-8.110957145690918,-0.6165069341659546
3296,165600.0,5.19481897354126,-8.110957145690918,-0.6667851805686951
3297,165700.0,5.19481897354126,-8.110957145690918,-0.6667851805686951
3298,165800.0,5.25527286529541,-8.037335395812987,-0.5171475410461426
3299,165900.0,5.25527286529541,-8.037335395812987,-0.5171475410461426
3300,166000.0,5.139752388000488,-8.115146636962889,-0.4279635548591614
3301,166100.0,5.139752388000488,-8.115146636962889,-0.4279635548591614
3302,166200.0,5.385756492614746,-7.976881504058838,-0.5925649404525757
3303,166300.0,5.193023681640625,-8.109759330749513,-0.4926069974899292
3304,166400.0,5.193023681640625,-8.109759330749513,-0.4926069974899292
3305,166500.0,5.1152119636535645,-8.128314971923826,-0.4297592043876648
3306,166600.0,5.1152119636535645,-8.128314971923826,-0.4297592043876648
3307,166700.0,5.297770023345947,-8.025962829589844,-0.487220048904419
3308,166800.0,5.297770023345947,-8.025962829589844,-0.487220048904419
3309,166900.0,5.076904773712158,-8.13669490814209,-0.5333084464073181
3310,167000.0,5.076904773712158,-8.13669490814209,-0.5333084464073181
3311,167100.0,5.114014625549316,-8.107964515686035,-0.4991910457611084
3312,167200.0,5.127781391143799,-8.112154006958008,-0.5045779943466187
3313,167300.0,5.127781391143799,-8.112154006958008,-0.5045779943466187
3314,167400.0,5.246294498443604,-8.081028938293457,-0.4255693554878235
3315,167500.0,5.246294498443604,-8.081028938293457,-0.4255693554878235
3316,167600.0,5.128978729248047,-8.116942405700684,-0.4183867573738098
3317,167700.0,5.128978729248047,-8.116942405700684,-0.4183867573738098
3318,167800.0,5.061941146850586,-8.146271705627441,-0.5183446407318115
3319,167900.0,5.061941146850586,-8.146271705627441,-0.5183446407318115
3320,166000.0,5.139752388000488,-8.115146636962889,-0.4279635548591614
3321,166100.0,5.139752388000488,-8.115146636962889,-0.4279635548591614
3322,166200.0,5.385756492614746,-7.976881504058838,-0.5925649404525757
3323,166300.0,5.193023681640625,-8.109759330749513,-0.4926069974899292
3324,166400.0,5.193023681640625,-8.109759330749513,-0.4926069974899292
3325,166500.0,5.1152119636535645,-8.128314971923826,-0.4297592043876648
3326,166600.0,5.1152119636535645,-8.128314971923826,-0.4297592043876648
3327,166700.0,5.297770023345947,-8.025962829589844,-0.487220048904419
3328,166800.0,5.297770023345947,-8.025962829589844,-0.487220048904419
3329,166900.0,5.076904773712158,-8.13669490814209,-0.5333084464073181
3330,167000.0,5.076904773712158,-8.13669490814209,-0.5333084464073181
3331,167100.0,5.114014625549316,-8.107964515686035,-0.4991910457611084
3332,167200.0,5.127781391143799,-8.112154006958008,-0.5045779943466187
3333,167300.0,5.127781391143799,-8.112154006958008,-0.5045779943466187
3334,167400.0,5.246294498443604,-8.081028938293457,-0.4255693554878235
3335,167500.0,5.246294498443604,-8.081028938293457,-0.4255693554878235
3336,167600.0,5.128978729248047,-8.116942405700684,-0.4183867573738098
3337,167700.0,5.128978729248047,-8.116942405700684,-0.4183867573738098
3338,167800.0,5.061941146850586,-8.146271705627441,-0.5183446407318115
3339,167900.0,5.061941146850586,-8.146271705627441,-0.5183446407318115
3340,168000.0,5.254075527191162,-8.08402156829834,-0.484825849533081
3341,168100.0,5.151124954223633,-8.089408874511719,-0.5416881442070007
3342,168200.0,5.151124954223633,-8.089408874511719,-0.5416881442070007
3343,168300.0,5.052962779998778,-8.191162109375,-0.5171475410461426
3344,168400.0,5.052962779998778,-8.191162109375,-0.5171475410461426
3345,168500.0,5.106233596801758,-8.108562469482424,-0.4806360006332398
3346,168600.0,5.106233596801758,-8.108562469482424,-0.4806360006332398
3347,168700.0,5.1158103942871085,-8.161833763122559,-0.5392939448356628
3348,168800.0,5.1158103942871085,-8.161833763122559,-0.5392939448356628
3349,168900.0,5.206789970397949,-8.068459510803223,-0.5398924946784973
3350,169000.0,5.109825134277344,-8.130708694458008,-0.5249287486076355
3351,169100.0,5.109825134277344,-8.130708694458008,-0.5249287486076355
3352,169200.0,5.123591423034668,-8.145073890686035,-0.4405331015586853
3353,169300.0,5.123591423034668,-8.145073890686035,-0.4405331015586853
3354,169400.0,5.260061264038086,-8.010998725891112,-0.585382342338562
3355,169500.0,5.260061264038086,-8.010998725891112,-0.585382342338562
3356,169600.0,5.088277339935303,-8.13908863067627,-0.4788403511047363
3357,169700.0,5.088277339935303,-8.13908863067627,-0.4788403511047363
3358,169800.0,5.161300182342528,-8.105569839477539,-0.48602294921875
3359,169900.0,5.124788761138916,-8.135497093200684,-0.5698199868202211
3360,168000.0,5.254075527191162,-8.08402156829834,-0.484825849533081
3361,168100.0,5.151124954223633,-8.089408874511719,-0.5416881442070007
3362,168200.0,5.151124954223633,-8.089408874511719,-0.5416881442070007
3363,168300.0,5.052962779998778,-8.191162109375,-0.5171475410461426
3364,168400.0,5.052962779998778,-8.191162109375,-0.5171475410461426
3365,168500.0,5.106233596801758,-8.108562469482424,-0.4806360006332398
3366,168600.0,5.106233596801758,-8.108562469482424,-0.4806360006332398
3367,168700.0,5.1158103942871085,-8.161833763122559,-0.5392939448356628
3368,168800.0,5.1158103942871085,-8.161833763122559,-0.5392939448356628
3369,168900.0,5.206789970397949,-8.068459510803223,-0.5398924946784973
3370,169000.0,5.109825134277344,-8.130708694458008,-0.5249287486076355
3371,169100.0,5.109825134277344,-8.130708694458008,-0.5249287486076355
3372,169200.0,5.123591423034668,-8.145073890686035,-0.4405331015586853
3373,169300.0,5.123591423034668,-8.145073890686035,-0.4405331015586853
3374,169400.0,5.260061264038086,-8.010998725891112,-0.585382342338562
3375,169500.0,5.260061264038086,-8.010998725891112,-0.585382342338562
3376,169600.0,5.088277339935303,-8.13908863067627,-0.4788403511047363
3377,169700.0,5.088277339935303,-8.13908863067627,-0.4788403511047363
3378,169800.0,5.161300182342528,-8.105569839477539,-0.48602294921875
3379,169900.0,5.124788761138916,-8.135497093200684,-0.5698199868202211
3380,170000.0,5.124788761138916,-8.135497093200684,-0.5698199868202211
3381,170100.0,5.2271409034729,-8.035539627075195,-0.4507084786891937
3382,170200.0,5.2271409034729,-8.035539627075195,-0.4507084786891937
3383,170300.0,4.974552631378174,-8.269572257995605,-0.4680664241313934
3384,170400.0,4.974552631378174,-8.269572257995605,-0.4680664241313934
3385,170500.0,5.10383939743042,-8.138489723205566,-0.5416881442070007
3386,170600.0,5.10383939743042,-8.138489723205566,-0.5416881442070007
3387,170700.0,5.053561210632324,-8.133701324462889,-0.6171054840087891
3388,170800.0,4.996100425720215,-8.252813339233397,-0.4890156984329224
3389,170900.0,4.996100425720215,-8.252813339233397,-0.4890156984329224
3390,171000.0,5.217564105987549,-8.078036308288574,-0.6254851818084717
3391,171100.0,5.217564105987549,-8.078036308288574,-0.6254851818084717
3392,171200.0,5.041590213775635,-8.142680168151855,-0.5345055460929871
3393,171300.0,5.041590213775635,-8.142680168151855,-0.5345055460929871
3394,171400.0,5.100846767425537,-8.143877029418945,-0.507570743560791
3395,171500.0,5.100846767425537,-8.143877029418945,-0.507570743560791
3396,171600.0,5.006874084472656,-8.176796913146973,-0.37529110908508295
3397,171700.0,5.143942356109619,-8.118738174438478,-0.3256114423274994
3398,171800.0,5.143942356109619,-8.118738174438478,-0.3256114423274994
3399,171900.0,4.9565958976745605,-8.231863975524902,-0.3734954595565796
3400,170000.0,5.124788761138916,-8.135497093200684,-0.5698199868202211
3401,170100.0,5.2271409034729,-8.035539627075195,-0.4507084786891937
3402,170200.0,5.2271409034729,-8.035539627075195,-0.4507084786891937
3403,170300.0,4.974552631378174,-8.269572257995605,-0.4680664241313934
3404,170400.0,4.974552631378174,-8.269572257995605,-0.4680664241313934
3405,170500.0,5.10383939743042,-8.138489723205566,-0.5416881442070007
3406,170600.0,5.10383939743042,-8.138489723205566,-0.5416881442070007
3407,170700.0,5.053561210632324,-8.133701324462889,-0.6171054840087891
3408,170800.0,4.996100425720215,-8.252813339233397,-0.4890156984329224
3409,170900.0,4.996100425720215,-8.252813339233397,-0.4890156984329224
3410,171000.0,5.217564105987549,-8.078036308288574,-0.6254851818084717
3411,171100.0,5.217564105987549,-8.078036308288574,-0.6254851818084717
3412,171200.0,5.041590213775635,-8.142680168151855,-0.5345055460929871
3413,171300.0,5.041590213775635,-8.142680168151855,-0.5345055460929871
3414,171400.0,5.100846767425537,-8.143877029418945,-0.507570743560791
3415,171500.0,5.100846767425537,-8.143877029418945,-0.507570743560791
3416,171600.0,5.006874084472656,-8.176796913146973,-0.37529110908508295
3417,171700.0,5.143942356109619,-8.118738174438478,-0.3256114423274994
3418,171800.0,5.143942356109619,-8.118738174438478,-0.3256114423274994
3419,171900.0,4.9565958976745605,-8.231863975524902,-0.3734954595565796
3420,172000.0,4.9565958976745605,-8.231863975524902,-0.3734954595565796
3421,172100.0,5.010465621948242,-8.215105056762695,-0.1933317929506302
3422,172200.0,5.010465621948242,-8.215105056762695,-0.1933317929506302
3423,172300.0,5.024232387542725,-8.168417930603027,-0.3303998410701752
3424,172400.0,5.024232387542725,-8.168417930603027,-0.3303998410701752
3425,172500.0,5.035006046295166,-8.175002098083496,-0.395043283700943
3426,172600.0,5.079298973083496,-8.160636901855469,-0.34656068682670593
3427,172700.0,5.079298973083496,-8.160636901855469,-0.34656068682670593
3428,172800.0,4.909310817718506,-8.26478385925293,-0.3603273630142212
3429,172900.0,4.909310817718506,-8.26478385925293,-0.3603273630142212
3430,173000.0,5.0894742012023935,-8.087613105773926,-0.5847837924957275
3431,173100.0,5.0894742012023935,-8.087613105773926,-0.5847837924957275
3432,173200.0,4.817732334136963,-8.24622917175293,-0.2992752194404602
3433,173300.0,4.817732334136963,-8.24622917175293,-0.2992752194404602
3434,173400.0,5.0691237449646,-8.173206329345701,-0.3250128924846649
3435,173500.0,4.974552631378174,-8.221688270568848,-0.4201824069023132
3436,173600.0,4.974552631378174,-8.221688270568848,-0.4201824069023132
3437,173700.0,5.031414985656738,-8.132504463195799,-0.3555389642715454
3438,173800.0,5.031414985656738,-8.132504463195799,-0.3555389642715454
3439,173900.0,5.248688697814941,-8.064867973327638,-0.3992331326007843
3440,172000.0,4.9565958976745605,-8.231863975524902,-0.3734954595565796
3441,172100.0,5.010465621948242,-8.215105056762695,-0.1933317929506302
3442,172200.0,5.010465621948242,-8.215105056762695,-0.1933317929506302
3443,172300.0,5.024232387542725,-8.168417930603027,-0.3303998410701752
3444,172400.0,5.024232387542725,-8.168417930603027,-0.3303998410701752
3445,172500.0,5.035006046295166,-8.175002098083496,-0.395043283700943
3446,172600.0,5.079298973083496,-8.160636901855469,-0.34656068682670593
3447,172700.0,5.079298973083496,-8.160636901855469,-0.34656068682670593
3448,172800.0,4.909310817718506,-8.26478385925293,-0.3603273630142212
3449,172900.0,4.909310817718506,-8.26478385925293,-0.3603273630142212
3450,173000.0,5.0894742012023935,-8.087613105773926,-0.5847837924957275
3451,173100.0,5.0894742012023935,-8.087613105773926,-0.5847837924957275
3452,173200.0,4.817732334136963,-8.24622917175293,-0.2992752194404602
3453,173300.0,4.817732334136963,-8.24622917175293,-0.2992752194404602
3454,173400.0,5.0691237449646,-8.173206329345701,-0.3250128924846649
3455,173500.0,4.974552631378174,-8.221688270568848,-0.4201824069023132
3456,173600.0,4.974552631378174,-8.221688270568848,-0.4201824069023132
3457,173700.0,5.031414985656738,-8.132504463195799,-0.3555389642715454
3458,173800.0,5.031414985656738,-8.132504463195799,-0.3555389642715454
3459,173900.0,5.248688697814941,-8.064867973327638,-0.3992331326007843
3460,174000.0,5.248688697814941,-8.064867973327638,-0.3992331326007843
3461,174100.0,5.046977043151856,-8.160037994384767,-0.5279214978218079
3462,174200.0,5.046977043151856,-8.160037994384767,-0.5279214978218079
3463,174300.0,4.946420669555664,-8.230667114257812,-0.3184288144111633
3464,174400.0,5.196016311645508,-8.110358238220215,-0.25498247146606445
3465,174500.0,5.196016311645508,-8.110358238220215,-0.25498247146606445
3466,174600.0,4.907515048980713,-8.24742603302002,-0.3806780576705933
3467,174700.0,4.907515048980713,-8.24742603302002,-0.3806780576705933
3468,174800.0,5.170876979827881,-8.121730804443361,-0.3663128614425659
3469,174900.0,5.170876979827881,-8.121730804443361,-0.3663128614425659
3470,175000.0,4.750694751739502,-8.316259384155272,-0.4327519536018372
3471,175100.0,4.750694751739502,-8.316259384155272,-0.4327519536018372
3472,175200.0,5.0248308181762695,-8.196549415588379,-0.3519476354122162
3473,175300.0,5.036801815032959,-8.150461196899414,-0.4165911078453064
3474,175400.0,5.036801815032959,-8.150461196899414,-0.4165911078453064
3475,175500.0,5.11461353302002,-8.101978302001951,-0.3597288131713867
3476,175600.0,5.11461353302002,-8.101978302001951,-0.3597288131713867
3477,175700.0,4.975749492645264,-8.22767448425293,-0.3543418645858765
3478,175800.0,4.975749492645264,-8.22767448425293,-0.3543418645858765
3479,175900.0,5.063736438751222,-8.17021369934082,-0.3543418645858765
3480,174000.0,5.248688697814941,-8.064867973327638,-0.3992331326007843
3481,174100.0,5.046977043151856,-8.160037994384767,-0.5279214978218079
3482,174200.0,5.046977043151856,-8.160037994384767,-0.5279214978218079
3483,174300.0,4.946420669555664,-8.230667114257812,-0.3184288144111633
3484,174400.0,5.196016311645508,-8.110358238220215,-0.25498247146606445
3485,174500.0,5.196016311645508,-8.110358238220215,-0.25498247146606445
3486,174600.0,4.907515048980713,-8.24742603302002,-0.3806780576705933
3487,174700.0,4.907515048980713,-8.24742603302002,-0.3806780576705933
3488,174800.0,5.170876979827881,-8.121730804443361,-0.3663128614425659
3489,174900.0,5.170876979827881,-8.121730804443361,-0.3663128614425659
3490,175000.0,4.750694751739502,-8.316259384155272,-0.4327519536018372
3491,175100.0,4.750694751739502,-8.316259384155272,-0.4327519536018372
3492,175200.0,5.0248308181762695,-8.196549415588379,-0.3519476354122162
3493,175300.0,5.036801815032959,-8.150461196899414,-0.4165911078453064
3494,175400.0,5.036801815032959,-8.150461196899414,-0.4165911078453064
3495,175500.0,5.11461353302002,-8.101978302001951,-0.3597288131713867
3496,175600.0,5.11461353302002,-8.101978302001951,-0.3597288131713867
3497,175700.0,4.975749492645264,-8.22767448425293,-0.3543418645858765
3498,175800.0,4.975749492645264,-8.22767448425293,-0.3543418645858765
3499,175900.0,5.063736438751222,-8.17021369934082,-0.3543418645858765
3500,176000.0,5.063736438751222,-8.17021369934082,-0.3543418645858765
3501,176100.0,5.1349639892578125,-8.164826393127441,-0.22685061395168304
3502,176200.0,5.139153957366943,-8.142680168151855,-0.4094084799289704
3503,176300.0,5.139153957366943,-8.142680168151855,-0.4094084799289704
3504,176400.0,5.004479885101318,-8.166023254394531,-0.3052607178688049
3505,176500.0,5.004479885101318,-8.166023254394531,-0.3052607178688049
3506,176600.0,5.082890033721924,-8.201936721801758,-0.2274491637945175
3507,176700.0,5.082890033721924,-8.201936721801758,-0.2274491637945175
3508,176800.0,5.112219333648682,-8.128912925720215,-0.3633201122283936
3509,176900.0,5.112219333648682,-8.128912925720215,-0.3633201122283936
3510,177000.0,5.265448093414307,-8.075043678283691,-0.3100491166114807
3511,177100.0,5.216366767883301,-8.072649955749513,-0.4584896266460418
3512,177200.0,5.216366767883301,-8.072649955749513,-0.4584896266460418
3513,177300.0,4.997896194458008,-8.216899871826174,-0.25737667083740234
3514,177400.0,4.997896194458008,-8.216899871826174,-0.25737667083740234
3515,177500.0,5.024232387542725,-8.144475936889647,-0.4566939771175385
3516,177600.0,5.024232387542725,-8.144475936889647,-0.4566939771175385
3517,177700.0,5.04218864440918,-8.163629531860353,-0.3046621680259705
3518,177800.0,5.04218864440918,-8.163629531860353,-0.3046621680259705
3519,177900.0,5.036203384399414,-8.182783126831055,-0.3495534360408783
