timestamp,grx,gry,grz
1482398723740,-0.6652557849884033,-9.736145973205566,0.967090904712677
1482398723903,-0.7197577357292175,-9.727107048034668,1.017708420753479
1482398724083,-0.6062260866165161,-9.728551864624023,1.0761736631393433
1482398724265,-0.5515902042388916,-9.725324630737305,1.1332266330718994
1482398724444,-0.604057788848877,-9.726612091064453,1.0947766304016113
1482398724625,-0.42448389530181885,-9.744683265686035,1.0155565738677979
1482398724805,-0.36983752250671387,-9.756784439086914,0.9158350229263306
1482398724984,-0.4202072322368622,-9.760920524597168,0.8474909067153931
1482398725164,-0.39189913868904114,-9.76738452911377,0.7842313051223755
1482398725344,-0.3369944095611572,-9.772168159484863,0.7493669390678406
1482398725525,-0.37699705362319946,-9.77556037902832,0.683130145072937
1482398725705,-0.4781479835510254,-9.773717880249023,0.6451327204704285
1482398725885,-0.4784960448741913,-9.775542259216309,0.616592288017273
1482398726065,-0.5548702478408813,-9.772246360778809,0.604735791683197
1482398726245,-0.6014052033424377,-9.768795013427734,0.615922212600708
1482398726426,-0.6414788961410522,-9.765279769897461,0.631033182144165
1482398726606,-0.6896668672561646,-9.760621070861816,0.6519345045089722
1482398726786,-0.6618833541870117,-9.760978698730469,0.6749881505966187
1482398726966,-0.6669386029243469,-9.7582368850708,0.7087996006011963
1482398727147,-0.6095587015151978,-9.761073112487793,0.7213112711906433
1482398727327,-0.5710083246231079,-9.764565467834473,0.7054115533828735
1482398727506,-0.5823571085929871,-9.76361083984375,0.7093266844749451
1482398727687,-0.525230348110199,-9.766780853271484,0.710291862487793
1482398727867,-0.517085611820221,-9.76672077178955,0.717065155506134
1482398728047,-0.5031871199607849,-9.767138481140137,0.7212377786636353
1482398728228,-0.4834992587566376,-9.767330169677734,0.7320326566696167
1482398728408,-0.4604772925376892,-9.769872665405273,0.7126842737197876
1482398728588,-0.4284878671169281,-9.771244049072266,0.7138484716415405
1482398728768,-0.3994803726673126,-9.774812698364258,0.681067168712616
1482398728949,-0.38715076446533203,-9.776185035705566,0.6683750748634338
1482398729129,-0.3713485300540924,-9.777071952819824,0.6643451452255249
1482398729309,-0.3194023370742798,-9.780126571655273,0.6461352705955505
1482398729488,-0.29307371377944946,-9.781610488891602,0.6360758543014526
1482398729668,-0.2839183509349823,-9.782754898071289,0.6224842071533203
1482398729849,-0.24991877377033234,-9.784682273864746,0.606552243232727
1482398730030,-0.20798984169960022,-9.786284446716309,0.5964733362197876
1482398730209,-0.19144904613494873,-9.786797523498535,0.5935743451118469
1482398730389,-0.17641806602478027,-9.787915229797363,0.5796402096748352
1482398730576,-0.1550637185573578,-9.789328575134277,0.5615814328193665
1482398730749,-0.1732259839773178,-9.789164543151855,0.5591434836387634
1482398730930,-0.17240473628044128,-9.78952407836914,0.55306476354599
1482398731120,-0.12907090783119202,-9.790801048278809,0.5421551465988159
1482398731290,-0.10532792657613754,-9.791587829589844,0.5330056548118591
1482398731470,-0.0986214131116867,-9.791630744934082,0.5334991812705994
1482398731651,-0.10067746788263321,-9.792651176452637,0.5140576958656311
1482398731831,-0.07403963804244995,-9.793801307678223,0.49635377526283264
1482398732012,-0.07210779190063477,-9.794351577758789,0.4856570363044739
1482398732191,-0.04937778040766716,-9.79479694366455,0.47948506474494934
1482398732371,-0.03760404884815216,-9.795083045959473,0.4746764302253723
1482398732551,-0.030017537996172905,-9.79539966583252,0.46866321563720703
1482398732731,-0.025592414662241936,-9.796218872070313,0.45148465037345886
1482398732912,0.012942776083946228,-9.79615592956543,0.45339909195899963
1482398733092,0.009442951530218124,-9.796332359313965,0.44961783289909363
1482398733272,0.01149345375597477,-9.796442031860352,0.44719263911247253
1482398733452,0.006434124894440174,-9.797119140625,0.4322025775909424
1482398733632,8.998714620247483E-4,-9.797188758850098,0.43067026138305664
1482398733813,0.024346213787794113,-9.797085762023926,0.4323066174983978
1482398733993,-0.0038847324904054403,-9.797511100769043,0.4232616722583771
1482398734173,0.033995501697063446,-9.797840118408203,0.41420039534568787
1482398734353,0.03883534297347069,-9.798032760620117,0.40919622778892517
1482398734533,0.02731500007212162,-9.798477172851563,0.39934390783309937
1482398734714,0.011821955442428589,-9.799164772033691,0.3829035758972168
1482398734893,0.023453356698155403,-9.799848556518555,0.3644310534000397
1482398735073,0.03935907408595085,-9.799986839294434,0.35928887128829956
1482398735254,-0.21151626110076904,-9.78891658782959,0.5502347350120544
1482398735434,-0.1844736486673355,-9.785998344421387,0.6087723970413208
1482398735614,-0.1661711037158966,-9.780767440795898,0.6923736929893494
1482398735794,-0.17156361043453217,-9.771282196044922,0.8142361640930176
1482398735975,-0.17971505224704742,-9.759103775024414,0.947643518447876
1482398736154,-0.15778174996376038,-9.744124412536621,1.0943108797073364
1482398736335,-0.208622008562088,-9.728534698486328,1.2175697088241577
1482398736515,-0.23441548645496368,-9.708521842956543,1.3638381958007813
1482398736695,-0.22578297555446625,-9.690030097961426,1.490884780883789
1482398736875,-0.24693886935710907,-9.670694351196289,1.6084457635879517
1482398737057,-0.23711539804935455,-9.646092414855957,1.7513056993484497
1482398737236,-0.2377227246761322,-9.626752853393555,1.8545953035354614
1482398737416,-0.24157500267028809,-9.611798286437988,1.9301270246505737
1482398737596,-0.10193097591400146,-9.59533405303955,2.022268295288086
1482398737776,-0.042346272617578506,-9.586934089660645,2.0638062953948975
1482398737956,-0.022103695198893547,-9.571043014526367,2.1365973949432373
1482398738136,-0.005588321480900049,-9.545336723327637,2.248755693435669
1482398738317,0.052172377705574036,-9.526485443115234,2.3267416954040527
1482398738497,0.09092384576797485,-9.514500617980957,2.374114513397217
1482398738677,0.09519582241773605,-9.489388465881348,2.4724109172821045
1482398738857,0.07999591529369354,-9.469230651855469,2.549053430557251
1482398739037,0.07820259779691696,-9.441335678100586,2.650554895401001
1482398739217,0.015173896215856075,-9.418984413146973,2.729996681213379
1482398739397,0.033169280737638474,-9.403312683105469,2.783343553543091
1482398739578,-0.027298925444483757,-9.37846565246582,2.8660151958465576
1482398739758,-0.023974750190973282,-9.371949195861816,2.8872809410095215
1482398739938,-0.03609598055481911,-9.352067947387695,2.9509148597717285
1482398740118,-0.1197042390704155,-9.331119537353516,3.0143423080444336
1482398740298,-0.06818681955337524,-9.317654609680176,3.0572926998138428
1482398740479,-0.09295535087585449,-9.314952850341797,3.0648648738861084
1482398740660,-0.06689882278442383,-9.3024320602417,3.1033339500427246
1482398740840,-0.10702507942914963,-9.300543785095215,3.1078617572784424
1482398741020,-0.10137976706027985,-9.296929359436035,3.1188502311706543
1482398741199,-0.030622517690062523,-9.301959037780762,3.1053223609924316
1482398741380,-0.005177694838494062,-9.30626106262207,3.0925519466400146
1482398741560,0.022731764242053032,-9.315185546875,3.0654852390289307
1482398741740,0.04715834930539131,-9.315834045410156,3.063234329223633
1482398741920,0.042106036096811295,-9.307062149047852,3.0898592472076416
1482398742100,-0.021513620391488075,-9.324135780334473,3.038161277770996
1482398742280,-0.014866145327687263,-9.323931694030762,3.0388236045837402
1482398742461,-0.04155103117227554,-9.337410926818848,2.9969022274017334
1482398742640,-0.05558335781097412,-9.346016883850098,2.9697296619415283
1482398742821,-0.05451046675443649,-9.348745346069336,2.961146116256714
1482398743001,-0.12139146029949188,-9.35139274597168,2.9507811069488525
1482398743182,-0.16871756315231323,-9.346470832824707,2.964017391204834
1482398743361,-0.197842538356781,-9.350884437561035,2.9482579231262207
1482398743542,-0.15983721613883972,-9.381303787231445,2.852367401123047
1482398743722,-0.15833938121795654,-9.398764610290527,2.7943761348724365
1482398743902,-0.1048293262720108,-9.412995338439941,2.7486233711242676
1482398744082,-0.16628362238407135,-9.425203323364258,2.703381299972534
1482398744262,-0.141245037317276,-9.442797660827637,2.6427276134490967
1482398744442,-0.11657821387052536,-9.464839935302734,2.563905954360962
1482398744622,-0.07940233498811722,-9.482762336730957,2.4982564449310303
1482398744803,-0.13369768857955933,-9.49538803100586,2.4474806785583496
1482398744983,-0.13311433792114258,-9.496856689453125,2.4417970180511475
1482398745163,-0.11465367674827576,-9.503666877746582,2.416106939315796
1482398745344,-0.24924218654632568,-9.512212753295898,2.371933937072754
1482398745523,-0.19062018394470215,-9.519095420837402,2.349655866622925
1482398745703,-0.20527736842632294,-9.532256126403809,2.2944209575653076
1482398745884,-0.16025720536708832,-9.550323486328125,2.22171688079834
1482398746064,-0.3028174042701721,-9.557694435119629,2.174663543701172
1482398746244,-0.23212650418281555,-9.570100784301758,2.1283044815063477
1482398746424,-0.2649114727973938,-9.57787799835205,2.0891339778900146
1482398746604,-0.3469429612159729,-9.580527305603027,2.0648298263549805
1482398746784,-0.41169485449790955,-9.580053329467773,2.0551154613494873
1482398746965,-0.4262792468070984,-9.590027809143066,2.0050106048583984
1482398747144,-0.34702569246292114,-9.610198974609375,1.9219896793365479
1482398747325,-0.3262433111667633,-9.627203941345215,1.8387269973754883
1482398747505,-0.29738283157348633,-9.635334968566895,1.8006396293640137
1482398747691,-0.32546499371528625,-9.639400482177734,1.7738193273544312
1482398747866,-0.29004034399986267,-9.64477825164795,1.750586986541748
1482398748046,-0.33925652503967285,-9.648642539978027,1.7201766967773438
1482398748226,-0.4133709669113159,-9.647692680358887,1.7092571258544922
1482398748406,-0.36650457978248596,-9.65783977508545,1.661991834640503
1482398748586,-0.3004913032054901,-9.67597770690918,1.5670217275619507
1482398748770,-0.33123278617858887,-9.671401023864746,1.5889228582382202
1482398748947,-0.32235535979270935,-9.667685508728027,1.6131750345230103
1482398749127,-0.2569049596786499,-9.68058967590332,1.546156883239746
1482398749307,-0.28726065158843994,-9.695023536682129,1.4471955299377441
1482398749487,-0.2678247094154358,-9.709328651428223,1.351887822151184
1482398749667,-0.2200496941804886,-9.724267959594727,1.2492308616638184
1482398749848,-0.15703998506069183,-9.73554801940918,1.1682653427124023
1482398750027,-0.11208353191614151,-9.738752365112305,1.1465439796447754
1482398750208,-0.14400222897529602,-9.741209983825684,1.1218317747116089
1482398750388,-0.13006693124771118,-9.74372673034668,1.1014872789382935
1482398750568,-0.152533620595932,-9.746719360351563,1.0717191696166992
1482398750748,-0.15477116405963898,-9.747547149658203,1.0638529062271118
1482398750928,-0.18241232633590698,-9.751763343811035,1.0199203491210938
1482398751109,-0.18093524873256683,-9.75477409362793,0.9909893870353699
1482398751289,-0.15089111030101776,-9.756865501403809,0.9752888679504395
1482398751469,-0.14160598814487457,-9.762275695800781,0.921047568321228
1482398751649,-0.11456804722547531,-9.766263008117676,0.8816840052604675
1482398751829,-0.07842150330543518,-9.771768569946289,0.822662353515625
1482398752009,-0.06024667248129845,-9.778050422668457,0.7459819912910461
1482398752190,-0.04510755464434624,-9.782470703125,0.6867451071739197
1482398752370,-0.002455576555803418,-9.785598754882813,0.6422222256660461
1482398752550,-0.013570552691817284,-9.786746978759766,0.6243380904197693
1482398752730,-0.010295769199728966,-9.790488243103027,0.5626971125602722
1482398752910,0.0356450229883194,-9.793033599853516,0.5153980255126953
1482398753091,0.06258300691843033,-9.795175552368164,0.47013235092163086
1482398753270,0.07827858626842499,-9.796651840209961,0.43577706813812256
1482398753451,0.05017126724123955,-9.797529220581055,0.4199073016643524
1482398753631,0.01975216343998909,-9.798093795776367,0.4091133773326874
1482398753811,0.012150748632848263,-9.798967361450195,0.38794636726379395
1482398754001,0.018359247595071793,-9.800193786621094,0.3553331196308136
1482398754172,0.007722995709627867,-9.800043106079102,0.359824001789093
1482398754352,0.008691840805113316,-9.799419403076172,0.37643370032310486
1482398754532,0.019242461770772934,-9.800450325012207,0.3481275737285614
1482398754712,0.028839726001024246,-9.801721572875977,0.30956995487213135
1482398754892,0.010822130367159843,-9.802411079406738,0.2881644666194916
1482398755072,0.016681086272001266,-9.803690910339355,0.24032340943813324
1482398755252,0.040595632046461105,-9.804465293884277,0.20296186208724976
1482398755432,0.05190788209438324,-9.805017471313477,0.17129260301589966
1482398755613,0.07272884249687195,-9.804999351501465,0.16467677056789398
1482398755793,0.07792524248361588,-9.80538272857666,0.13710808753967285
1482398755974,0.11128449440002441,-9.805453300476074,0.10537213087081909
1482398756154,0.1221563071012497,-9.805498123168945,0.08759067952632904
1482398756334,0.12935148179531097,-9.805500030517578,0.07630831003189087
1482398756513,0.178694486618042,-9.804994583129883,0.023736191913485527
1482398756693,0.1927364468574524,-9.804709434509277,-0.030134733766317368
1482398756873,0.24512715637683868,-9.803271293640137,-0.07858838140964508
1482398757054,0.2909691631793976,-9.801596641540527,-0.12008556723594666
1482398757234,0.2986105978488922,-9.801407814025879,-0.11671813577413559
1482398757414,0.3230705261230469,-9.800620079040527,-0.11769326776266098
1482398757594,0.33313101530075073,-9.800041198730469,-0.13644567131996155
1482398757775,0.32921382784843445,-9.800196647644043,-0.13483312726020813
1482398757954,0.3087243139743805,-9.801151275634766,-0.11195655167102814
1482398758135,0.281681090593338,-9.802070617675781,-0.1021893322467804
1482398758315,0.2825733721256256,-9.802192687988281,-0.08703779429197311
1482398758496,0.29118484258651733,-9.801855087280273,-0.09613353759050369
1482398758676,0.29645517468452454,-9.801709175109863,-0.09492591768503189
1482398758856,0.28101739287376404,-9.802021026611328,-0.10874292254447937
1482398759036,0.27856793999671936,-9.802157402038574,-0.10255144536495209
1482398759216,0.26607757806777954,-9.802521705627441,-0.10076376050710678
1482398759396,0.2584434449672699,-9.802678108215332,-0.10544271022081375
1482398759577,0.2656807005405426,-9.802278518676758,-0.12308716028928757
1482398759756,0.26689738035202026,-9.802420616149902,-0.10818996280431747
1482398759937,0.27664193511009216,-9.802143096923828,-0.10884726047515869
1482398760117,0.2600260376930237,-9.80256175994873,-0.11219356954097748
1482398760297,0.25178542733192444,-9.802976608276367,-0.09308883547782898
1482398760477,0.2193976640701294,-9.803972244262695,-0.06655972450971603
1482398760657,0.20791180431842804,-9.804286003112793,-0.056076694279909134
1482398760837,0.22374562919139862,-9.803962707519531,-0.051389265805482864
1482398761018,0.22405192255973816,-9.804058074951172,-0.02558642253279686
1482398761198,0.23984979093074799,-9.803665161132813,-0.03155329450964928
1482398761378,0.2508598566055298,-9.803382873535156,-0.03365340828895569
1482398761558,0.2535249888896942,-9.80333137512207,-0.02834828943014145
1482398761738,0.2653001546859741,-9.802955627441406,-0.04569558426737785
1482398761919,0.27187779545783997,-9.802709579467773,-0.05781527981162071
1482398762099,0.2669707238674164,-9.802931785583496,-0.0409262515604496
1482398762280,0.2621273696422577,-9.80312442779541,-0.021518515422940254
1482398762459,0.2475520372390747,-9.803505897521973,-0.019589301198720932
1482398762640,0.22937895357608795,-9.803879737854004,-0.041520196944475174
1482398762819,0.24463586509227753,-9.803523063659668,-0.03842274472117424
1482398762999,0.23614159226417542,-9.803723335266113,-0.04046666994690895
1482398763180,0.2371188998222351,-9.803760528564453,-0.02159099653363228
1482398763360,0.21571342647075653,-9.804277420043945,0.005421294365078211
1482398763540,0.18847967684268951,-9.804790496826172,0.03134242817759514
1482398763720,0.1693301498889923,-9.805031776428223,0.055091336369514465
1482398763901,0.19293344020843506,-9.804505348205566,0.06976955384016037
1482398764081,0.17143851518630981,-9.804701805114746,0.09395166486501694
1482398764265,0.16660305857658386,-9.80478572845459,0.09388313442468643
1482398764441,0.18183423578739166,-9.804567337036133,0.08836020529270172
1482398764626,0.18146394193172455,-9.804444313049316,0.10171426087617874
1482398764806,0.1658940315246582,-9.804584503173828,0.1140085831284523
1482398764986,0.15435703098773956,-9.804802894592285,0.11127769947052002
1482398765165,0.15897563099861145,-9.804695129394531,0.11443039029836655
1482398765342,0.17934827506542206,-9.804410934448242,0.10846914350986481
1482398765524,0.20772768557071686,-9.803789138793945,0.11385288089513779
1482398765707,0.1904159039258957,-9.804186820983887,0.10989025980234146
1482398765888,0.2059805542230606,-9.80396556854248,0.10103841125965118
1482398766068,0.1839873343706131,-9.804226875305176,0.11694997549057007
1482398766248,0.16267360746860504,-9.804563522338867,0.12019041925668716
1482398766428,0.15002134442329407,-9.804736137390137,0.12260288745164871
1482398766608,0.15897329151630402,-9.804437637329102,0.13459435105323792
1482398766788,0.13231559097766876,-9.804396629333496,0.16341713070869446
1482398766970,0.1308896541595459,-9.804101943969727,0.1812983751296997
1482398767148,0.11960867047309875,-9.804363250732422,0.17486542463302612
1482398767329,0.10079904645681381,-9.804464340209961,0.18081694841384888
1482398767509,0.11432371288537979,-9.804340362548828,0.17950083315372467
1482398767689,0.09251666814088821,-9.804564476013184,0.1798783540725708
1482398767869,0.10158727318048477,-9.80467700958252,0.1684354692697525
1482398768050,0.050824180245399475,-9.804146766662598,0.2156926691532135
1482398768225,0.050049688667058945,-9.803799629211426,0.23103681206703186
1482398768410,0.06139175221323967,-9.804000854492188,0.2195809781551361
1482398768592,0.06962357461452484,-9.80427074432373,0.20447014272212982
1482398768766,0.07509177178144455,-9.803946495056152,0.2176533043384552
1482398768950,0.06209259107708931,-9.802641868591309,0.2733605206012726
1482398769130,0.06041033938527107,-9.802815437316895,0.26750490069389343
1482398769311,0.03947334736585617,-9.802501678466797,0.2824729084968567
1482398769492,0.024881636723876,-9.802618026733398,0.2800966799259186
1482398769672,0.017382804304361343,-9.80276870727539,0.2753569483757019
1482398769852,0.03601444140076637,-9.802170753479004,0.2941790521144867
1482398770029,0.04406622797250748,-9.802017211914063,0.2982064187526703
1482398770219,0.03520224615931511,-9.80244255065918,0.28510573506355286
1482398770391,0.0578518845140934,-9.802186012268066,0.2901783585548401
1482398770567,0.04377279803156853,-9.802002906799316,0.2986947000026703
1482398770753,0.008426467888057232,-9.801464080810547,0.31874313950538635
1482398770931,0.06957505643367767,-9.80148983001709,0.31040269136428833
1482398771113,0.024692250415682793,-9.802209854125977,0.2940434515476227
1482398771288,0.12632891535758972,-9.802268028259277,0.2645465135574341
1482398771471,0.10053864121437073,-9.802306175231934,0.2739832401275635
1482398771653,0.11382658034563065,-9.802776336669922,0.25105375051498413
1482398771833,0.11601269245147705,-9.802834510803223,0.2476942241191864
1482398772013,0.1334066092967987,-9.80247688293457,0.25307950377464294
1482398772189,0.130831778049469,-9.802714347839355,0.24513277411460876
1482398772374,0.146603062748909,-9.803336143493652,0.20849603414535522
1482398772554,0.13927403092384338,-9.803735733032227,0.19432182610034943
1482398772734,0.1806359738111496,-9.803459167480469,0.1729915887117386
1482398772914,0.21430355310440063,-9.802693367004395,0.17802491784095764
1482398773092,0.22191374003887177,-9.80279541015625,0.16228987276554108
1482398773273,0.21925532817840576,-9.80310344696045,0.14654913544654846
1482398773455,0.22121727466583252,-9.803028106689453,0.14871041476726532
1482398773633,0.21188071370124817,-9.803147315979004,0.15443038940429688
1482398773815,0.2061886340379715,-9.803215980529785,0.1577068567276001
1482398773996,0.1974085420370102,-9.802967071533203,0.1823505163192749
1482398774174,0.18269407749176025,-9.803129196166992,0.18890440464019775
1482398774355,0.1591319888830185,-9.803131103515625,0.20899756252765656
1482398774534,0.16256168484687805,-9.803197860717773,0.2031480222940445
1482398774714,0.15547259151935577,-9.802980422973633,0.21860329806804657
1482398774896,0.16050298511981964,-9.802924156188965,0.21755357086658478
1482398775076,0.17836657166481018,-9.802497863769531,0.22273287177085876
1482398775268,0.18872399628162384,-9.801529884338379,0.2545323967933655
1482398775436,0.15503157675266266,-9.801572799682617,0.27479857206344604
1482398775616,0.1684647649526596,-9.801774978637695,0.2592317461967468
1482398775796,0.1931619793176651,-9.801074028015137,0.268442839384079
1482398775977,0.17221184074878693,-9.801319122314453,0.2736653983592987
1482398776156,0.16199497878551483,-9.801213264465332,0.28344452381134033
1482398776336,0.17087212204933167,-9.801154136657715,0.2803567349910736
1482398776517,0.17224954068660736,-9.80056095123291,0.29950031638145447
1482398776694,0.15917320549488068,-9.80099105834961,0.2925969660282135
1482398776877,0.16898761689662933,-9.801078796386719,0.2840695381164551
1482398777058,0.17919044196605682,-9.801154136657715,0.2750195860862732
1482398777234,0.1700371354818344,-9.800740242004395,0.29486754536628723
1482398777416,0.18251696228981018,-9.800414085388184,0.2983359694480896
1482398777598,0.16945670545101166,-9.800186157226563,0.31307563185691833
1482398777778,0.14426584541797638,-9.800423622131348,0.3182273805141449
1482398777959,0.1427595317363739,-9.800938606262207,0.3026932179927826
1482398778139,0.16334697604179382,-9.801199913024902,0.2831481099128723
1482398778314,0.15664339065551758,-9.801627159118652,0.2719355821609497
1482398778498,0.15906944870948792,-9.801719665527344,0.2671954929828644
1482398778679,0.16030190885066986,-9.801738739013672,0.26576098799705505
1482398778860,0.17139965295791626,-9.801624298095703,0.26298677921295166
1482398779040,0.16818273067474365,-9.801115989685059,0.28327494859695435
1482398779220,0.16144436597824097,-9.801061630249023,0.2890024483203888
1482398779397,0.16829583048820496,-9.80141544342041,0.27259552478790283
1482398779580,0.1665022373199463,-9.80134391784668,0.2762904167175293
1482398779760,0.1756669580936432,-9.80127239227295,0.2731093168258667
1482398779941,0.18845833837985992,-9.801650047302246,0.2500699460506439
1482398780121,0.19987580180168152,-9.80141830444336,0.2502906024456024
1482398780295,0.19486762583255768,-9.801492691040039,0.25132453441619873
1482398780482,0.17598727345466614,-9.801663398742676,0.2585311830043793
1482398780662,0.16901157796382904,-9.801865577697754,0.25550270080566406
1482398780839,0.17583295702934265,-9.801969528198242,0.24675767123699188
1482398781022,0.1857309639453888,-9.802264213562012,0.22702479362487793
1482398781202,0.17587357759475708,-9.802526473999023,0.2234080731868744
1482398781383,0.19522885978221893,-9.802281379699707,0.2180889993906021
1482398781559,0.20977643132209778,-9.802078247070313,0.21369528770446777
1482398781741,0.20278877019882202,-9.802204132080078,0.21461591124534607
1482398781922,0.17813917994499207,-9.802580833435059,0.21927309036254883
1482398782102,0.16134032607078552,-9.802631378173828,0.2297344207763672
1482398782279,0.15798838436603546,-9.80255126953125,0.2354387789964676
1482398782463,0.14526128768920898,-9.80251407623291,0.2449638545513153
1482398782643,0.1538715958595276,-9.802406311035156,0.2440769076347351
1482398782821,0.16555851697921753,-9.802119255065918,0.24795280396938324
1482398783002,0.15721914172172546,-9.801857948303223,0.2632018029689789
1482398783183,0.14290858805179596,-9.801877975463867,0.2704852521419525
1482398783358,0.1231602281332016,-9.801688194274902,0.28658756613731384
1482398783543,0.12348317354917526,-9.801714897155762,0.28552544116973877
1482398783724,0.12749065458774567,-9.802165031433105,0.26772958040237427
1482398783904,0.10062982887029648,-9.801392555236816,0.3049015998840332
1482398784084,3.247019194532186E-4,-9.80033016204834,0.3520369231700897
1482398784264,-0.03363163769245148,-9.7991361618042,0.3823949694633484
1482398784445,-0.011731062084436417,-9.798337936401367,0.403521329164505
1482398784625,-0.03996726870536804,-9.79833698272705,0.4017258286476135
1482398784805,-0.007959727197885513,-9.798447608947754,0.40094971656799316
1482398784986,-0.015103168785572052,-9.798493385314941,0.39960357546806335
1482398785175,0.016225159168243408,-9.798105239868164,0.40900611877441406
1482398785341,0.004056874196976423,-9.79801082611084,0.41156530380249023
1482398785524,-0.03926379606127739,-9.79691219329834,0.4351699650287628
1482398785704,-0.06695172190666199,-9.7954740524292,0.46323177218437195
1482398785885,-0.09850567579269409,-9.795204162597656,0.4633244276046753
1482398786066,-0.08081717044115067,-9.795796394348145,0.4541124999523163
1482398786246,-0.08323971927165985,-9.796296119689941,0.44277504086494446
1482398786426,-0.07096797227859497,-9.79767894744873,0.41331711411476135
1482398786607,-0.0799187570810318,-9.79611587524414,0.44732701778411865
1482398786783,-0.05931435897946358,-9.795893669128418,0.4553462862968445
1482398786967,-0.06827303767204285,-9.79524040222168,0.4679822623729706
1482398787147,-0.045282911509275436,-9.796649932861328,0.4404590129852295
1482398787328,-0.07012158632278442,-9.795879364013672,0.4541325271129608
1482398787507,-0.07640636712312698,-9.796463966369629,0.4403088688850403
1482398787688,-0.05139584094285965,-9.796758651733398,0.43733760714530945
1482398787866,-0.017797229811549187,-9.797114372253418,0.43201982975006104
1482398788048,0.004184884484857321,-9.798440933227539,0.4011693596839905
1482398788225,0.01776917278766632,-9.799705505371094,0.368594765663147
1482398788408,0.01738368161022663,-9.800680160522461,0.3417239189147949
1482398788589,0.04454261437058449,-9.80115795135498,0.3251372277736664
1482398788769,0.04152560606598854,-9.801236152648926,0.3231876492500305
1482398788949,0.049796588718891144,-9.801630973815918,0.3097515106201172
1482398789129,0.06059183180332184,-9.802105903625488,0.29231882095336914
1482398789309,0.06680851429700851,-9.802099227905273,0.29116013646125793
1482398789489,0.031808219850063324,-9.80129337310791,0.32256636023521423
1482398789669,0.007852466776967049,-9.80101203918457,0.33238428831100464
1482398789850,0.021094517782330513,-9.800301551818848,0.35216742753982544
1482398790030,0.003417699597775936,-9.800060272216797,0.3594326674938202
1482398790210,0.027591479942202568,-9.799539566040039,0.3723381757736206
1482398790390,0.004130231682211161,-9.799962997436523,0.3620757460594177
1482398790568,0.033662907779216766,-9.799284934997559,0.37850379943847656
1482398790750,0.03216828778386116,-9.799484252929688,0.3734568953514099
1482398790931,0.03310410678386688,-9.799720764160156,0.3671068549156189
1482398791112,0.04813041165471077,-9.800641059875488,0.3398953974246979
1482398791288,0.07209668308496475,-9.800743103027344,0.3326602578163147
1482398791472,0.07063888758420944,-9.799589157104492,0.36531075835227966
1482398791652,0.0722360908985138,-9.799798011779785,0.35931167006492615
1482398791827,0.07420593500137329,-9.79992961883545,0.35532018542289734
1482398792012,0.06730389595031738,-9.79868221282959,0.3894394040107727
1482398792193,0.06584405153989792,-9.798611640930176,0.3914978504180908
1482398792372,0.08014204353094101,-9.799346923828125,0.3698079288005829
1482398792553,0.055258363485336304,-9.79936408996582,0.37388548254966736
1482398792733,0.04384177178144455,-9.79860782623291,0.39466720819473267
1482398792912,0.026468904688954353,-9.798463821411133,0.3997335433959961
1482398793093,-0.002291033510118723,-9.798330307006836,0.4039052128791809
1482398793276,0.010396013967692852,-9.797771453857422,0.41710445284843445
1482398793453,-0.003985270392149687,-9.797452926635742,0.4246211051940918
1482398793633,0.013583119958639145,-9.79812240600586,0.40866994857788086
1482398793845,0.02716653235256672,-9.798966407775879,0.3871794044971466
1482398793994,0.05772153660655022,-9.799436569213867,0.3715989887714386
1482398794174,0.08108019828796387,-9.799445152282715,0.36701902747154236
1482398794352,0.089584119617939,-9.799515724182129,0.36311259865760803
1482398794534,0.10215601325035095,-9.799936294555664,0.34814512729644775
1482398794714,0.12700550258159637,-9.80064582824707,0.318762868642807
1482398794894,0.0695265382528305,-9.801918029785156,0.2966270446777344
1482398795074,0.042675651609897614,-9.802396774291992,0.28562238812446594
1482398795255,0.056440263986587524,-9.802952766418457,0.26329511404037476
1482398795435,0.014568624086678028,-9.802287101745605,0.2921113967895508
1482398795615,0.0028980595525354147,-9.802443504333496,0.28714966773986816
1482398795795,0.030687984079122543,-9.802631378173828,0.2790791094303131
1482398795974,0.03830868750810623,-9.802846908569336,0.27042466402053833
1482398796155,0.060899876058101654,-9.803324699401855,0.2479817420244217
1482398796336,0.0977688878774643,-9.803667068481445,0.22124804556369781
1482398796516,0.10302461683750153,-9.803460121154785,0.22795996069908142
1482398796696,0.11693331599235535,-9.803254127502441,0.2300146222114563
1482398796874,0.13360942900180817,-9.803175926208496,0.22420375049114227
1482398797056,0.1567337065935135,-9.80317211151123,0.2089557647705078
1482398797236,0.19250498712062836,-9.8036527633667,0.14739114046096802
1482398797416,0.21158815920352936,-9.803547859191895,0.12681414186954498
1482398797596,0.2164309173822403,-9.803384780883789,0.13120894134044647
1482398797775,0.20096008479595184,-9.80373477935791,0.12951500713825226
1482398797957,0.19181816279888153,-9.804041862487793,0.11991013586521149
1482398798137,0.19891893863677979,-9.80410385131836,0.10167627036571503
1482398798317,0.1931292563676834,-9.803807258605957,0.1357034146785736
1482398798498,0.1627291440963745,-9.803826332092285,0.17002010345458984
1482398798678,0.1431809812784195,-9.803884506225586,0.1837681382894516
1482398798853,0.03839549049735069,-9.804011344909668,0.22420331835746765
1482398799038,0.06347382068634033,-9.804033279418945,0.2175120711326599
1482398799218,0.0651230439543724,-9.804694175720215,0.18484124541282654
1482398799398,0.07022709399461746,-9.804841041564941,0.17471717298030853
1482398799579,0.0869312658905983,-9.804841041564941,0.16708675026893616
1482398799759,0.0773565024137497,-9.804624557495117,0.1837727427482605
1482398799938,0.125363290309906,-9.804032325744629,0.18869777023792267
1482398800119,0.11582710593938828,-9.804461479187012,0.17179813981056213
1482398800299,0.14334990084171295,-9.804272651672363,0.16144582629203796
1482398800474,0.15767069160938263,-9.804078102111816,0.15997391939163208
1482398800656,0.16404666006565094,-9.8040132522583,0.15749138593673706
1482398800840,0.15704146027565002,-9.804110527038574,0.15854696929454803
1482398801017,0.16340485215187073,-9.803908348083496,0.16457615792751312
1482398801200,0.18526217341423035,-9.803460121154785,0.16803228855133057
1482398801380,0.20115415751934052,-9.803234100341797,0.16291531920433044
1482398801556,0.18524785339832306,-9.803685188293457,0.15433503687381744
1482398801741,0.19592268764972687,-9.80345630645752,0.15577822923660278
1482398801917,0.18742401897907257,-9.803576469421387,0.15863054990768433
1482398802102,0.1887301355600357,-9.803675651550293,0.1507980227470398
1482398802282,0.23420798778533936,-9.802983283996582,0.13056282699108124
1482398802460,0.2271934300661087,-9.80302619934082,0.13958726823329926
1482398802642,0.24029608070850372,-9.802838325500488,0.13040311634540558
1482398802822,0.23087358474731445,-9.802735328674316,0.15314839780330658
1482398803002,0.22457215189933777,-9.80298137664795,0.1466074436903
1482398803183,0.24887247383594513,-9.802520751953125,0.13809293508529663
1482398803363,0.25015929341316223,-9.802535057067871,0.13462942838668823
1482398803538,0.22632716596126556,-9.802778244018555,0.1571982502937317
1482398803724,0.23335926234722137,-9.802643775939941,0.1552792638540268
1482398803903,0.24622488021850586,-9.802581787109375,0.1383534073829651
1482398804083,0.24725568294525146,-9.802756309509277,0.12351357191801071
1482398804263,0.2633697986602783,-9.802496910095215,0.1099720224738121
1482398804443,0.2571592330932617,-9.802763938903809,0.10034896433353424
1482398804623,0.25419044494628906,-9.802789688110352,0.10538432747125626
1482398804803,0.2501668930053711,-9.802877426147461,0.1069512888789177
1482398804984,0.23908524215221405,-9.803197860717773,0.10265300422906876
1482398805164,0.23242461681365967,-9.803400993347168,0.09834252297878265
1482398805344,0.23792730271816254,-9.803292274475098,0.09622655063867569
1482398805523,0.24355566501617432,-9.80323314666748,0.08761201798915863
1482398805704,0.24118512868881226,-9.803345680236816,0.08170929551124573
1482398805884,0.23572920262813568,-9.803211212158203,0.10905548930168152
1482398806065,0.24247312545776367,-9.803175926208496,0.09662402421236038
1482398806245,0.2290770560503006,-9.803485870361328,0.0977611392736435
1482398806425,0.1929655820131302,-9.804058074951172,0.1167106106877327
1482398806604,0.20299452543258667,-9.80359172821045,0.1369810253381729
1482398806785,0.18344050645828247,-9.803695678710938,0.1558639407157898
1482398806964,0.1785699725151062,-9.80383014678955,0.1530563235282898
1482398807146,0.17998364567756653,-9.803595542907715,0.165904700756073
1482398807326,0.17468057572841644,-9.803664207458496,0.16752712428569794
1482398807505,0.16870646178722382,-9.803750991821289,0.16858305037021637
1482398807686,0.17697511613368988,-9.803788185119629,0.15745989978313446
1482398807866,0.1889183521270752,-9.803163528442383,0.18078327178955078
1482398808046,0.21140870451927185,-9.80327033996582,0.14694413542747498
1482398808227,0.21656039357185364,-9.80342960357666,0.1274181753396988
1482398808406,0.21238398551940918,-9.80399227142334,0.08385719358921051
1482398808587,0.1471969336271286,-9.804265975952148,0.1583830714225769
1482398808767,0.09447305649518967,-9.803302764892578,0.2382548451423645
1482398808947,0.09811346232891083,-9.80307674407959,0.24590887129306793
1482398809127,0.11158902943134308,-9.802631378173828,0.2575618326663971
1482398809307,0.1288476288318634,-9.803653717041016,0.20531778037548065
1482398809486,0.24287761747837067,-9.802887916564941,0.1216326504945755
1482398809663,0.1939057856798172,-9.804230690002441,0.09926577657461166
1482398809847,0.19215309619903564,-9.804415702819824,0.08290690928697586
1482398810028,0.2600412368774414,-9.803128242492676,0.038135379552841187
1482398810208,0.2265247404575348,-9.803755760192871,0.07395509630441666
1482398810389,0.21738311648368835,-9.803727149963379,0.10022110491991043
1482398810563,0.2191358059644699,-9.803619384765625,0.10685023665428162
1482398810748,0.1708276867866516,-9.804327011108398,0.1281067430973053
1482398810929,0.20451632142066956,-9.803688049316406,0.1275029331445694
1482398811109,0.189250648021698,-9.803824424743652,0.13999101519584656
1482398811289,0.18645079433918,-9.803938865661621,0.13574476540088654
1482398811470,0.16605828702449799,-9.804386138916016,0.12977416813373566
1482398811645,0.16223843395709991,-9.804154396057129,0.15038974583148956
1482398811830,0.12649667263031006,-9.803709983825684,0.20404694974422455
1482398812008,0.10135025531053543,-9.803848266601563,0.2114209085702896
1482398812190,0.08955314010381699,-9.80366325378418,0.22485089302062988
1482398812370,0.07195873558521271,-9.803519248962402,0.2371240258216858
1482398812548,0.03861147165298462,-9.80223274230957,0.29182037711143494
1482398812726,0.05159545689821243,-9.802680015563965,0.27423977851867676
1482398812912,0.05931377410888672,-9.802447319030762,0.2808873951435089
1482398813092,0.0604679137468338,-9.802536010742188,0.27749666571617126
1482398813296,0.07488368451595306,-9.802660942077637,0.2694844603538513
1482398813452,0.10442893207073212,-9.802581787109375,0.2624354362487793
1482398813632,0.1086006611585617,-9.802000999450684,0.28174036741256714
1482398813812,0.09103460609912872,-9.802044868469238,0.286386638879776
1482398813994,0.10556261241436005,-9.802631378173828,0.26014673709869385
1482398814173,0.10046061128377914,-9.802756309509277,0.2574577033519745
1482398814353,0.13032850623130798,-9.803045272827148,0.23183460533618927
1482398814533,0.1403738111257553,-9.802956581115723,0.22966858744621277
1482398814708,0.14622224867343903,-9.802233695983887,0.2553938329219818
1482398814893,0.1255018264055252,-9.80197525024414,0.2755720317363739
1482398815073,0.092348612844944,-9.801811218261719,0.29382869601249695
1482398815253,0.09860329329967499,-9.802155494689941,0.27998992800712585
1482398815433,0.11321020126342773,-9.801443099975586,0.2987881004810333
1482398815613,0.06981851160526276,-9.799529075622559,0.3670368492603302
1482398815790,0.0649406760931015,-9.798611640930176,0.39166730642318726
1482398815974,0.016226327046751976,-9.79928970336914,0.3795211613178253
1482398816154,-0.007511398755013943,-9.79996395111084,0.36200588941574097
1482398816334,-0.013694471679627895,-9.800030708312988,0.3599788248538971
1482398816513,-0.01670972816646099,-9.800406455993652,0.3494890034198761
1482398816693,0.006029343232512474,-9.801626205444336,0.3138033449649811
1482398816870,0.09826397895812988,-9.802939414978027,0.2512253224849701
1482398817053,0.14774346351623535,-9.800993919372559,0.29841500520706177
1482398817235,0.15766485035419464,-9.801324844360352,0.2820277214050293
1482398817413,0.22166092693805695,-9.801406860351563,0.23173625767230988
1482398817592,0.20004940032958984,-9.802543640136719,0.2013150453567505
1482398817775,0.1709606796503067,-9.802569389343262,0.2254234254360199
1482398817956,0.15712299942970276,-9.802467346191406,0.2395017147064209
1482398818136,0.129478320479393,-9.802422523498535,0.2571776509284973
1482398818316,0.1726972907781601,-9.801897048950195,0.25174611806869507
1482398818496,0.19437545537948608,-9.801764488220215,0.24091574549674988
1482398818673,0.20609043538570404,-9.801541328430176,0.2401932030916214
1482398818854,0.1813555210828781,-9.801530838012695,0.2598668932914734
1482398819037,0.14564386010169983,-9.801362037658691,0.2871818244457245
1482398819217,0.13158902525901794,-9.80137825012207,0.293349027633667
1482398819396,0.11190379410982132,-9.801060676574707,0.31161168217658997
1482398819573,0.11463847756385803,-9.800320625305176,0.333128958940506
1482398819756,0.12870441377162933,-9.800093650817871,0.3346398174762726
1482398819937,0.13631752133369446,-9.799836158752441,0.3391074538230896
1482398820112,0.1349465250968933,-9.798995018005371,0.36320364475250244
1482398820299,0.11912059783935547,-9.797601699829102,0.4040091037750244
1482398820479,0.10595569759607315,-9.79764461517334,0.4065910875797272
1482398820658,0.10415215790271759,-9.796867370605469,0.4253579080104828
1482398820838,0.07486410439014435,-9.796235084533691,0.445633202791214
1482398821018,0.08122662454843521,-9.79634952545166,0.4419843256473541
1482398821199,0.056622929871082306,-9.795692443847656,0.45999521017074585
1482398821379,0.0865352526307106,-9.797077178955078,0.424500048160553
1482398821559,0.06669920682907104,-9.797945022583008,0.4076875150203705
1482398821736,0.09184271097183228,-9.798583984375,0.38689592480659485
1482398821917,0.10532792657613754,-9.799949645996094,0.3468392789363861
1482398822099,0.11418693512678146,-9.800169944763184,0.33761948347091675
1482398822280,0.12754999101161957,-9.800843238830566,0.31237611174583435
1482398822460,0.15445436537265778,-9.801513671875,0.277207612991333
1482398822640,0.20440468192100525,-9.802013397216797,0.22172939777374268
1482398822822,0.21462474763393402,-9.801801681518555,0.22141507267951965
1482398823000,0.21229980885982513,-9.801811218261719,0.22324658930301666
1482398823180,0.19404080510139465,-9.801956176757813,0.23323965072631836
1482398823361,0.1831982284784317,-9.801774978637695,0.24908670783042908
1482398823541,0.18436288833618164,-9.801493644714355,0.259098619222641
1482398823722,0.1806912124156952,-9.801785469055176,0.2505129277706146
1482398823926,0.18527211248874664,-9.80167007446289,0.2516205310821533
1482398824081,0.17744506895542145,-9.801560401916504,0.2613765597343445
1482398824262,0.19002456963062286,-9.801192283630371,0.2663379907608032
1482398824442,0.15379531681537628,-9.801379203796387,0.28238236904144287
1482398824622,0.1312050074338913,-9.801634788513184,0.284851610660553
1482398824802,0.14129969477653503,-9.801772117614746,0.27513760328292847
1482398824982,0.14301936328411102,-9.802349090576172,0.25271615386009216
1482398825164,0.12069237232208252,-9.803617477416992,0.2119344174861908
1482398825343,0.08863134682178497,-9.802882194519043,0.25695160031318665
1482398825522,0.08341711759567261,-9.802096366882324,0.2869231104850769
1482398825704,0.09400924295186996,-9.802064895629883,0.284701406955719
1482398825883,0.052330199629068375,-9.801772117614746,0.3048705458641052
1482398826061,0.06649199873209,-9.802277565002441,0.2852126359939575
1482398826243,0.04970306530594826,-9.8020601272583,0.2958901822566986
1482398826423,0.019408171996474266,-9.801766395568848,0.30887794494628906
1482398826602,0.01947714574635029,-9.80228042602539,0.2920318841934204
1482398826786,-0.0072287824004888535,-9.801545143127441,0.31631314754486084
1482398826964,-0.054692838340997696,-9.799689292907715,0.36534789204597473
1482398827144,-0.05565729737281799,-9.801382064819336,0.3165449798107147
1482398827324,0.06640724092721939,-9.799989700317383,0.3551878035068512
1482398827504,0.029795711860060692,-9.799321174621582,0.37790539860725403
1482398827685,0.01429652888327837,-9.797492027282715,0.42350906133651733
1482398827864,0.10640402883291245,-9.799939155578613,0.34678974747657776
1482398828045,0.20200784504413605,-9.800346374511719,0.2877030670642853
1482398828225,0.26216596364974976,-9.79986572265625,0.2536025047302246
1482398828405,0.30705374479293823,-9.799703598022461,0.20477847754955292
1482398828585,0.39468175172805786,-9.79808521270752,0.11025456339120865
1482398828766,0.3728618323802948,-9.798938751220703,0.11045308411121368
1482398828945,0.388973593711853,-9.798413276672363,0.10079232603311539
1482398829126,0.34575697779655457,-9.799827575683594,0.11921346187591553
1482398829306,0.35484805703163147,-9.799534797668457,0.11659684777259827
1482398829486,0.3300231099128723,-9.799952507019043,0.14974194765090942
1482398829666,0.30343905091285706,-9.800517082214355,0.16793160140514374
1482398829847,0.3215390741825104,-9.800039291381836,0.16197670996189117
1482398830023,0.28841012716293335,-9.801036834716797,0.16396819055080414
1482398830207,0.29769906401634216,-9.8009033203125,0.15506897866725922
1482398830387,0.25890812277793884,-9.801526069641113,0.1829310953617096
1482398830567,0.23204262554645538,-9.801976203918457,0.1944808065891266
1482398830742,0.2804734706878662,-9.801565170288086,0.14511142671108246
1482398830923,0.31435996294021606,-9.800984382629395,0.11081760376691818
1482398831106,0.296844482421875,-9.801445960998535,0.1180606335401535
1482398831283,0.30211716890335083,-9.801620483398438,0.08578267693519592
1482398831467,0.3185974657535553,-9.801085472106934,0.08737798780202866
1482398831646,0.33506518602371216,-9.800545692443848,0.08626286685466766
1482398831828,0.3461965322494507,-9.799968719482422,0.10562215745449066
1482398832007,0.3658651113510132,-9.798989295959473,0.12783142924308777
1482398832189,0.3499892055988312,-9.799046516418457,0.16306903958320618
1482398832368,0.35145431756973267,-9.799230575561523,0.1481982171535492
1482398832549,0.3312465250492096,-9.800155639648438,0.13267295062541962
1482398832724,0.26199790835380554,-9.801922798156738,0.1551591455936432
1482398832910,0.2179480493068695,-9.803193092346191,0.14245617389678955
1482398833091,0.19842122495174408,-9.80329704284668,0.162422776222229
1482398833270,0.2584717869758606,-9.802435874938965,0.1258748173713684
1482398833450,0.23057898879051208,-9.802336692810059,0.1772458851337433
1482398833628,0.17174890637397766,-9.802371978759766,0.23324762284755707
1482398833810,0.16245295107364655,-9.801921844482422,0.2575429677963257
1482398833988,0.17140813171863556,-9.801275253295898,0.27573877573013306
1482398834170,0.17118746042251587,-9.801220893859863,0.2777329385280609
1482398834351,0.20907062292099,-9.80140495300293,0.2432277500629425
1482398834529,0.22994214296340942,-9.801368713378906,0.22515638172626495
1482398834709,0.22575025260448456,-9.80127239227295,0.2334543913602829
1482398834892,0.20366935431957245,-9.80142879486084,0.24679018557071686
1482398835070,0.20035043358802795,-9.801573753356934,0.24374710023403168
1482398835252,0.21398265659809113,-9.801545143127441,0.2331019937992096
1482398835432,0.2183130830526352,-9.801462173461914,0.23253779113292694
1482398835610,0.21296265721321106,-9.801297187805176,0.2441684603691101
1482398835788,0.21530309319496155,-9.800882339477539,0.25839653611183167
1482398835969,0.21127310395240784,-9.800950050354004,0.2590394914150238
1482398836148,0.19505466520786285,-9.801065444946289,0.2673496603965759
1482398836328,0.19134236872196198,-9.801146507263184,0.2670122981071472
1482398836509,0.1986120641231537,-9.80129623413086,0.2559722363948822
1482398836692,0.21846622228622437,-9.80113697052002,0.24576836824417114
1482398836869,0.21442250907421112,-9.800734519958496,0.2646661102771759
1482398837048,0.20410628616809845,-9.800786972045898,0.2707708477973938
1482398837230,0.2052355706691742,-9.801207542419434,0.25418344140052795
1482398837409,0.17597529292106628,-9.801356315612793,0.26988324522972107
1482398837590,0.15507365763187408,-9.800639152526855,0.306282103061676
1482398837774,0.13876725733280182,-9.799629211425781,0.34412288665771484
1482398837954,0.13949322700500488,-9.800206184387207,0.32692062854766846
1482398838133,0.17988456785678864,-9.799894332885742,0.31636932492256165
1482398838314,0.19537965953350067,-9.800335884094238,0.292668879032135
1482398838494,0.23170652985572815,-9.799881935119629,0.281138151884079
1482398838673,0.24884909391403198,-9.799485206604004,0.2802652418613434
1482398838855,0.29773440957069397,-9.79937744140625,0.2322692722082138
1482398839035,0.30552083253860474,-9.799272537231445,0.2265445441007614
1482398839215,0.335438996553421,-9.798931121826172,0.197076678276062
1482398839395,0.345651775598526,-9.798927307128906,0.17867863178253174
1482398839576,0.3466898798942566,-9.798384666442871,0.20457309484481812
1482398839756,0.35272184014320374,-9.79833698272705,0.19642135500907898
1482398839936,0.39021191000938416,-9.797566413879395,0.1606600135564804
1482398840111,0.385209858417511,-9.798059463500977,0.1415856033563614
1482398840293,0.3815232813358307,-9.798382759094238,0.1285875141620636
1482398840476,0.3579036295413971,-9.799336433410645,0.1238601878285408
1482398840656,0.3219797909259796,-9.80050277709961,0.12983714044094086
1482398840838,0.29513415694236755,-9.800992965698242,0.1542873978614807
1482398841019,0.2952013909816742,-9.80087947845459,0.16136303544044495
1482398841197,0.2929699718952179,-9.800542831420898,0.18417160212993622
1482398841377,0.3089236319065094,-9.80012035369873,0.1805357187986374
1482398841557,0.32729601860046387,-9.799060821533203,0.2041214108467102
1482398841738,0.3233504891395569,-9.798120498657227,0.2503475248813629
1482398841918,0.299042284488678,-9.798383712768555,0.2695489227771759
1482398842095,0.3152025640010834,-9.797531127929688,0.28183937072753906
1482398842278,0.3157595992088318,-9.797382354736328,0.2863927185535431
1482398842458,0.3276248276233673,-9.796918869018555,0.28884682059288025
1482398842639,0.32072511315345764,-9.796839714050293,0.29907938838005066
1482398842813,0.3193210959434509,-9.796343803405762,0.3163270950317383
1482398842999,0.3074018061161041,-9.796109199523926,0.3348878026008606
1482398843179,0.30220484733581543,-9.79602336883545,0.3420281708240509
1482398843358,0.289619505405426,-9.796258926391602,0.3461984395980835
1482398843539,0.27771103382110596,-9.795692443847656,0.3710404634475708
1482398843719,0.25895196199417114,-9.795365333557129,0.3926392197608948
1482398843900,0.2328399121761322,-9.795364379882813,0.40867775678634644
1482398844080,0.22434885799884796,-9.795610427856445,0.40748921036720276
1482398844260,0.21541619300842285,-9.79565143585205,0.41135743260383606
1482398844440,0.2122849076986313,-9.796059608459473,0.4032284915447235
1482398844618,0.20366321504116058,-9.795669555664063,0.41685041785240173
1482398844800,0.2119692713022232,-9.794808387756348,0.4326838552951813
1482398844980,0.21894553303718567,-9.79537582397461,0.4160136580467224
1482398845158,0.21990911662578583,-9.795157432556152,0.42063841223716736
1482398845342,0.2269786149263382,-9.795485496520996,0.4090704321861267
1482398845521,0.22786855697631836,-9.795210838317871,0.4151076376438141
1482398845701,0.1611214131116867,-9.794940948486328,0.4511716961860657
1482398845877,0.14089316129684448,-9.795328140258789,0.4495267868041992
1482398846059,0.14185820519924164,-9.79581356048584,0.4385446310043335
1482398846242,0.13792641460895538,-9.794925689697266,0.4591502845287323
1482398846421,0.143031045794487,-9.794963836669922,0.45674824714660645
1482398846602,0.1544075906276703,-9.794330596923828,0.46652498841285706
1482398846782,0.13336831331253052,-9.79414176940918,0.4768640697002411
1482398846961,0.12205781787633896,-9.793985366821289,0.4830643832683563
1482398847140,0.09592588990926743,-9.795429229736328,0.45913901925086975
1482398847323,0.11518354713916779,-9.79499340057373,0.4639185070991516
1482398847503,0.09782382845878601,-9.794486999511719,0.4783685505390167
1482398847681,0.08798135817050934,-9.794146537780762,0.48720258474349976
1482398847863,0.09547346830368042,-9.793922424316406,0.4902786910533905
1482398848043,0.11898206174373627,-9.794724464416504,0.4686184525489807
1482398848223,0.1481713354587555,-9.795215606689453,0.4496772289276123
1482398848404,0.15273381769657135,-9.79541015625,0.44390228390693665
1482398848584,0.16375672817230225,-9.796542167663574,0.41394707560539246
1482398848764,0.21508651971817017,-9.798055648803711,0.3495933413505554
1482398848946,0.24976591765880585,-9.79890251159668,0.29923853278160095
1482398849124,0.2685995101928711,-9.798624038696289,0.2919231057167053
1482398849299,0.2544809579849243,-9.799026489257813,0.2910382151603699
1482398849479,0.24456016719341278,-9.79959487915039,0.28024420142173767
1482398849659,0.24247458577156067,-9.799786567687988,0.27531740069389343
1482398849841,0.23600977659225464,-9.799726486206055,0.28290218114852905
1482398850025,0.22835984826087952,-9.799132347106934,0.3085992932319641
1482398850203,0.22533699870109558,-9.798749923706055,0.32261231541633606
1482398850385,0.23318448662757874,-9.798871994018555,0.3132880926132202
1482398850566,0.23501111567020416,-9.79918098449707,0.3020305037498474
1482398850746,0.19062604010105133,-9.797917366027832,0.3672388792037964
1482398850921,0.18393325805664063,-9.797245025634766,0.3880058526992798
1482398851106,0.18829788267612457,-9.797286033630371,0.38487645983695984
1482398851286,0.1683332473039627,-9.79705810546875,0.39962753653526306
1482398851466,0.15392039716243744,-9.796843528747559,0.4105455279350281
1482398851647,0.1456725001335144,-9.796748161315918,0.41580286622047424
1482398851829,0.16450053453445435,-9.7971830368042,0.39816030859947205
1482398852007,0.189646378159523,-9.797356605529785,0.3823877274990082
1482398852189,0.20889584720134735,-9.798049926757813,0.3534807860851288
1482398852367,0.22643794119358063,-9.797651290893555,0.3538060784339905
1482398852547,0.26039543747901917,-9.797333717346191,0.3389005959033966
1482398852728,0.2771490216255188,-9.797744750976563,0.31272220611572266
1482398852908,0.27714288234710693,-9.798256874084473,0.2962172031402588
1482398853086,0.26535364985466003,-9.798592567443848,0.29593583941459656
1482398853268,0.2698860466480255,-9.798663139343262,0.2893986999988556
1482398853449,0.27808716893196106,-9.798587799072266,0.28417080640792847
1482398853640,0.2950219511985779,-9.798379898071289,0.27406492829322815
1482398853810,0.2830471396446228,-9.798495292663574,0.2824002802371979
1482398853984,0.2745581269264221,-9.798484802246094,0.2910599708557129
1482398854170,0.2759244441986084,-9.798267364501953,0.2970028221607208
1482398854349,0.27677083015441895,-9.798263549804688,0.2963365316390991
1482398854529,0.2631435692310333,-9.798332214355469,0.3063815236091614
1482398854709,0.27928778529167175,-9.798129081726074,0.2984364330768585
1482398854890,0.28475305438041687,-9.797978401184082,0.29820364713668823
1482398855070,0.289054274559021,-9.798335075378418,0.2819293737411499
1482398855254,0.3105643689632416,-9.79815673828125,0.2647019028663635
1482398855428,0.3168570399284363,-9.7984619140625,0.24528855085372925
1482398855610,0.3182338774204254,-9.798800468444824,0.22945187985897064
1482398855790,0.3180447816848755,-9.798933029174805,0.22391492128372192
1482398855971,0.3349243402481079,-9.798454284667969,0.2202797830104828
1482398856151,0.3301672041416168,-9.798678398132324,0.21746093034744263
1482398856332,0.3246896266937256,-9.798550605773926,0.23104023933410645
1482398856512,0.3101625144481659,-9.798669815063477,0.24548663198947906
1482398856689,0.2932657301425934,-9.798511505126953,0.2711973488330841
1482398856870,0.3050917983055115,-9.79833984375,0.2643275856971741
1482398857049,0.31281450390815735,-9.798518180847168,0.24819618463516235
1482398857227,0.3005748987197876,-9.798700332641602,0.2559450566768646
1482398857413,0.28290072083473206,-9.799007415771484,0.2642717659473419
1482398857593,0.27050065994262695,-9.799365997314453,0.26394006609916687
1482398857773,0.2943710684776306,-9.7987642288208,0.2606750726699829
1482398857952,0.27932900190353394,-9.79885482788086,0.2735230028629303
1482398858133,0.2554088830947876,-9.798883438110352,0.29501980543136597
1482398858311,0.25884148478507996,-9.799158096313477,0.2826589345932007
1482398858493,0.28082096576690674,-9.79910945892334,0.2626373767852783
1482398858672,0.2889820635318756,-9.799274444580078,0.24721689522266388
1482398858853,0.28273412585258484,-9.799895286560059,0.22917963564395905
1482398859033,0.2833467125892639,-9.80025863647461,0.21223558485507965
1482398859214,0.26346856355667114,-9.80036735534668,0.23185133934020996
1482398859394,0.24627573788166046,-9.800358772277832,0.2504746615886688
1482398859573,0.2627551555633545,-9.799781799316406,0.25624585151672363
1482398859754,0.2744181156158447,-9.799759864807129,0.24451982975006104
1482398859934,0.30664631724357605,-9.799521446228027,0.21389475464820862
1482398860114,0.3167848587036133,-9.79956340789795,0.19644853472709656
1482398860293,0.3232438266277313,-9.799817085266113,0.17186449468135834
1482398860474,0.314746618270874,-9.800216674804688,0.16449739038944244
1482398860655,0.3125394880771637,-9.800105094909668,0.17503172159194946
1482398860835,0.2968292832374573,-9.80026626586914,0.1926102638244629
1482398861010,0.30690380930900574,-9.800149917602539,0.1824105829000473
1482398861195,0.3259577751159668,-9.799562454223633,0.1808260828256607
1482398861374,0.3214776813983917,-9.799574851989746,0.18814992904663086
1482398861555,0.3410632610321045,-9.799063682556152,0.18006759881973267
1482398861736,0.3214607536792755,-9.7993745803833,0.1983087658882141
1482398861912,0.3082502484321594,-9.799544334411621,0.21048684418201447
1482398862092,0.3000178337097168,-9.799446105957031,0.226333886384964
1482398862276,0.2945873439311981,-9.79922866821289,0.24233445525169373
1482398862457,0.26752719283103943,-9.799339294433594,0.2678869068622589
1482398862637,0.27288228273391724,-9.799116134643555,0.270626038312912
1482398862817,0.2651841342449188,-9.799105644226074,0.27855852246284485
1482398862997,0.27652063965797424,-9.799111366271973,0.26708200573921204
1482398863177,0.27263152599334717,-9.799140930175781,0.27002382278442383
1482398863358,0.2658239006996155,-9.799464225769043,0.26501813530921936
1482398863538,0.27478814125061035,-9.799381256103516,0.25884586572647095
1482398863718,0.2729027569293976,-9.7996187210083,0.25179070234298706
1482398863898,0.26253947615623474,-9.799454689025879,0.2686210572719574
1482398864078,0.24462416768074036,-9.799593925476074,0.2802128493785858
1482398864260,0.24630261957645416,-9.799493789672852,0.2822299599647522
1482398864438,0.2341933697462082,-9.799468040466309,0.29320985078811646
1482398864618,0.2127554565668106,-9.799650192260742,0.3032853305339813
1482398864799,0.22869420051574707,-9.799854278564453,0.2845308780670166
1482398864979,0.238527312874794,-9.799775123596191,0.2791915535926819
1482398865159,0.2400587648153305,-9.79984188079834,0.2754289209842682
1482398865338,0.23294425010681152,-9.799593925476074,0.2899472713470459
1482398865519,0.23208032548427582,-9.7998628616333,0.28149187564849854
1482398865698,0.2384481132030487,-9.799921035766602,0.2740664780139923
1482398865880,0.22762802243232727,-9.79971981048584,0.2899791896343231
1482398866059,0.23726065456867218,-9.799678802490234,0.2835072875022888
1482398866240,0.22600626945495605,-9.79970645904541,0.2916828691959381
1482398866420,0.21070875227451324,-9.799320220947266,0.3151579797267914
1482398866600,0.2138753980398178,-9.79895305633545,0.3243265151977539
1482398866781,0.21457156538963318,-9.799322128295898,0.312453031539917
1482398866958,0.22873452305793762,-9.799105644226074,0.30923131108283997
1482398867140,0.24151656031608582,-9.799546241760254,0.2845233380794525
1482398867321,0.2473413199186325,-9.799671173095703,0.275043785572052
1482398867501,0.24320465326309204,-9.799495697021484,0.28479310870170593
1482398867680,0.236670583486557,-9.800130844116211,0.26803287863731384
1482398867862,0.24041911959648132,-9.799891471862793,0.27337971329689026
1482398868042,0.24078823626041412,-9.799896240234375,0.2728863060474396
1482398868223,0.24278175830841064,-9.799665451049805,0.2793259918689728
1482398868403,0.24950258433818817,-9.79912281036377,0.292141854763031
1482398868583,0.27682051062583923,-9.798255920410156,0.29655542969703674
1482398868763,0.2474418580532074,-9.799101829528809,0.29455089569091797
1482398868946,0.2566036581993103,-9.798905372619629,0.2932569086551666
1482398869122,0.24241554737091064,-9.79903507232666,0.3009398579597473
1482398869302,0.24826106429100037,-9.79927921295166,0.28788280487060547
1482398869483,0.27314621210098267,-9.79888916015625,0.2785305380821228
1482398869663,0.26427024602890015,-9.799212455749512,0.27564117312431335
1482398869843,0.25694093108177185,-9.79984188079834,0.2598041892051697
1482398870024,0.2617763876914978,-9.79965877532959,0.26182058453559875
1482398870204,0.26979076862335205,-9.799882888793945,0.24476270377635956
1482398870384,0.23463264107704163,-9.800725936889648,0.2472182810306549
1482398870564,0.24233166873455048,-9.80129623413086,0.21507519483566284
1482398870744,0.235291987657547,-9.801438331604004,0.21641309559345245
1482398870924,0.2240811437368393,-9.801950454711914,0.20481128990650177
1482398871105,0.24681641161441803,-9.801690101623535,0.19070319831371307
1482398871285,0.23539194464683533,-9.801562309265137,0.21056590974330902
1482398871465,0.21853958070278168,-9.801640510559082,0.2246905118227005
1482398871645,0.23062048852443695,-9.801679611206055,0.21042181551456451
1482398871825,0.2207210212945938,-9.801839828491211,0.21354170143604279
1482398872005,0.209981307387352,-9.801924705505371,0.2203671634197235
1482398872187,0.22774960100650787,-9.801469802856445,0.2229831963777542
1482398872366,0.22998452186584473,-9.801759719848633,0.2074490189552307
1482398872546,0.22883418202400208,-9.801719665527344,0.21047917008399963
1482398872726,0.2224620133638382,-9.8013916015625,0.23157347738742828
1482398872906,0.20669396221637726,-9.801302909851074,0.24931620061397552
1482398873086,0.19234248995780945,-9.80112075805664,0.26728036999702454
1482398873267,0.1781415194272995,-9.801360130310059,0.26830512285232544
1482398873447,0.18091508746147156,-9.800789833068848,0.2866849899291992
1482398873622,0.17971038818359375,-9.800315856933594,0.3031694293022156
1482398873807,0.182031512260437,-9.800273895263672,0.30312100052833557
1482398873986,0.19020693004131317,-9.800029754638672,0.30596914887428284
1482398874167,0.1897255778312683,-9.799968719482422,0.3082120418548584
1482398874348,0.18522125482559204,-9.799799919128418,0.3162171542644501
1482398874528,0.18251200020313263,-9.799702644348145,0.32081907987594604
1482398874708,0.1740405261516571,-9.799817085266113,0.322037011384964
1482398874888,0.1656339317560196,-9.799673080444336,0.33072972297668457
1482398875068,0.1727905124425888,-9.799524307250977,0.3314805328845978
1482398875248,0.17883126437664032,-9.799971580505371,0.31460151076316833
1482398875428,0.18734101951122284,-9.80015754699707,0.30369725823402405
1482398875604,0.19918519258499146,-9.799945831298828,0.3029736280441284
1482398875789,0.18328356742858887,-9.799795150756836,0.3175238370895386
1482398875969,0.1658586710691452,-9.799284934997559,0.34193259477615356
1482398876149,0.16908319294452667,-9.799270629882813,0.3407411277294159
1482398876327,0.15191695094108582,-9.79897403717041,0.3569689095020294
1482398876509,0.14809651672840118,-9.798599243164063,0.36868149042129517
1482398876685,0.12159955501556396,-9.797572135925293,0.40392765402793884
1482398876870,0.15171119570732117,-9.797574043273926,0.39362165331840515
1482398877047,0.15352292358875275,-9.797834396362305,0.38635340332984924
1482398877229,0.16839374601840973,-9.797682762145996,0.38399648666381836
1482398877410,0.16112609207630157,-9.798111915588379,0.3760908246040344
1482398877590,0.15437661111354828,-9.798233032226563,0.3757537007331848
1482398877769,0.13536065816879272,-9.796904563903809,0.4156045615673065
1482398877948,0.1482037752866745,-9.79613971710205,0.42902424931526184
1482398878132,0.12452946603298187,-9.796676635742188,0.42429861426353455
1482398878312,0.15912556648254395,-9.796799659729004,0.4096119701862335
1482398878492,0.13547901809215546,-9.79668140411377,0.4208120107650757
1482398878667,0.1522524654865265,-9.796516418457031,0.4188729226589203
1482398878853,0.18371202051639557,-9.7967529296875,0.40036359429359436
1482398879032,0.19082506000995636,-9.797441482543945,0.3796708583831787
1482398879213,0.18770430982112885,-9.797411918640137,0.3819478750228882
1482398879393,0.21903058886528015,-9.796415328979492,0.39074820280075073
1482398879576,0.21613340079784393,-9.796365737915039,0.39354434609413147
1482398879747,0.23898938298225403,-9.795668601989746,0.3976953327655792
1482398879933,0.276079922914505,-9.795355796813965,0.3810485899448395
1482398880107,0.3041819930076599,-9.795570373535156,0.35308200120925903
1482398880293,0.3189414441585541,-9.795343399047852,0.3462633192539215
1482398880473,0.33336541056632996,-9.794709205627441,0.3506414592266083
1482398880653,0.3436295986175537,-9.794787406921387,0.338327556848526
1482398880833,0.3420321047306061,-9.79469108581543,0.3427216410636902
1482398881015,0.34053224325180054,-9.794408798217773,0.3521261513233185
1482398881194,0.3209080696105957,-9.79385757446289,0.3843823969364166
1482398881372,0.3125932514667511,-9.793700218200684,0.3951305150985718
1482398881554,0.308702677488327,-9.792984962463379,0.41536951065063477
1482398881730,0.2922685444355011,-9.793046951293945,0.42571818828582764
1482398881914,0.2757023274898529,-9.792143821716309,0.45640623569488525
1482398882095,0.2512839138507843,-9.79168701171875,0.47973260283470154
1482398882275,0.23699001967906952,-9.792216300964355,0.4761771857738495
1482398882455,0.25136488676071167,-9.793329238891602,0.44488978385925293
1482398882636,0.24540917575359344,-9.7940673828125,0.4317665994167328
1482398882810,0.2604994773864746,-9.793890953063965,0.42687204480171204
1482398882995,0.23617023229599,-9.793285369873047,0.4540809392929077
1482398883176,0.19762393832206726,-9.792675018310547,0.4845810830593109
1482398883363,0.18823562562465668,-9.793828964233398,0.4646388590335846
1482398883536,0.2047702968120575,-9.794878959655762,0.43452444672584534
1482398883716,0.23115123808383942,-9.79556655883789,0.4047722816467285
1482398883896,0.26867547631263733,-9.79476547241211,0.40098991990089417
1482398884076,0.27498218417167664,-9.795225143432617,0.38518092036247253
1482398884257,0.2790951728820801,-9.796380996704102,0.3513171076774597
1482398884436,0.29880526661872864,-9.796355247497559,0.3354221284389496
1482398884617,0.28458675742149353,-9.79604721069336,0.35615766048431396
1482398884793,0.2633040249347687,-9.795713424682617,0.3809039890766144
1482398884976,0.2725362479686737,-9.795427322387695,0.38173049688339233
1482398885158,0.2641688287258148,-9.794923782348633,0.40011319518089294
1482398885338,0.25583207607269287,-9.794421195983887,0.4174339771270752
1482398885518,0.2613902986049652,-9.79395580291748,0.4248636066913605
1482398885700,0.28087738156318665,-9.793771743774414,0.4165848195552826
1482398885878,0.29920974373817444,-9.793761253356934,0.4038846790790558
1482398886059,0.2870832681655884,-9.794610977172852,0.3918834924697876
1482398886239,0.26528701186180115,-9.79518985748291,0.3927684724330902
1482398886419,0.2645125389099121,-9.795426368713379,0.38734352588653564
1482398886598,0.2744140326976776,-9.79561710357666,0.37547868490219116
1482398886776,0.26850831508636475,-9.79539966583252,0.38525035977363586
1482398886959,0.23955285549163818,-9.796010971069336,0.3888032138347626
1482398887136,0.21579204499721527,-9.796859741210938,0.3813216984272003
1482398887319,0.230840265750885,-9.796496391296387,0.3817841410636902
1482398887495,0.20925883948802948,-9.79606819152832,0.4045185148715973
1482398887679,0.21111206710338593,-9.79595947265625,0.4061943590641022
1482398887860,0.1946992725133896,-9.796365737915039,0.4046071469783783
1482398888040,0.20008009672164917,-9.796256065368652,0.40464961528778076
1482398888220,0.19181378185749054,-9.796475410461426,0.4033229649066925
1482398888398,0.17750146985054016,-9.796370506286621,0.41234198212623596
1482398888579,0.15995879471302032,-9.79659652709961,0.414127916097641
1482398888760,0.16451135277748108,-9.796797752380371,0.407522588968277
1482398888941,0.1867377907037735,-9.796258926391602,0.41085782647132874
1482398889122,0.19598756730556488,-9.796077728271484,0.41089704632759094
1482398889302,0.19777649641036987,-9.795571327209473,0.421977162361145
1482398889482,0.20323914289474487,-9.795634269714355,0.4178847074508667
1482398889661,0.20782238245010376,-9.796142578125,0.4034789502620697
1482398889843,0.2389727234840393,-9.796528816223145,0.3759165406227112
1482398890023,0.2698000967502594,-9.79714584350586,0.3369334638118744
1482398890203,0.2960983216762543,-9.797049522399902,0.3170957565307617
1482398890381,0.3279036283493042,-9.796778678894043,0.29322847723960876
1482398890563,0.3369654715061188,-9.796631813049316,0.28785955905914307
1482398890743,0.35743075609207153,-9.795976638793945,0.28544411063194275
1482398890923,0.3671218454837799,-9.796207427978516,0.26442044973373413
1482398891099,0.3559750020503998,-9.7965669631958,0.2663695514202118
1482398891283,0.36457011103630066,-9.796131134033203,0.2707439064979553
1482398891463,0.34956249594688416,-9.796182632446289,0.28812289237976074
1482398891643,0.31743454933166504,-9.796196937561035,0.322749525308609
1482398891825,0.3290855288505554,-9.795354843139648,0.33635035157203674
1482398892004,0.29960253834724426,-9.795157432556152,0.3681356906890869
1482398892178,0.27450287342071533,-9.794466018676758,0.40432941913604736
1482398892363,0.2609460651874542,-9.794661521911621,0.40854448080062866
1482398892544,0.2530360221862793,-9.794665336608887,0.4133962392807007
1482398892725,0.24561873078346252,-9.79457950592041,0.41988787055015564
1482398892903,0.22231121361255646,-9.79574966430664,0.4053478240966797
1482398893085,0.22813275456428528,-9.796003341674805,0.39578065276145935
1482398893265,0.2427469789981842,-9.795702934265137,0.3945142924785614
1482398893445,0.22148440778255463,-9.796411514282227,0.3894263803958893
1482398893625,0.21940994262695313,-9.796385765075684,0.39126646518707275
1482398893805,0.21443010866641998,-9.79636001586914,0.394633024930954
1482398893986,0.21727292239665985,-9.796466827392578,0.39043593406677246
1482398894164,0.22456571459770203,-9.797043800354004,0.37131834030151367
1482398894345,0.22198563814163208,-9.797386169433594,0.36381569504737854
1482398894526,0.23675738275051117,-9.796728134155273,0.37205857038497925
1482398894706,0.22256869077682495,-9.797151565551758,0.36972567439079285
1482398894883,0.21726854145526886,-9.796107292175293,0.39935675263404846
1482398895066,0.20279987156391144,-9.795567512512207,0.41968488693237305
1482398895247,0.16860446333885193,-9.795211791992188,0.4424537718296051
1482398895426,0.14583821594715118,-9.79409122467041,0.47422274947166443
1482398895607,0.12619651854038239,-9.793370246887207,0.4943620264530182
1482398895788,0.0919426679611206,-9.792961120605469,0.5097732543945313
1482398895967,0.09245236963033676,-9.793011665344238,0.508691132068634
1482398896148,0.10076309740543365,-9.793197631835938,0.5034841299057007
1482398896328,0.0903165265917778,-9.793595314025879,0.4977293014526367
1482398896508,0.09177432209253311,-9.794173240661621,0.4859469532966614
1482398896688,0.11999182403087616,-9.79489517211914,0.4647601544857025
1482398896868,0.11838819086551666,-9.795047760009766,0.461950421333313
1482398897048,0.119957335293293,-9.794449806213379,0.47407692670822144
1482398897228,0.10535919666290283,-9.79432487487793,0.48009493947029114
1482398897409,0.13626492023468018,-9.79365062713623,0.4860477149486542
1482398897589,0.1303764432668686,-9.795702934265137,0.44449201226234436
1482398897768,0.15504705905914307,-9.794949531555176,0.45309433341026306
1482398897948,0.10867927968502045,-9.795634269714355,0.45179691910743713
1482398898129,0.13504210114479065,-9.794425964355469,0.47051724791526794
1482398898310,0.11888883262872696,-9.795697212219238,0.44785475730895996
1482398898490,0.1517249345779419,-9.796916961669922,0.40960073471069336
1482398898670,0.17334230244159698,-9.796887397766113,0.40165385603904724
1482398898850,0.12864157557487488,-9.796545028686523,0.4261002540588379
1482398899030,0.1330643594264984,-9.795697212219238,0.44382762908935547
1482398899210,0.12142857909202576,-9.795502662658691,0.451439768075943
1482398899389,0.10276099294424057,-9.796361923217773,0.43717116117477417
1482398899572,0.11152882128953934,-9.79628849029541,0.4366440773010254
1482398899752,0.08041588962078094,-9.796720504760742,0.43382081389427185
1482398899932,0.10286650061607361,-9.796438217163086,0.4354744553565979
1482398900112,0.11631196737289429,-9.797087669372559,0.4170478284358978
1482398900287,0.11467413604259491,-9.7983980178833,0.385515421628952
1482398900471,0.12081599980592728,-9.798166275024414,0.38953590393066406
1482398900652,0.115877665579319,-9.797842025756836,0.3991079032421112
1482398900833,0.10605243593454361,-9.796817779541016,0.426028847694397
1482398901011,0.11333031952381134,-9.796904563903809,0.4221738576889038
1482398901192,0.1485699713230133,-9.797647476196289,0.3929447829723358
1482398901372,0.16199995577335358,-9.798399925231934,0.36814987659454346
1482398901551,0.1697106659412384,-9.799291610717773,0.3397769629955292
1482398901733,0.18676234781742096,-9.800515174865723,0.29219987988471985
1482398901913,0.19353607296943665,-9.800740242004395,0.2800363302230835
1482398902093,0.22638152539730072,-9.800321578979492,0.2698820233345032
1482398902268,0.23573680222034454,-9.800302505493164,0.26245903968811035
1482398902453,0.19948768615722656,-9.80064868927002,0.27909234166145325
1482398902634,0.19698505103588104,-9.800541877746582,0.2845272123813629
1482398902814,0.2221905142068863,-9.799973487854004,0.2855849862098694
1482398902994,0.23438626527786255,-9.799541473388672,0.2906036078929901
1482398903172,0.21785569190979004,-9.799921035766602,0.29067739844322205
1482398903380,0.20535656809806824,-9.800180435180664,0.2910161316394806
1482398903534,0.19716274738311768,-9.800110816955566,0.29888203740119934
1482398903715,0.1886833757162094,-9.799580574035645,0.32096439599990845
1482398903895,0.1857818067073822,-9.799342155456543,0.3297974169254303
1482398904070,0.17990122735500336,-9.79919719696045,0.3372780382633209
1482398904255,0.18966099619865417,-9.798584938049316,0.34953781962394714
1482398904434,0.17781418561935425,-9.798430442810059,0.35993844270706177
1482398904615,0.184121772646904,-9.798632621765137,0.3511141240596771
1482398904794,0.2076689451932907,-9.798917770385742,0.3293458819389343
1482398904976,0.21875059604644775,-9.799084663391113,0.3170386850833893
1482398905156,0.237215057015419,-9.799372673034668,0.29399287700653076
1482398905336,0.2559983730316162,-9.799586296081543,0.27010661363601685
1482398905516,0.27779725193977356,-9.799553871154785,0.2489519715309143
1482398905696,0.29321402311325073,-9.799576759338379,0.22959668934345245
1482398905877,0.3116784691810608,-9.799379348754883,0.21309183537960052
1482398906057,0.3186161518096924,-9.799127578735352,0.21437472105026245
1482398906237,0.3218459486961365,-9.7988862991333,0.22059068083763123
1482398906416,0.2898828089237213,-9.799596786499023,0.23295170068740845
1482398906597,0.2873910069465637,-9.800077438354492,0.21519392728805542
1482398906777,0.2738669216632843,-9.80032730102539,0.22130364179611206
1482398906958,0.2608575224876404,-9.800568580627441,0.22626273334026337
1482398907137,0.27138620615005493,-9.80013656616211,0.23252105712890625
1482398907318,0.2660997807979584,-9.800121307373047,0.23919549584388733
1482398907496,0.2655637860298157,-9.800436019897461,0.2265583574771881
1482398907677,0.2630687654018402,-9.800518035888672,0.22589755058288574
1482398907858,0.2723369300365448,-9.799936294555664,0.23976437747478485
1482398908039,0.2645011246204376,-9.800076484680176,0.24278095364570618
1482398908219,0.25670886039733887,-9.799696922302246,0.2654127776622772
1482398908399,0.2604907155036926,-9.799867630004883,0.25516995787620544
1482398908579,0.23598143458366394,-9.80042839050293,0.257524698972702
1482398908759,0.25052782893180847,-9.80033016204834,0.24734161794185638
1482398908939,0.25846534967422485,-9.800643920898438,0.2257770597934723
1482398909121,0.2780652642250061,-9.801030158996582,0.18134097754955292
1482398909300,0.25782880187034607,-9.801262855529785,0.19784517586231232
1482398909480,0.2825356721878052,-9.800929069519043,0.17987973988056183
1482398909660,0.2973650097846985,-9.800654411315918,0.17079328000545502
1482398909840,0.32728812098503113,-9.800071716308594,0.1480167955160141
1482398910020,0.3301438093185425,-9.800203323364258,0.13204342126846313
1482398910203,0.34456074237823486,-9.799997329711914,0.1080721840262413
1482398910382,0.3551180958747864,-9.799752235412598,0.09548728168010712
1482398910560,0.34972530603408813,-9.79977798461914,0.11155790090560913
1482398910742,0.3420952558517456,-9.799949645996094,0.11987967044115067
1482398910922,0.3716241121292114,-9.79893970489502,0.11434819549322128
1482398911102,0.3907768428325653,-9.798320770263672,0.10294423997402191
1482398911282,0.3890683054924011,-9.798504829406738,0.09112915396690369
1482398911462,0.3821171522140503,-9.798506736755371,0.11685776710510254
1482398911643,0.3560550808906555,-9.799372673034668,0.1261652559041977
1482398911822,0.3415653705596924,-9.799860000610352,0.12838037312030792
1482398912003,0.3415282666683197,-9.799798965454102,0.13310907781124115
1482398912182,0.3829980492591858,-9.798604965209961,0.1050424575805664
1482398912360,0.3596361577510834,-9.799333572387695,0.11879727989435196
1482398912541,0.3105798661708832,-9.800850868225098,0.13133323192596436
1482398912723,0.27842503786087036,-9.801107406616211,0.17652854323387146
1482398912903,0.2782958447933197,-9.80046272277832,0.20954225957393646
1482398913083,0.2573842704296112,-9.80027961730957,0.2422371208667755
1482398913263,0.26452508568763733,-9.799921989440918,0.2489171177148819
1482398913442,0.258882999420166,-9.799291610717773,0.2779237926006317
1482398913624,0.24345190823078156,-9.799675941467285,0.27834758162498474
