,Unnamed: 0,timestamp,grx,gry,grz
0,0.0,5000.0,-6.2215633392333975,-1.673078536987305,7.393465995788574
1,1.0,5100.0,-6.2215633392333975,-1.673078536987305,7.393465995788574
2,2.0,5200.0,-6.2215633392333975,-1.673078536987305,7.393465995788574
3,3.0,5300.0,-6.240436553955077,-1.6605331897735596,7.3803772926330575
4,4.0,5400.0,-6.240436553955077,-1.6605331897735596,7.3803772926330575
5,5.0,5500.0,-6.249061107635497,-1.660378336906433,7.373111248016357
6,6.0,5600.0,-6.253386974334718,-1.6470271348953247,7.372437953948975
7,7.0,5700.0,-6.253386974334718,-1.6470271348953247,7.372437953948975
8,8.0,5800.0,-6.254988193511963,-1.6144992113113403,7.37827205657959
9,9.0,5900.0,-6.254988193511963,-1.6144992113113403,7.37827205657959
10,10.0,6000.0,-6.274390697479247,-1.6256699562072754,7.359320163726807
11,11.0,6100.0,-6.274390697479247,-1.6256699562072754,7.359320163726807
12,12.0,6200.0,-6.279283046722412,-1.589619755744934,7.363022327423098
13,13.0,6300.0,-6.279283046722412,-1.589619755744934,7.363022327423098
14,14.0,6400.0,-6.284692764282228,-1.5073353052139282,7.375700950622559
15,15.0,6500.0,-6.316258430480957,-1.4679981470108032,7.356646537780763
16,16.0,6600.0,-6.316258430480957,-1.4679981470108032,7.356646537780763
17,17.0,6700.0,-6.299856662750244,-1.4191113710403442,7.380265235900879
18,18.0,6800.0,-6.299856662750244,-1.4191113710403442,7.380265235900879
19,19.0,6900.0,-6.2941527366638175,-1.3896055221557615,7.390739440917969
20,20.0,7000.0,-6.2941527366638175,-1.3896055221557615,7.390739440917969
21,21.0,7100.0,-6.296980381011963,-1.3634166717529297,7.393208503723144
22,22.0,7200.0,-6.296980381011963,-1.3634166717529297,7.393208503723144
23,23.0,7300.0,-6.302153587341309,-1.333276391029358,7.394296646118164
24,24.0,7400.0,-6.3029417991638175,-1.3082205057144165,7.398098468780518
25,25.0,7500.0,-6.3029417991638175,-1.3082205057144165,7.398098468780518
26,26.0,7600.0,-6.305074691772461,-1.2913163900375366,7.399251937866211
27,27.0,7700.0,-6.305074691772461,-1.2913163900375366,7.399251937866211
28,28.0,7800.0,-6.3021345138549805,-1.278462529182434,7.40398645401001
29,29.0,7900.0,-6.3021345138549805,-1.278462529182434,7.40398645401001
30,15.0,6500.0,-6.316258430480957,-1.4679981470108032,7.356646537780763
31,16.0,6600.0,-6.316258430480957,-1.4679981470108032,7.356646537780763
32,17.0,6700.0,-6.299856662750244,-1.4191113710403442,7.380265235900879
33,18.0,6800.0,-6.299856662750244,-1.4191113710403442,7.380265235900879
34,19.0,6900.0,-6.2941527366638175,-1.3896055221557615,7.390739440917969
35,20.0,7000.0,-6.2941527366638175,-1.3896055221557615,7.390739440917969
36,21.0,7100.0,-6.296980381011963,-1.3634166717529297,7.393208503723144
37,22.0,7200.0,-6.296980381011963,-1.3634166717529297,7.393208503723144
38,23.0,7300.0,-6.302153587341309,-1.333276391029358,7.394296646118164
39,24.0,7400.0,-6.3029417991638175,-1.3082205057144165,7.398098468780518
40,25.0,7500.0,-6.3029417991638175,-1.3082205057144165,7.398098468780518
41,26.0,7600.0,-6.305074691772461,-1.2913163900375366,7.399251937866211
42,27.0,7700.0,-6.305074691772461,-1.2913163900375366,7.399251937866211
43,28.0,7800.0,-6.3021345138549805,-1.278462529182434,7.40398645401001
44,29.0,7900.0,-6.3021345138549805,-1.278462529182434,7.40398645401001
45,30.0,8000.0,-6.30377721786499,-1.2583298683166504,7.406037330627441
46,31.0,8100.0,-6.30377721786499,-1.2583298683166504,7.406037330627441
47,32.0,8200.0,-6.3048648834228525,-1.2412147521972656,7.407999038696289
48,33.0,8300.0,-6.305349826812744,-1.2303017377853394,7.409406661987305
49,34.0,8400.0,-6.305349826812744,-1.2303017377853394,7.409406661987305
50,35.0,8500.0,-6.3130645751953125,-1.209539771080017,7.40625524520874
51,36.0,8600.0,-6.3130645751953125,-1.209539771080017,7.40625524520874
52,37.0,8700.0,-6.312511444091798,-1.2131717205047607,7.40613317489624
53,38.0,8800.0,-6.312511444091798,-1.2131717205047607,7.40613317489624
54,39.0,8900.0,-6.324450969696045,-1.1842323541641235,7.400627613067628
55,40.0,9000.0,-6.324450969696045,-1.1842323541641235,7.400627613067628
56,41.0,9100.0,-6.32784366607666,-1.1741321086883545,7.399336814880371
57,42.0,9200.0,-6.324545860290527,-1.1734178066253662,7.40226936340332
58,43.0,9300.0,-6.324545860290527,-1.1734178066253662,7.40226936340332
59,44.0,9400.0,-6.32155179977417,-1.1683064699172974,7.405634880065918
60,30.0,8000.0,-6.30377721786499,-1.2583298683166504,7.406037330627441
61,31.0,8100.0,-6.30377721786499,-1.2583298683166504,7.406037330627441
62,32.0,8200.0,-6.3048648834228525,-1.2412147521972656,7.407999038696289
63,33.0,8300.0,-6.305349826812744,-1.2303017377853394,7.409406661987305
64,34.0,8400.0,-6.305349826812744,-1.2303017377853394,7.409406661987305
65,35.0,8500.0,-6.3130645751953125,-1.209539771080017,7.40625524520874
66,36.0,8600.0,-6.3130645751953125,-1.209539771080017,7.40625524520874
67,37.0,8700.0,-6.312511444091798,-1.2131717205047607,7.40613317489624
68,38.0,8800.0,-6.312511444091798,-1.2131717205047607,7.40613317489624
69,39.0,8900.0,-6.324450969696045,-1.1842323541641235,7.400627613067628
70,40.0,9000.0,-6.324450969696045,-1.1842323541641235,7.400627613067628
71,41.0,9100.0,-6.32784366607666,-1.1741321086883545,7.399336814880371
72,42.0,9200.0,-6.324545860290527,-1.1734178066253662,7.40226936340332
73,43.0,9300.0,-6.324545860290527,-1.1734178066253662,7.40226936340332
74,44.0,9400.0,-6.32155179977417,-1.1683064699172974,7.405634880065918
75,45.0,9500.0,-6.32155179977417,-1.1683064699172974,7.405634880065918
76,46.0,9600.0,-6.326751708984375,-1.1633868217468262,7.401968479156494
77,47.0,9700.0,-6.326751708984375,-1.1633868217468262,7.401968479156494
78,48.0,9800.0,-6.32269811630249,-1.1541472673416138,7.406876087188723
79,49.0,9900.0,-6.32269811630249,-1.1541472673416138,7.406876087188723
80,50.0,10000.0,-6.316075801849365,-1.147438406944275,7.4135661125183105
81,51.0,10100.0,-6.319356441497803,-1.142298460006714,7.411563396453857
82,52.0,10200.0,-6.319356441497803,-1.142298460006714,7.411563396453857
83,53.0,10300.0,-6.321409225463867,-1.1349709033966064,7.410938739776611
84,54.0,10400.0,-6.321409225463867,-1.1349709033966064,7.410938739776611
85,55.0,10500.0,-6.3263750076293945,-1.1323837041854858,7.407095909118652
86,56.0,10600.0,-6.3263750076293945,-1.1323837041854858,7.407095909118652
87,57.0,10700.0,-6.328328609466553,-1.1262375116348269,7.40636396408081
88,58.0,10800.0,-6.328328609466553,-1.1262375116348269,7.40636396408081
89,59.0,10900.0,-6.329174041748048,-1.1178507804870603,7.406912326812744
90,45.0,9500.0,-6.32155179977417,-1.1683064699172974,7.405634880065918
91,46.0,9600.0,-6.326751708984375,-1.1633868217468262,7.401968479156494
92,47.0,9700.0,-6.326751708984375,-1.1633868217468262,7.401968479156494
93,48.0,9800.0,-6.32269811630249,-1.1541472673416138,7.406876087188723
94,49.0,9900.0,-6.32269811630249,-1.1541472673416138,7.406876087188723
95,50.0,10000.0,-6.316075801849365,-1.147438406944275,7.4135661125183105
96,51.0,10100.0,-6.319356441497803,-1.142298460006714,7.411563396453857
97,52.0,10200.0,-6.319356441497803,-1.142298460006714,7.411563396453857
98,53.0,10300.0,-6.321409225463867,-1.1349709033966064,7.410938739776611
99,54.0,10400.0,-6.321409225463867,-1.1349709033966064,7.410938739776611
100,55.0,10500.0,-6.3263750076293945,-1.1323837041854858,7.407095909118652
101,56.0,10600.0,-6.3263750076293945,-1.1323837041854858,7.407095909118652
102,57.0,10700.0,-6.328328609466553,-1.1262375116348269,7.40636396408081
103,58.0,10800.0,-6.328328609466553,-1.1262375116348269,7.40636396408081
104,59.0,10900.0,-6.329174041748048,-1.1178507804870603,7.406912326812744
105,60.0,11000.0,-6.3374786376953125,-1.1144473552703855,7.4003214836120605
106,61.0,11100.0,-6.3374786376953125,-1.1144473552703855,7.4003214836120605
107,62.0,11200.0,-6.335009574890138,-1.1089643239974976,7.403258800506593
108,63.0,11300.0,-6.335009574890138,-1.1089643239974976,7.403258800506593
109,64.0,11400.0,-6.3413734436035165,-1.098730206489563,7.3993353843688965
110,65.0,11500.0,-6.3413734436035165,-1.098730206489563,7.3993353843688965
111,66.0,11600.0,-6.170846939086914,-1.4442538022994995,7.483660221099853
112,67.0,11700.0,-6.170846939086914,-1.4442538022994995,7.483660221099853
113,68.0,11800.0,-6.143030643463135,-1.3666890859603882,7.521019458770753
114,69.0,11900.0,-6.118850231170652,-1.2947317361831665,7.55339241027832
115,70.0,12000.0,-6.118850231170652,-1.2947317361831665,7.55339241027832
116,71.0,12100.0,-6.101474761962892,-1.2208783626556396,7.579699993133545
117,72.0,12200.0,-6.101474761962892,-1.2208783626556396,7.579699993133545
118,73.0,12300.0,-6.075697898864746,-1.1566402912139893,7.6104187965393075
119,74.0,12400.0,-6.075697898864746,-1.1566402912139893,7.6104187965393075
120,60.0,11000.0,-6.3374786376953125,-1.1144473552703855,7.4003214836120605
121,61.0,11100.0,-6.3374786376953125,-1.1144473552703855,7.4003214836120605
122,62.0,11200.0,-6.335009574890138,-1.1089643239974976,7.403258800506593
123,63.0,11300.0,-6.335009574890138,-1.1089643239974976,7.403258800506593
124,64.0,11400.0,-6.3413734436035165,-1.098730206489563,7.3993353843688965
125,65.0,11500.0,-6.3413734436035165,-1.098730206489563,7.3993353843688965
126,66.0,11600.0,-6.170846939086914,-1.4442538022994995,7.483660221099853
127,67.0,11700.0,-6.170846939086914,-1.4442538022994995,7.483660221099853
128,68.0,11800.0,-6.143030643463135,-1.3666890859603882,7.521019458770753
129,69.0,11900.0,-6.118850231170652,-1.2947317361831665,7.55339241027832
130,70.0,12000.0,-6.118850231170652,-1.2947317361831665,7.55339241027832
131,71.0,12100.0,-6.101474761962892,-1.2208783626556396,7.579699993133545
132,72.0,12200.0,-6.101474761962892,-1.2208783626556396,7.579699993133545
133,73.0,12300.0,-6.075697898864746,-1.1566402912139893,7.6104187965393075
134,74.0,12400.0,-6.075697898864746,-1.1566402912139893,7.6104187965393075
135,75.0,12500.0,-6.064620018005371,-1.091294527053833,7.62888240814209
136,76.0,12600.0,-6.064620018005371,-1.091294527053833,7.62888240814209
137,77.0,12700.0,-6.031956195831299,-1.0035662651062012,7.666730880737305
138,78.0,12800.0,-6.00590181350708,-0.9339520335197448,7.695925235748291
139,79.0,12900.0,-6.00590181350708,-0.9339520335197448,7.695925235748291
140,80.0,13000.0,-5.974658012390138,-0.882800817489624,7.726223468780518
141,81.0,13100.0,-5.974658012390138,-0.882800817489624,7.726223468780518
142,82.0,13200.0,-5.945993423461914,-0.8121387958526611,7.756028652191162
143,83.0,13300.0,-5.945993423461914,-0.8121387958526611,7.756028652191162
144,84.0,13400.0,-5.913219451904298,-0.7282397747039795,7.789344787597656
145,85.0,13500.0,-5.913219451904298,-0.7282397747039795,7.789344787597656
146,86.0,13600.0,-5.884831428527832,-0.6476572751998901,7.8179078102111825
147,87.0,13700.0,-5.855971336364746,-0.5454500913619995,7.847322940826416
148,88.0,13800.0,-5.855971336364746,-0.5454500913619995,7.847322940826416
149,89.0,13900.0,-5.814968585968018,-0.4814510941505432,7.881925582885742
150,75.0,12500.0,-6.064620018005371,-1.091294527053833,7.62888240814209
151,76.0,12600.0,-6.064620018005371,-1.091294527053833,7.62888240814209
152,77.0,12700.0,-6.031956195831299,-1.0035662651062012,7.666730880737305
153,78.0,12800.0,-6.00590181350708,-0.9339520335197448,7.695925235748291
154,79.0,12900.0,-6.00590181350708,-0.9339520335197448,7.695925235748291
155,80.0,13000.0,-5.974658012390138,-0.882800817489624,7.726223468780518
156,81.0,13100.0,-5.974658012390138,-0.882800817489624,7.726223468780518
157,82.0,13200.0,-5.945993423461914,-0.8121387958526611,7.756028652191162
158,83.0,13300.0,-5.945993423461914,-0.8121387958526611,7.756028652191162
159,84.0,13400.0,-5.913219451904298,-0.7282397747039795,7.789344787597656
160,85.0,13500.0,-5.913219451904298,-0.7282397747039795,7.789344787597656
161,86.0,13600.0,-5.884831428527832,-0.6476572751998901,7.8179078102111825
162,87.0,13700.0,-5.855971336364746,-0.5454500913619995,7.847322940826416
163,88.0,13800.0,-5.855971336364746,-0.5454500913619995,7.847322940826416
164,89.0,13900.0,-5.814968585968018,-0.4814510941505432,7.881925582885742
165,90.0,14000.0,-5.814968585968018,-0.4814510941505432,7.881925582885742
166,91.0,14100.0,-5.788675785064697,-0.3885398805141449,7.906368732452393
167,92.0,14200.0,-5.788675785064697,-0.3885398805141449,7.906368732452393
168,93.0,14300.0,-5.746676921844482,-0.3101639747619629,7.940396785736084
169,94.0,14400.0,-5.746676921844482,-0.3101639747619629,7.940396785736084
170,95.0,14500.0,-5.736124515533447,-0.2399363070726395,7.95045280456543
171,96.0,14600.0,-5.702604293823242,-0.1780821979045868,7.976150989532473
172,97.0,14700.0,-5.702604293823242,-0.1780821979045868,7.976150989532473
173,98.0,14800.0,-5.83641242980957,-0.11508242785930635,7.87993860244751
174,99.0,14900.0,-5.83641242980957,-0.11508242785930635,7.87993860244751
175,100.0,15000.0,-5.81380558013916,-0.07266338169574738,7.897136211395264
176,101.0,15100.0,-5.81380558013916,-0.07266338169574738,7.897136211395264
177,102.0,15200.0,-5.807952404022218,-0.008091536350548267,7.901772975921631
178,103.0,15300.0,-5.807952404022218,-0.008091536350548267,7.901772975921631
179,104.0,15400.0,-5.763341426849365,0.1015218123793602,7.933723926544189
180,90.0,14000.0,-5.814968585968018,-0.4814510941505432,7.881925582885742
181,91.0,14100.0,-5.788675785064697,-0.3885398805141449,7.906368732452393
182,92.0,14200.0,-5.788675785064697,-0.3885398805141449,7.906368732452393
183,93.0,14300.0,-5.746676921844482,-0.3101639747619629,7.940396785736084
184,94.0,14400.0,-5.746676921844482,-0.3101639747619629,7.940396785736084
185,95.0,14500.0,-5.736124515533447,-0.2399363070726395,7.95045280456543
186,96.0,14600.0,-5.702604293823242,-0.1780821979045868,7.976150989532473
187,97.0,14700.0,-5.702604293823242,-0.1780821979045868,7.976150989532473
188,98.0,14800.0,-5.83641242980957,-0.11508242785930635,7.87993860244751
189,99.0,14900.0,-5.83641242980957,-0.11508242785930635,7.87993860244751
190,100.0,15000.0,-5.81380558013916,-0.07266338169574738,7.897136211395264
191,101.0,15100.0,-5.81380558013916,-0.07266338169574738,7.897136211395264
192,102.0,15200.0,-5.807952404022218,-0.008091536350548267,7.901772975921631
193,103.0,15300.0,-5.807952404022218,-0.008091536350548267,7.901772975921631
194,104.0,15400.0,-5.763341426849365,0.1015218123793602,7.933723926544189
195,105.0,15500.0,-5.741363525390625,0.1934235543012619,7.947938442230225
196,106.0,15600.0,-5.741363525390625,0.1934235543012619,7.947938442230225
197,107.0,15700.0,-5.7217698097229,0.253997266292572,7.960352897644043
198,108.0,15800.0,-5.7217698097229,0.253997266292572,7.960352897644043
199,109.0,15900.0,-5.7133445739746085,0.30252954363822937,7.964706897735598
200,110.0,16000.0,-5.7133445739746085,0.30252954363822937,7.964706897735598
201,111.0,16100.0,-5.703835487365723,0.35132309794425964,7.969517707824707
202,112.0,16200.0,-5.703835487365723,0.35132309794425964,7.969517707824707
203,113.0,16300.0,-5.708305358886719,0.38560032844543457,7.964731693267822
204,114.0,16400.0,-5.705923557281494,0.4182540476322174,7.964791297912598
205,115.0,16500.0,-5.705923557281494,0.4182540476322174,7.964791297912598
206,116.0,16600.0,-5.706923961639402,0.4553232789039612,7.9620399475097665
207,117.0,16700.0,-5.706923961639402,0.4553232789039612,7.9620399475097665
208,118.0,16800.0,-5.708078384399414,0.4874246418476105,7.959311485290527
209,119.0,16900.0,-5.708078384399414,0.4874246418476105,7.959311485290527
210,105.0,15500.0,-5.741363525390625,0.1934235543012619,7.947938442230225
211,106.0,15600.0,-5.741363525390625,0.1934235543012619,7.947938442230225
212,107.0,15700.0,-5.7217698097229,0.253997266292572,7.960352897644043
213,108.0,15800.0,-5.7217698097229,0.253997266292572,7.960352897644043
214,109.0,15900.0,-5.7133445739746085,0.30252954363822937,7.964706897735598
215,110.0,16000.0,-5.7133445739746085,0.30252954363822937,7.964706897735598
216,111.0,16100.0,-5.703835487365723,0.35132309794425964,7.969517707824707
217,112.0,16200.0,-5.703835487365723,0.35132309794425964,7.969517707824707
218,113.0,16300.0,-5.708305358886719,0.38560032844543457,7.964731693267822
219,114.0,16400.0,-5.705923557281494,0.4182540476322174,7.964791297912598
220,115.0,16500.0,-5.705923557281494,0.4182540476322174,7.964791297912598
221,116.0,16600.0,-5.706923961639402,0.4553232789039612,7.9620399475097665
222,117.0,16700.0,-5.706923961639402,0.4553232789039612,7.9620399475097665
223,118.0,16800.0,-5.708078384399414,0.4874246418476105,7.959311485290527
224,119.0,16900.0,-5.708078384399414,0.4874246418476105,7.959311485290527
225,120.0,17000.0,-5.6989946365356445,0.5311065316200256,7.9630255699157715
226,121.0,17100.0,-5.6989946365356445,0.5311065316200256,7.9630255699157715
227,122.0,17200.0,-5.678077220916747,0.5543208122253418,7.976375102996826
228,123.0,17300.0,-5.668577671051025,0.571570634841919,7.981912136077881
229,124.0,17400.0,-5.668577671051025,0.571570634841919,7.981912136077881
230,125.0,17500.0,-5.681981086730957,0.6048793196678162,7.969918727874756
231,126.0,17600.0,-5.681981086730957,0.6048793196678162,7.969918727874756
232,127.0,17700.0,-5.679249286651611,0.6361509561538696,7.969430446624756
233,128.0,17800.0,-5.679249286651611,0.6361509561538696,7.969430446624756
234,129.0,17900.0,-5.663841724395753,0.62432461977005,7.981321334838867
235,130.0,18000.0,-5.663841724395753,0.62432461977005,7.981321334838867
236,131.0,18100.0,-5.682953357696532,0.6455661654472351,7.966032981872559
237,132.0,18200.0,-5.6806817054748535,0.6298378109931946,7.968911647796631
238,133.0,18300.0,-5.6806817054748535,0.6298378109931946,7.968911647796631
239,134.0,18400.0,-5.698100090026856,0.6330614686012268,7.956209659576416
240,120.0,17000.0,-5.6989946365356445,0.5311065316200256,7.9630255699157715
241,121.0,17100.0,-5.6989946365356445,0.5311065316200256,7.9630255699157715
242,122.0,17200.0,-5.678077220916747,0.5543208122253418,7.976375102996826
243,123.0,17300.0,-5.668577671051025,0.571570634841919,7.981912136077881
244,124.0,17400.0,-5.668577671051025,0.571570634841919,7.981912136077881
245,125.0,17500.0,-5.681981086730957,0.6048793196678162,7.969918727874756
246,126.0,17600.0,-5.681981086730957,0.6048793196678162,7.969918727874756
247,127.0,17700.0,-5.679249286651611,0.6361509561538696,7.969430446624756
248,128.0,17800.0,-5.679249286651611,0.6361509561538696,7.969430446624756
249,129.0,17900.0,-5.663841724395753,0.62432461977005,7.981321334838867
250,130.0,18000.0,-5.663841724395753,0.62432461977005,7.981321334838867
251,131.0,18100.0,-5.682953357696532,0.6455661654472351,7.966032981872559
252,132.0,18200.0,-5.6806817054748535,0.6298378109931946,7.968911647796631
253,133.0,18300.0,-5.6806817054748535,0.6298378109931946,7.968911647796631
254,134.0,18400.0,-5.698100090026856,0.6330614686012268,7.956209659576416
255,135.0,18500.0,-5.698100090026856,0.6330614686012268,7.956209659576416
256,136.0,18600.0,-5.682643413543701,0.6418547034263611,7.966553211212157
257,137.0,18700.0,-5.682643413543701,0.6418547034263611,7.966553211212157
258,138.0,18800.0,-5.673277378082275,0.6354358196258545,7.973740100860598
259,139.0,18900.0,-5.673277378082275,0.6354358196258545,7.973740100860598
260,140.0,19000.0,-5.67728328704834,0.6314490437507629,7.971205234527588
261,141.0,19100.0,-5.690559387207031,0.6311495304107666,7.9617576599121085
262,142.0,19200.0,-5.690559387207031,0.6311495304107666,7.9617576599121085
263,143.0,19300.0,-5.711734294891357,0.5961194038391113,7.949284076690674
264,144.0,19400.0,-5.711734294891357,0.5961194038391113,7.949284076690674
265,145.0,19500.0,-5.751893043518066,0.5818319320678711,7.921337127685548
266,146.0,19600.0,-5.751893043518066,0.5818319320678711,7.921337127685548
267,147.0,19700.0,-5.769988536834718,0.5608034729957581,7.909684658050537
268,148.0,19800.0,-5.769988536834718,0.5608034729957581,7.909684658050537
269,149.0,19900.0,-5.793764591217041,0.5445964336395264,7.893420696258545
270,135.0,18500.0,-5.698100090026856,0.6330614686012268,7.956209659576416
271,136.0,18600.0,-5.682643413543701,0.6418547034263611,7.966553211212157
272,137.0,18700.0,-5.682643413543701,0.6418547034263611,7.966553211212157
273,138.0,18800.0,-5.673277378082275,0.6354358196258545,7.973740100860598
274,139.0,18900.0,-5.673277378082275,0.6354358196258545,7.973740100860598
275,140.0,19000.0,-5.67728328704834,0.6314490437507629,7.971205234527588
276,141.0,19100.0,-5.690559387207031,0.6311495304107666,7.9617576599121085
277,142.0,19200.0,-5.690559387207031,0.6311495304107666,7.9617576599121085
278,143.0,19300.0,-5.711734294891357,0.5961194038391113,7.949284076690674
279,144.0,19400.0,-5.711734294891357,0.5961194038391113,7.949284076690674
280,145.0,19500.0,-5.751893043518066,0.5818319320678711,7.921337127685548
281,146.0,19600.0,-5.751893043518066,0.5818319320678711,7.921337127685548
282,147.0,19700.0,-5.769988536834718,0.5608034729957581,7.909684658050537
283,148.0,19800.0,-5.769988536834718,0.5608034729957581,7.909684658050537
284,149.0,19900.0,-5.793764591217041,0.5445964336395264,7.893420696258545
285,150.0,20000.0,-5.812138557434082,0.5028291344642639,7.88267707824707
286,151.0,20100.0,-5.812138557434082,0.5028291344642639,7.88267707824707
287,152.0,20200.0,-5.841182231903076,0.46131432056427,7.863724708557129
288,153.0,20300.0,-5.841182231903076,0.46131432056427,7.863724708557129
289,154.0,20400.0,-5.85421895980835,0.4172840416431427,7.856486797332764
290,155.0,20500.0,-5.85421895980835,0.4172840416431427,7.856486797332764
291,156.0,20600.0,-5.868025779724121,0.43290451169013977,7.8453330993652335
292,157.0,20700.0,-5.868025779724121,0.43290451169013977,7.8453330993652335
293,158.0,20800.0,-5.866411209106445,0.3737713694572449,7.84958028793335
294,159.0,20900.0,-5.880720138549805,0.3258884847164154,7.841002464294434
295,160.0,21000.0,-5.880720138549805,0.3258884847164154,7.841002464294434
296,161.0,21100.0,-5.913992881774902,0.3198389708995819,7.816187858581543
297,162.0,21200.0,-5.913992881774902,0.3198389708995819,7.816187858581543
298,163.0,21300.0,-5.899070262908936,0.248468279838562,7.830045700073242
299,164.0,21400.0,-5.899070262908936,0.248468279838562,7.830045700073242
300,150.0,20000.0,-5.812138557434082,0.5028291344642639,7.88267707824707
301,151.0,20100.0,-5.812138557434082,0.5028291344642639,7.88267707824707
302,152.0,20200.0,-5.841182231903076,0.46131432056427,7.863724708557129
303,153.0,20300.0,-5.841182231903076,0.46131432056427,7.863724708557129
304,154.0,20400.0,-5.85421895980835,0.4172840416431427,7.856486797332764
305,155.0,20500.0,-5.85421895980835,0.4172840416431427,7.856486797332764
306,156.0,20600.0,-5.868025779724121,0.43290451169013977,7.8453330993652335
307,157.0,20700.0,-5.868025779724121,0.43290451169013977,7.8453330993652335
308,158.0,20800.0,-5.866411209106445,0.3737713694572449,7.84958028793335
309,159.0,20900.0,-5.880720138549805,0.3258884847164154,7.841002464294434
310,160.0,21000.0,-5.880720138549805,0.3258884847164154,7.841002464294434
311,161.0,21100.0,-5.913992881774902,0.3198389708995819,7.816187858581543
312,162.0,21200.0,-5.913992881774902,0.3198389708995819,7.816187858581543
313,163.0,21300.0,-5.899070262908936,0.248468279838562,7.830045700073242
314,164.0,21400.0,-5.899070262908936,0.248468279838562,7.830045700073242
315,165.0,21500.0,-5.8939270973205575,0.2531029582023621,7.83376932144165
316,166.0,21600.0,-5.8939270973205575,0.2531029582023621,7.83376932144165
317,167.0,21700.0,-5.890063285827638,0.2107362151145935,7.837928771972656
318,168.0,21800.0,-5.896393775939941,0.1789277046918869,7.833959102630615
319,169.0,21900.0,-5.896393775939941,0.1789277046918869,7.833959102630615
320,170.0,22000.0,-5.927918434143066,0.1337798237800598,7.811035633087157
321,171.0,22100.0,-5.927918434143066,0.1337798237800598,7.811035633087157
322,172.0,22200.0,-5.944218158721924,0.09389058500528336,7.799220561981201
323,173.0,22300.0,-5.944218158721924,0.09389058500528336,7.799220561981201
324,174.0,22400.0,-5.964872360229492,0.0697641521692276,7.783689498901367
325,175.0,22500.0,-5.964872360229492,0.0697641521692276,7.783689498901367
326,176.0,22600.0,-5.978025913238525,0.035506781190633774,7.773824214935303
327,177.0,22700.0,-6.005091667175293,0.010803718119859695,7.753008842468263
328,178.0,22800.0,-6.005091667175293,0.010803718119859695,7.753008842468263
329,179.0,22900.0,-6.010493755340576,-0.03987988457083702,7.748726367950439
330,165.0,21500.0,-5.8939270973205575,0.2531029582023621,7.83376932144165
331,166.0,21600.0,-5.8939270973205575,0.2531029582023621,7.83376932144165
332,167.0,21700.0,-5.890063285827638,0.2107362151145935,7.837928771972656
333,168.0,21800.0,-5.896393775939941,0.1789277046918869,7.833959102630615
334,169.0,21900.0,-5.896393775939941,0.1789277046918869,7.833959102630615
335,170.0,22000.0,-5.927918434143066,0.1337798237800598,7.811035633087157
336,171.0,22100.0,-5.927918434143066,0.1337798237800598,7.811035633087157
337,172.0,22200.0,-5.944218158721924,0.09389058500528336,7.799220561981201
338,173.0,22300.0,-5.944218158721924,0.09389058500528336,7.799220561981201
339,174.0,22400.0,-5.964872360229492,0.0697641521692276,7.783689498901367
340,175.0,22500.0,-5.964872360229492,0.0697641521692276,7.783689498901367
341,176.0,22600.0,-5.978025913238525,0.035506781190633774,7.773824214935303
342,177.0,22700.0,-6.005091667175293,0.010803718119859695,7.753008842468263
343,178.0,22800.0,-6.005091667175293,0.010803718119859695,7.753008842468263
344,179.0,22900.0,-6.010493755340576,-0.03987988457083702,7.748726367950439
345,180.0,23000.0,-6.010493755340576,-0.03987988457083702,7.748726367950439
346,181.0,23100.0,-6.027351379394531,-0.07049188017845154,7.735403060913086
347,182.0,23200.0,-6.027351379394531,-0.07049188017845154,7.735403060913086
348,183.0,23300.0,-6.036372661590576,-0.12081015855073927,7.727741718292236
349,184.0,23400.0,-6.036372661590576,-0.12081015855073927,7.727741718292236
350,185.0,23500.0,-6.060608386993407,-0.13880787789821625,7.708446979522705
351,186.0,23600.0,-6.053701400756836,-0.2178320288658142,7.712044715881348
352,187.0,23700.0,-6.053701400756836,-0.2178320288658142,7.712044715881348
353,188.0,23800.0,-6.0717973709106445,-0.21960575878620148,7.697755813598633
354,189.0,23900.0,-6.0717973709106445,-0.21960575878620148,7.697755813598633
355,190.0,24000.0,-6.068207740783691,-0.2556277811527252,7.699474334716798
356,191.0,24100.0,-6.068207740783691,-0.2556277811527252,7.699474334716798
357,192.0,24200.0,-6.086304664611816,-0.2678340673446655,7.684761047363281
358,193.0,24300.0,-6.086304664611816,-0.2678340673446655,7.684761047363281
359,194.0,24400.0,-6.0701560974121085,-0.3069973289966583,7.696060657501223
360,180.0,23000.0,-6.010493755340576,-0.03987988457083702,7.748726367950439
361,181.0,23100.0,-6.027351379394531,-0.07049188017845154,7.735403060913086
362,182.0,23200.0,-6.027351379394531,-0.07049188017845154,7.735403060913086
363,183.0,23300.0,-6.036372661590576,-0.12081015855073927,7.727741718292236
364,184.0,23400.0,-6.036372661590576,-0.12081015855073927,7.727741718292236
365,185.0,23500.0,-6.060608386993407,-0.13880787789821625,7.708446979522705
366,186.0,23600.0,-6.053701400756836,-0.2178320288658142,7.712044715881348
367,187.0,23700.0,-6.053701400756836,-0.2178320288658142,7.712044715881348
368,188.0,23800.0,-6.0717973709106445,-0.21960575878620148,7.697755813598633
369,189.0,23900.0,-6.0717973709106445,-0.21960575878620148,7.697755813598633
370,190.0,24000.0,-6.068207740783691,-0.2556277811527252,7.699474334716798
371,191.0,24100.0,-6.068207740783691,-0.2556277811527252,7.699474334716798
372,192.0,24200.0,-6.086304664611816,-0.2678340673446655,7.684761047363281
373,193.0,24300.0,-6.086304664611816,-0.2678340673446655,7.684761047363281
374,194.0,24400.0,-6.0701560974121085,-0.3069973289966583,7.696060657501223
375,195.0,24500.0,-6.078937530517577,-0.33771657943725586,7.687837600708008
376,196.0,24600.0,-6.078937530517577,-0.33771657943725586,7.687837600708008
377,197.0,24700.0,-6.082511425018311,-0.34814679622650146,7.684545040130615
378,198.0,24800.0,-6.082511425018311,-0.34814679622650146,7.684545040130615
379,199.0,24900.0,-6.10778284072876,-0.4144894480705261,7.6611738204956055
380,200.0,25000.0,-6.10778284072876,-0.4144894480705261,7.6611738204956055
381,201.0,25100.0,-6.147923946380615,-0.4621893465518952,7.6262574195861825
382,202.0,25200.0,-6.147923946380615,-0.4621893465518952,7.6262574195861825
383,203.0,25300.0,-6.16874885559082,-0.4840870201587677,7.608059883117676
384,204.0,25400.0,-6.175804615020753,-0.5148130059242249,7.600315093994141
385,205.0,25500.0,-6.175804615020753,-0.5148130059242249,7.600315093994141
386,206.0,25600.0,-6.197353839874268,-0.5285200476646423,7.5818119049072275
387,207.0,25700.0,-6.197353839874268,-0.5285200476646423,7.5818119049072275
388,208.0,25800.0,-6.220067024230957,-0.5465621948242188,7.561905860900879
389,209.0,25900.0,-6.220067024230957,-0.5465621948242188,7.561905860900879
390,195.0,24500.0,-6.078937530517577,-0.33771657943725586,7.687837600708008
391,196.0,24600.0,-6.078937530517577,-0.33771657943725586,7.687837600708008
392,197.0,24700.0,-6.082511425018311,-0.34814679622650146,7.684545040130615
393,198.0,24800.0,-6.082511425018311,-0.34814679622650146,7.684545040130615
394,199.0,24900.0,-6.10778284072876,-0.4144894480705261,7.6611738204956055
395,200.0,25000.0,-6.10778284072876,-0.4144894480705261,7.6611738204956055
396,201.0,25100.0,-6.147923946380615,-0.4621893465518952,7.6262574195861825
397,202.0,25200.0,-6.147923946380615,-0.4621893465518952,7.6262574195861825
398,203.0,25300.0,-6.16874885559082,-0.4840870201587677,7.608059883117676
399,204.0,25400.0,-6.175804615020753,-0.5148130059242249,7.600315093994141
400,205.0,25500.0,-6.175804615020753,-0.5148130059242249,7.600315093994141
401,206.0,25600.0,-6.197353839874268,-0.5285200476646423,7.5818119049072275
402,207.0,25700.0,-6.197353839874268,-0.5285200476646423,7.5818119049072275
403,208.0,25800.0,-6.220067024230957,-0.5465621948242188,7.561905860900879
404,209.0,25900.0,-6.220067024230957,-0.5465621948242188,7.561905860900879
405,210.0,26000.0,-6.233290195465088,-0.5987254977226257,7.547053337097168
406,211.0,26100.0,-6.233290195465088,-0.5987254977226257,7.547053337097168
407,212.0,26200.0,-6.259326457977295,-0.5980389714241028,7.525528430938723
408,213.0,26300.0,-6.259326457977295,-0.5980389714241028,7.525528430938723
409,214.0,26400.0,-6.254428386688232,-0.6801128387451172,7.522630214691162
410,215.0,26500.0,-6.246820449829103,-0.7371598482131958,7.523577690124513
411,216.0,26600.0,-6.246820449829103,-0.7371598482131958,7.523577690124513
412,217.0,26700.0,-6.294752597808838,-0.7153002023696899,7.485640525817871
413,218.0,26800.0,-6.294752597808838,-0.7153002023696899,7.485640525817871
414,219.0,26900.0,-6.301220893859862,-0.7656251788139343,7.475214004516602
415,220.0,27000.0,-6.301220893859862,-0.7656251788139343,7.475214004516602
416,221.0,27100.0,-6.274191379547119,-0.8589490652084351,7.487797260284424
417,222.0,27200.0,-6.274191379547119,-0.8589490652084351,7.487797260284424
418,223.0,27300.0,-6.251414775848389,-0.8865788578987122,7.503611087799072
419,224.0,27400.0,-6.256717681884767,-0.8834434747695923,7.499559879302978
420,210.0,26000.0,-6.233290195465088,-0.5987254977226257,7.547053337097168
421,211.0,26100.0,-6.233290195465088,-0.5987254977226257,7.547053337097168
422,212.0,26200.0,-6.259326457977295,-0.5980389714241028,7.525528430938723
423,213.0,26300.0,-6.259326457977295,-0.5980389714241028,7.525528430938723
424,214.0,26400.0,-6.254428386688232,-0.6801128387451172,7.522630214691162
425,215.0,26500.0,-6.246820449829103,-0.7371598482131958,7.523577690124513
426,216.0,26600.0,-6.246820449829103,-0.7371598482131958,7.523577690124513
427,217.0,26700.0,-6.294752597808838,-0.7153002023696899,7.485640525817871
428,218.0,26800.0,-6.294752597808838,-0.7153002023696899,7.485640525817871
429,219.0,26900.0,-6.301220893859862,-0.7656251788139343,7.475214004516602
430,220.0,27000.0,-6.301220893859862,-0.7656251788139343,7.475214004516602
431,221.0,27100.0,-6.274191379547119,-0.8589490652084351,7.487797260284424
432,222.0,27200.0,-6.274191379547119,-0.8589490652084351,7.487797260284424
433,223.0,27300.0,-6.251414775848389,-0.8865788578987122,7.503611087799072
434,224.0,27400.0,-6.256717681884767,-0.8834434747695923,7.499559879302978
435,225.0,27500.0,-6.256717681884767,-0.8834434747695923,7.499559879302978
436,226.0,27600.0,-6.302470684051514,-0.8865855932235718,7.460779190063477
437,227.0,27700.0,-6.302470684051514,-0.8865855932235718,7.460779190063477
438,228.0,27800.0,-6.304386615753174,-0.910927712917328,7.456226348876952
439,229.0,27900.0,-6.304386615753174,-0.910927712917328,7.456226348876952
440,230.0,28000.0,-6.316113471984862,-0.9209685921669006,7.4450602531433105
441,231.0,28100.0,-6.316113471984862,-0.9209685921669006,7.4450602531433105
442,232.0,28200.0,-6.308053493499756,-0.9190961122512816,7.452121257781982
443,233.0,28300.0,-6.306453704833984,-0.9413453340530396,7.450698375701902
444,234.0,28400.0,-6.306453704833984,-0.9413453340530396,7.450698375701902
445,235.0,28500.0,-6.313361644744872,-0.9472644925117492,7.444094657897949
446,236.0,28600.0,-6.313361644744872,-0.9472644925117492,7.444094657897949
447,237.0,28700.0,-6.31802225112915,-0.9182268977165222,7.443778991699219
448,238.0,28800.0,-6.31802225112915,-0.9182268977165222,7.443778991699219
449,239.0,28900.0,-6.355213642120361,-0.9310945868492126,7.410445213317871
450,225.0,27500.0,-6.256717681884767,-0.8834434747695923,7.499559879302978
451,226.0,27600.0,-6.302470684051514,-0.8865855932235718,7.460779190063477
452,227.0,27700.0,-6.302470684051514,-0.8865855932235718,7.460779190063477
453,228.0,27800.0,-6.304386615753174,-0.910927712917328,7.456226348876952
454,229.0,27900.0,-6.304386615753174,-0.910927712917328,7.456226348876952
455,230.0,28000.0,-6.316113471984862,-0.9209685921669006,7.4450602531433105
456,231.0,28100.0,-6.316113471984862,-0.9209685921669006,7.4450602531433105
457,232.0,28200.0,-6.308053493499756,-0.9190961122512816,7.452121257781982
458,233.0,28300.0,-6.306453704833984,-0.9413453340530396,7.450698375701902
459,234.0,28400.0,-6.306453704833984,-0.9413453340530396,7.450698375701902
460,235.0,28500.0,-6.313361644744872,-0.9472644925117492,7.444094657897949
461,236.0,28600.0,-6.313361644744872,-0.9472644925117492,7.444094657897949
462,237.0,28700.0,-6.31802225112915,-0.9182268977165222,7.443778991699219
463,238.0,28800.0,-6.31802225112915,-0.9182268977165222,7.443778991699219
464,239.0,28900.0,-6.355213642120361,-0.9310945868492126,7.410445213317871
465,240.0,29000.0,-6.355213642120361,-0.9310945868492126,7.410445213317871
466,241.0,29100.0,-6.356363296508789,-0.9530550837516784,7.406667709350586
467,242.0,29200.0,-6.370536804199219,-0.9627931714057922,7.39321756362915
468,243.0,29300.0,-6.370536804199219,-0.9627931714057922,7.39321756362915
469,244.0,29400.0,-6.365734100341798,-1.000622034072876,7.392332077026367
470,245.0,29500.0,-6.365734100341798,-1.000622034072876,7.392332077026367
471,246.0,29600.0,-6.3732666969299325,-1.0036802291870115,7.38542366027832
472,247.0,29700.0,-6.3732666969299325,-1.0036802291870115,7.38542366027832
473,248.0,29800.0,-6.373465538024902,-1.0162731409072876,7.3835296630859375
474,249.0,29900.0,-6.373465538024902,-1.0162731409072876,7.3835296630859375
475,250.0,30000.0,-6.378570556640625,-1.036813497543335,7.3762617111206055
476,251.0,30100.0,-6.38312292098999,-1.0446131229400637,7.371222496032715
477,252.0,30200.0,-6.38312292098999,-1.0446131229400637,7.371222496032715
478,253.0,30300.0,-6.379652976989746,-1.0595414638519287,7.372095584869385
479,254.0,30400.0,-6.379652976989746,-1.0595414638519287,7.372095584869385
480,240.0,29000.0,-6.355213642120361,-0.9310945868492126,7.410445213317871
481,241.0,29100.0,-6.356363296508789,-0.9530550837516784,7.406667709350586
482,242.0,29200.0,-6.370536804199219,-0.9627931714057922,7.39321756362915
483,243.0,29300.0,-6.370536804199219,-0.9627931714057922,7.39321756362915
484,244.0,29400.0,-6.365734100341798,-1.000622034072876,7.392332077026367
485,245.0,29500.0,-6.365734100341798,-1.000622034072876,7.392332077026367
486,246.0,29600.0,-6.3732666969299325,-1.0036802291870115,7.38542366027832
487,247.0,29700.0,-6.3732666969299325,-1.0036802291870115,7.38542366027832
488,248.0,29800.0,-6.373465538024902,-1.0162731409072876,7.3835296630859375
489,249.0,29900.0,-6.373465538024902,-1.0162731409072876,7.3835296630859375
490,250.0,30000.0,-6.378570556640625,-1.036813497543335,7.3762617111206055
491,251.0,30100.0,-6.38312292098999,-1.0446131229400637,7.371222496032715
492,252.0,30200.0,-6.38312292098999,-1.0446131229400637,7.371222496032715
493,253.0,30300.0,-6.379652976989746,-1.0595414638519287,7.372095584869385
494,254.0,30400.0,-6.379652976989746,-1.0595414638519287,7.372095584869385
495,255.0,30500.0,-6.374755382537843,-1.0869011878967283,7.372349262237549
496,256.0,30600.0,-6.374755382537843,-1.0869011878967283,7.372349262237549
497,257.0,30700.0,-6.3805484771728525,-1.0534162521362305,7.372197151184082
498,258.0,30800.0,-6.3805484771728525,-1.0534162521362305,7.372197151184082
499,259.0,30900.0,-6.359135150909424,-1.0540359020233154,7.39058780670166
500,260.0,31000.0,-6.35509729385376,-1.0673247575759888,7.392154216766357
501,261.0,31100.0,-6.35509729385376,-1.0673247575759888,7.392154216766357
502,262.0,31200.0,-6.361420631408691,-1.052765130996704,7.388802051544189
503,263.0,31300.0,-6.361420631408691,-1.052765130996704,7.388802051544189
504,264.0,31400.0,-6.351648807525635,-1.063457489013672,7.395675182342527
505,265.0,31500.0,-6.351648807525635,-1.063457489013672,7.395675182342527
506,266.0,31600.0,-6.3489580154418945,-1.067569613456726,7.397392749786378
507,267.0,31700.0,-6.3489580154418945,-1.067569613456726,7.397392749786378
508,268.0,31800.0,-6.340278625488281,-1.082824468612671,7.402617931365968
509,269.0,31900.0,-6.352280139923098,-1.0797948837280271,7.392764568328857
510,255.0,30500.0,-6.374755382537843,-1.0869011878967283,7.372349262237549
511,256.0,30600.0,-6.374755382537843,-1.0869011878967283,7.372349262237549
512,257.0,30700.0,-6.3805484771728525,-1.0534162521362305,7.372197151184082
513,258.0,30800.0,-6.3805484771728525,-1.0534162521362305,7.372197151184082
514,259.0,30900.0,-6.359135150909424,-1.0540359020233154,7.39058780670166
515,260.0,31000.0,-6.35509729385376,-1.0673247575759888,7.392154216766357
516,261.0,31100.0,-6.35509729385376,-1.0673247575759888,7.392154216766357
517,262.0,31200.0,-6.361420631408691,-1.052765130996704,7.388802051544189
518,263.0,31300.0,-6.361420631408691,-1.052765130996704,7.388802051544189
519,264.0,31400.0,-6.351648807525635,-1.063457489013672,7.395675182342527
520,265.0,31500.0,-6.351648807525635,-1.063457489013672,7.395675182342527
521,266.0,31600.0,-6.3489580154418945,-1.067569613456726,7.397392749786378
522,267.0,31700.0,-6.3489580154418945,-1.067569613456726,7.397392749786378
523,268.0,31800.0,-6.340278625488281,-1.082824468612671,7.402617931365968
524,269.0,31900.0,-6.352280139923098,-1.0797948837280271,7.392764568328857
525,270.0,32000.0,-6.352280139923098,-1.0797948837280271,7.392764568328857
526,271.0,32100.0,-6.349182605743407,-1.1039438247680664,7.3918585777282715
527,272.0,32200.0,-6.349182605743407,-1.1039438247680664,7.3918585777282715
528,273.0,32300.0,-6.351987838745117,-1.1125596761703491,7.388155937194824
529,274.0,32400.0,-6.351987838745117,-1.1125596761703491,7.388155937194824
530,275.0,32500.0,-6.355003356933594,-1.1078659296035769,7.3862690925598145
531,276.0,32600.0,-6.355003356933594,-1.1078659296035769,7.3862690925598145
532,277.0,32700.0,-6.357105731964111,-1.1116162538528442,7.383894443511963
533,278.0,32800.0,-6.372762203216553,-1.1101266145706177,7.37061071395874
534,279.0,32900.0,-6.372762203216553,-1.1101266145706177,7.37061071395874
535,280.0,33000.0,-6.369410991668701,-1.1402002573013306,7.368916988372803
536,281.0,33100.0,-6.369410991668701,-1.1402002573013306,7.368916988372803
537,282.0,33200.0,-6.369436740875244,-1.1251217126846311,7.371211528778076
538,283.0,33300.0,-6.369436740875244,-1.1251217126846311,7.371211528778076
539,284.0,33400.0,-6.354799270629883,-1.1448776721954346,7.380797863006593
540,270.0,32000.0,-6.352280139923098,-1.0797948837280271,7.392764568328857
541,271.0,32100.0,-6.349182605743407,-1.1039438247680664,7.3918585777282715
542,272.0,32200.0,-6.349182605743407,-1.1039438247680664,7.3918585777282715
543,273.0,32300.0,-6.351987838745117,-1.1125596761703491,7.388155937194824
544,274.0,32400.0,-6.351987838745117,-1.1125596761703491,7.388155937194824
545,275.0,32500.0,-6.355003356933594,-1.1078659296035769,7.3862690925598145
546,276.0,32600.0,-6.355003356933594,-1.1078659296035769,7.3862690925598145
547,277.0,32700.0,-6.357105731964111,-1.1116162538528442,7.383894443511963
548,278.0,32800.0,-6.372762203216553,-1.1101266145706177,7.37061071395874
549,279.0,32900.0,-6.372762203216553,-1.1101266145706177,7.37061071395874
550,280.0,33000.0,-6.369410991668701,-1.1402002573013306,7.368916988372803
551,281.0,33100.0,-6.369410991668701,-1.1402002573013306,7.368916988372803
552,282.0,33200.0,-6.369436740875244,-1.1251217126846311,7.371211528778076
553,283.0,33300.0,-6.369436740875244,-1.1251217126846311,7.371211528778076
554,284.0,33400.0,-6.354799270629883,-1.1448776721954346,7.380797863006593
555,285.0,33500.0,-6.354799270629883,-1.1448776721954346,7.380797863006593
556,286.0,33600.0,-6.369845867156982,-1.1177034378051758,7.371987342834473
557,287.0,33700.0,-6.3530235290527335,-1.1342735290527344,7.383962154388428
558,288.0,33800.0,-6.3530235290527335,-1.1342735290527344,7.383962154388428
559,289.0,33900.0,-6.369142532348633,-1.1377114057540894,7.369534015655518
560,290.0,34000.0,-6.369142532348633,-1.1377114057540894,7.369534015655518
561,291.0,34100.0,-6.365645885467527,-1.16372549533844,7.36849308013916
562,292.0,34200.0,-6.365645885467527,-1.16372549533844,7.36849308013916
563,293.0,34300.0,-6.365589618682861,-1.1360478401184082,7.372859001159668
564,294.0,34400.0,-6.365589618682861,-1.1360478401184082,7.372859001159668
565,295.0,34500.0,-6.336206912994385,-1.1262775659561155,7.3996195793151855
566,296.0,34600.0,-6.323825359344482,-1.1283643245697021,7.409885883331299
567,297.0,34700.0,-6.323825359344482,-1.1283643245697021,7.409885883331299
568,298.0,34800.0,-6.322974681854247,-1.1250571012496948,7.411114692687987
569,299.0,34900.0,-6.322974681854247,-1.1250571012496948,7.411114692687987
570,285.0,33500.0,-6.354799270629883,-1.1448776721954346,7.380797863006593
571,286.0,33600.0,-6.369845867156982,-1.1177034378051758,7.371987342834473
572,287.0,33700.0,-6.3530235290527335,-1.1342735290527344,7.383962154388428
573,288.0,33800.0,-6.3530235290527335,-1.1342735290527344,7.383962154388428
574,289.0,33900.0,-6.369142532348633,-1.1377114057540894,7.369534015655518
575,290.0,34000.0,-6.369142532348633,-1.1377114057540894,7.369534015655518
576,291.0,34100.0,-6.365645885467527,-1.16372549533844,7.36849308013916
577,292.0,34200.0,-6.365645885467527,-1.16372549533844,7.36849308013916
578,293.0,34300.0,-6.365589618682861,-1.1360478401184082,7.372859001159668
579,294.0,34400.0,-6.365589618682861,-1.1360478401184082,7.372859001159668
580,295.0,34500.0,-6.336206912994385,-1.1262775659561155,7.3996195793151855
581,296.0,34600.0,-6.323825359344482,-1.1283643245697021,7.409885883331299
582,297.0,34700.0,-6.323825359344482,-1.1283643245697021,7.409885883331299
583,298.0,34800.0,-6.322974681854247,-1.1250571012496948,7.411114692687987
584,299.0,34900.0,-6.322974681854247,-1.1250571012496948,7.411114692687987
585,300.0,35000.0,-6.323260307312013,-1.1172794103622437,7.412047863006593
586,301.0,35100.0,-6.323260307312013,-1.1172794103622437,7.412047863006593
587,302.0,35200.0,-6.326878070831299,-1.1364221572875977,7.406047821044923
588,303.0,35300.0,-6.326878070831299,-1.1364221572875977,7.406047821044923
589,304.0,35400.0,-6.333528518676758,-1.132752537727356,7.400923252105713
590,305.0,35500.0,-6.334449768066406,-1.1671186685562134,7.394793033599853
591,306.0,35600.0,-6.334449768066406,-1.1671186685562134,7.394793033599853
592,307.0,35700.0,-6.345421314239503,-1.1422584056854248,7.389266490936277
593,308.0,35800.0,-6.345421314239503,-1.1422584056854248,7.389266490936277
594,309.0,35900.0,-6.319705009460449,-1.1582421064376829,7.408791542053223
595,310.0,36000.0,-6.319705009460449,-1.1582421064376829,7.408791542053223
596,311.0,36100.0,-6.350937843322754,-1.1582008600234983,7.3820414543151855
597,312.0,36200.0,-6.350937843322754,-1.1582008600234983,7.3820414543151855
598,313.0,36300.0,-6.367737293243407,-1.1666280031204224,7.366225719451902
599,314.0,36400.0,-6.363990306854247,-1.157676339149475,7.3708744049072275
600,300.0,35000.0,-6.323260307312013,-1.1172794103622437,7.412047863006593
601,301.0,35100.0,-6.323260307312013,-1.1172794103622437,7.412047863006593
602,302.0,35200.0,-6.326878070831299,-1.1364221572875977,7.406047821044923
603,303.0,35300.0,-6.326878070831299,-1.1364221572875977,7.406047821044923
604,304.0,35400.0,-6.333528518676758,-1.132752537727356,7.400923252105713
605,305.0,35500.0,-6.334449768066406,-1.1671186685562134,7.394793033599853
606,306.0,35600.0,-6.334449768066406,-1.1671186685562134,7.394793033599853
607,307.0,35700.0,-6.345421314239503,-1.1422584056854248,7.389266490936277
608,308.0,35800.0,-6.345421314239503,-1.1422584056854248,7.389266490936277
609,309.0,35900.0,-6.319705009460449,-1.1582421064376829,7.408791542053223
610,310.0,36000.0,-6.319705009460449,-1.1582421064376829,7.408791542053223
611,311.0,36100.0,-6.350937843322754,-1.1582008600234983,7.3820414543151855
612,312.0,36200.0,-6.350937843322754,-1.1582008600234983,7.3820414543151855
613,313.0,36300.0,-6.367737293243407,-1.1666280031204224,7.366225719451902
614,314.0,36400.0,-6.363990306854247,-1.157676339149475,7.3708744049072275
615,315.0,36500.0,-6.363990306854247,-1.157676339149475,7.3708744049072275
616,316.0,36600.0,-6.368415355682372,-1.1538889408111572,7.367647171020508
617,317.0,36700.0,-6.368415355682372,-1.1538889408111572,7.367647171020508
618,318.0,36800.0,-6.374195098876952,-1.1580512523651123,7.3619933128356925
619,319.0,36900.0,-6.374195098876952,-1.1580512523651123,7.3619933128356925
620,320.0,37000.0,-6.383014678955077,-1.1533175706863403,7.355091571807861
621,321.0,37100.0,-6.383014678955077,-1.1533175706863403,7.355091571807861
622,322.0,37200.0,-6.3900465965271,-1.1655986309051514,7.347044944763184
623,323.0,37300.0,-6.4034361839294425,-1.1542994976043701,7.337164878845215
624,324.0,37400.0,-6.4034361839294425,-1.1542994976043701,7.337164878845215
625,325.0,37500.0,-6.406228065490723,-1.1619465351104736,7.33351993560791
626,326.0,37600.0,-6.406228065490723,-1.1619465351104736,7.33351993560791
627,327.0,37700.0,-6.414026737213135,-1.14980947971344,7.328613758087157
628,328.0,37800.0,-6.414026737213135,-1.14980947971344,7.328613758087157
629,329.0,37900.0,-6.407769203186035,-1.1643962860107422,7.331784248352051
630,315.0,36500.0,-6.363990306854247,-1.157676339149475,7.3708744049072275
631,316.0,36600.0,-6.368415355682372,-1.1538889408111572,7.367647171020508
632,317.0,36700.0,-6.368415355682372,-1.1538889408111572,7.367647171020508
633,318.0,36800.0,-6.374195098876952,-1.1580512523651123,7.3619933128356925
634,319.0,36900.0,-6.374195098876952,-1.1580512523651123,7.3619933128356925
635,320.0,37000.0,-6.383014678955077,-1.1533175706863403,7.355091571807861
636,321.0,37100.0,-6.383014678955077,-1.1533175706863403,7.355091571807861
637,322.0,37200.0,-6.3900465965271,-1.1655986309051514,7.347044944763184
638,323.0,37300.0,-6.4034361839294425,-1.1542994976043701,7.337164878845215
639,324.0,37400.0,-6.4034361839294425,-1.1542994976043701,7.337164878845215
640,325.0,37500.0,-6.406228065490723,-1.1619465351104736,7.33351993560791
641,326.0,37600.0,-6.406228065490723,-1.1619465351104736,7.33351993560791
642,327.0,37700.0,-6.414026737213135,-1.14980947971344,7.328613758087157
643,328.0,37800.0,-6.414026737213135,-1.14980947971344,7.328613758087157
644,329.0,37900.0,-6.407769203186035,-1.1643962860107422,7.331784248352051
645,330.0,38000.0,-6.407769203186035,-1.1643962860107422,7.331784248352051
646,331.0,38100.0,-6.41112756729126,-1.1470272541046145,7.331586837768555
647,332.0,38200.0,-6.3929123878479,-1.175233244895935,7.343016624450684
648,333.0,38300.0,-6.3929123878479,-1.175233244895935,7.343016624450684
649,334.0,38400.0,-6.408024787902832,-1.15333890914917,7.333308696746826
650,335.0,38500.0,-6.408024787902832,-1.15333890914917,7.333308696746826
651,336.0,38600.0,-6.3924193382263175,-1.1774840354919434,7.343085765838622
652,337.0,38700.0,-6.3924193382263175,-1.1774840354919434,7.343085765838622
653,338.0,38800.0,-6.409895420074463,-1.1645245552062988,7.329905033111572
654,339.0,38900.0,-6.409895420074463,-1.1645245552062988,7.329905033111572
655,340.0,39000.0,-6.39748477935791,-1.1255682706832886,7.346814155578612
656,341.0,39100.0,-6.415250778198242,-1.1631810665130615,7.325432300567628
657,342.0,39200.0,-6.415250778198242,-1.1631810665130615,7.325432300567628
658,343.0,39300.0,-6.421124458312987,-1.1562360525131226,7.3213844299316415
659,344.0,39400.0,-6.421124458312987,-1.1562360525131226,7.3213844299316415
660,330.0,38000.0,-6.407769203186035,-1.1643962860107422,7.331784248352051
661,331.0,38100.0,-6.41112756729126,-1.1470272541046145,7.331586837768555
662,332.0,38200.0,-6.3929123878479,-1.175233244895935,7.343016624450684
663,333.0,38300.0,-6.3929123878479,-1.175233244895935,7.343016624450684
664,334.0,38400.0,-6.408024787902832,-1.15333890914917,7.333308696746826
665,335.0,38500.0,-6.408024787902832,-1.15333890914917,7.333308696746826
666,336.0,38600.0,-6.3924193382263175,-1.1774840354919434,7.343085765838622
667,337.0,38700.0,-6.3924193382263175,-1.1774840354919434,7.343085765838622
668,338.0,38800.0,-6.409895420074463,-1.1645245552062988,7.329905033111572
669,339.0,38900.0,-6.409895420074463,-1.1645245552062988,7.329905033111572
670,340.0,39000.0,-6.39748477935791,-1.1255682706832886,7.346814155578612
671,341.0,39100.0,-6.415250778198242,-1.1631810665130615,7.325432300567628
672,342.0,39200.0,-6.415250778198242,-1.1631810665130615,7.325432300567628
673,343.0,39300.0,-6.421124458312987,-1.1562360525131226,7.3213844299316415
674,344.0,39400.0,-6.421124458312987,-1.1562360525131226,7.3213844299316415
675,345.0,39500.0,-6.424317836761475,-1.1329431533813477,7.322224140167236
676,346.0,39600.0,-6.424317836761475,-1.1329431533813477,7.322224140167236
677,347.0,39700.0,-6.402510166168213,-1.131736159324646,7.34148645401001
678,348.0,39800.0,-6.402510166168213,-1.131736159324646,7.34148645401001
679,349.0,39900.0,-6.402754783630371,-1.1109689474105835,7.3444437980651855
680,350.0,40000.0,-6.396711826324463,-1.117626070976257,7.3486995697021475
681,351.0,40100.0,-6.396711826324463,-1.117626070976257,7.3486995697021475
682,352.0,40200.0,-6.395228385925293,-1.1220494508743286,7.349316596984862
683,353.0,40300.0,-6.395228385925293,-1.1220494508743286,7.349316596984862
684,354.0,40400.0,-6.388036251068115,-1.1394821405410769,7.35288667678833
685,355.0,40500.0,-6.388036251068115,-1.1394821405410769,7.35288667678833
686,356.0,40600.0,-6.386308670043945,-1.1174161434173584,7.357774257659912
687,357.0,40700.0,-6.386308670043945,-1.1174161434173584,7.357774257659912
688,358.0,40800.0,-6.374508380889893,-1.147654414176941,7.363349437713622
689,359.0,40900.0,-6.382915496826173,-1.1276274919509888,7.35915994644165
690,345.0,39500.0,-6.424317836761475,-1.1329431533813477,7.322224140167236
691,346.0,39600.0,-6.424317836761475,-1.1329431533813477,7.322224140167236
692,347.0,39700.0,-6.402510166168213,-1.131736159324646,7.34148645401001
693,348.0,39800.0,-6.402510166168213,-1.131736159324646,7.34148645401001
694,349.0,39900.0,-6.402754783630371,-1.1109689474105835,7.3444437980651855
695,350.0,40000.0,-6.396711826324463,-1.117626070976257,7.3486995697021475
696,351.0,40100.0,-6.396711826324463,-1.117626070976257,7.3486995697021475
697,352.0,40200.0,-6.395228385925293,-1.1220494508743286,7.349316596984862
698,353.0,40300.0,-6.395228385925293,-1.1220494508743286,7.349316596984862
699,354.0,40400.0,-6.388036251068115,-1.1394821405410769,7.35288667678833
700,355.0,40500.0,-6.388036251068115,-1.1394821405410769,7.35288667678833
701,356.0,40600.0,-6.386308670043945,-1.1174161434173584,7.357774257659912
702,357.0,40700.0,-6.386308670043945,-1.1174161434173584,7.357774257659912
703,358.0,40800.0,-6.374508380889893,-1.147654414176941,7.363349437713622
704,359.0,40900.0,-6.382915496826173,-1.1276274919509888,7.35915994644165
705,360.0,41000.0,-6.382915496826173,-1.1276274919509888,7.35915994644165
706,361.0,41100.0,-6.377292156219482,-1.1233168840408323,7.364691734313965
707,362.0,41200.0,-6.377292156219482,-1.1233168840408323,7.364691734313965
708,363.0,41300.0,-6.385494709014893,-1.10318922996521,7.360626697540282
709,364.0,41400.0,-6.385494709014893,-1.10318922996521,7.360626697540282
710,365.0,41500.0,-6.372012138366699,-1.1079574823379517,7.371586322784424
711,366.0,41600.0,-6.372012138366699,-1.1079574823379517,7.371586322784424
712,367.0,41700.0,-6.3683834075927725,-1.074955940246582,7.379602909088135
713,368.0,41800.0,-6.3427772521972665,-1.0808814764022827,7.400760173797607
714,369.0,41900.0,-6.3427772521972665,-1.0808814764022827,7.400760173797607
715,370.0,42000.0,-6.348860740661621,-1.0826237201690674,7.39528751373291
716,371.0,42100.0,-6.348860740661621,-1.0826237201690674,7.39528751373291
717,372.0,42200.0,-6.3375396728515625,-1.0852882862091064,7.40460205078125
718,373.0,42300.0,-6.3375396728515625,-1.0852882862091064,7.40460205078125
719,374.0,42400.0,-6.324382781982423,-1.0602955818176272,7.419456958770753
720,360.0,41000.0,-6.382915496826173,-1.1276274919509888,7.35915994644165
721,361.0,41100.0,-6.377292156219482,-1.1233168840408323,7.364691734313965
722,362.0,41200.0,-6.377292156219482,-1.1233168840408323,7.364691734313965
723,363.0,41300.0,-6.385494709014893,-1.10318922996521,7.360626697540282
724,364.0,41400.0,-6.385494709014893,-1.10318922996521,7.360626697540282
725,365.0,41500.0,-6.372012138366699,-1.1079574823379517,7.371586322784424
726,366.0,41600.0,-6.372012138366699,-1.1079574823379517,7.371586322784424
727,367.0,41700.0,-6.3683834075927725,-1.074955940246582,7.379602909088135
728,368.0,41800.0,-6.3427772521972665,-1.0808814764022827,7.400760173797607
729,369.0,41900.0,-6.3427772521972665,-1.0808814764022827,7.400760173797607
730,370.0,42000.0,-6.348860740661621,-1.0826237201690674,7.39528751373291
731,371.0,42100.0,-6.348860740661621,-1.0826237201690674,7.39528751373291
732,372.0,42200.0,-6.3375396728515625,-1.0852882862091064,7.40460205078125
733,373.0,42300.0,-6.3375396728515625,-1.0852882862091064,7.40460205078125
734,374.0,42400.0,-6.324382781982423,-1.0602955818176272,7.419456958770753
735,375.0,42500.0,-6.324382781982423,-1.0602955818176272,7.419456958770753
736,376.0,42600.0,-6.3046135902404785,-1.0690385103225708,7.435011386871338
737,377.0,42700.0,-6.316558837890625,-1.059531569480896,7.426228523254394
738,378.0,42800.0,-6.316558837890625,-1.059531569480896,7.426228523254394
739,379.0,42900.0,-6.325819969177246,-1.0619173049926758,7.417999744415282
740,380.0,43000.0,-6.325819969177246,-1.0619173049926758,7.417999744415282
741,381.0,43100.0,-6.332541942596436,-1.0712591409683228,7.41091775894165
742,382.0,43200.0,-6.332541942596436,-1.0712591409683228,7.41091775894165
743,383.0,43300.0,-6.358766078948975,-1.0557135343551636,7.390666484832764
744,384.0,43400.0,-6.358766078948975,-1.0557135343551636,7.390666484832764
745,385.0,43500.0,-6.358285427093506,-1.0672388076782229,7.3894243240356445
746,386.0,43600.0,-6.36639404296875,-1.0469485521316528,7.385345458984375
747,387.0,43700.0,-6.36639404296875,-1.0469485521316528,7.385345458984375
748,388.0,43800.0,-6.3610734939575195,-1.0505728721618652,7.389413833618164
749,389.0,43900.0,-6.3610734939575195,-1.0505728721618652,7.389413833618164
750,375.0,42500.0,-6.324382781982423,-1.0602955818176272,7.419456958770753
751,376.0,42600.0,-6.3046135902404785,-1.0690385103225708,7.435011386871338
752,377.0,42700.0,-6.316558837890625,-1.059531569480896,7.426228523254394
753,378.0,42800.0,-6.316558837890625,-1.059531569480896,7.426228523254394
754,379.0,42900.0,-6.325819969177246,-1.0619173049926758,7.417999744415282
755,380.0,43000.0,-6.325819969177246,-1.0619173049926758,7.417999744415282
756,381.0,43100.0,-6.332541942596436,-1.0712591409683228,7.41091775894165
757,382.0,43200.0,-6.332541942596436,-1.0712591409683228,7.41091775894165
758,383.0,43300.0,-6.358766078948975,-1.0557135343551636,7.390666484832764
759,384.0,43400.0,-6.358766078948975,-1.0557135343551636,7.390666484832764
760,385.0,43500.0,-6.358285427093506,-1.0672388076782229,7.3894243240356445
761,386.0,43600.0,-6.36639404296875,-1.0469485521316528,7.385345458984375
762,387.0,43700.0,-6.36639404296875,-1.0469485521316528,7.385345458984375
763,388.0,43800.0,-6.3610734939575195,-1.0505728721618652,7.389413833618164
764,389.0,43900.0,-6.3610734939575195,-1.0505728721618652,7.389413833618164
765,390.0,44000.0,-6.367464542388916,-1.0493351221084597,7.384082794189452
766,391.0,44100.0,-6.367464542388916,-1.0493351221084597,7.384082794189452
767,392.0,44200.0,-6.367467880249023,-1.0304121971130369,7.386744022369385
768,393.0,44300.0,-6.367467880249023,-1.0304121971130369,7.386744022369385
769,394.0,44400.0,-6.353844165802003,-1.0636346340179443,7.3937625885009775
770,395.0,44500.0,-6.392851829528809,-0.9869328141212464,7.370739459991455
771,396.0,44600.0,-6.392851829528809,-0.9869328141212464,7.370739459991455
772,397.0,44700.0,-6.3513641357421875,-1.0146137475967407,7.402778148651122
773,398.0,44800.0,-6.3513641357421875,-1.0146137475967407,7.402778148651122
774,399.0,44900.0,-6.3887577056884775,-1.0168827772140503,7.370218276977539
775,400.0,45000.0,-6.3887577056884775,-1.0168827772140503,7.370218276977539
776,401.0,45100.0,-6.4077186584472665,-1.0057442188262942,7.3552703857421875
777,402.0,45200.0,-6.4077186584472665,-1.0057442188262942,7.3552703857421875
778,403.0,45300.0,-6.41392707824707,-1.0212521553039549,7.347718715667725
779,404.0,45400.0,-6.416848659515381,-1.0223898887634275,7.3450093269348145
780,390.0,44000.0,-6.367464542388916,-1.0493351221084597,7.384082794189452
781,391.0,44100.0,-6.367464542388916,-1.0493351221084597,7.384082794189452
782,392.0,44200.0,-6.367467880249023,-1.0304121971130369,7.386744022369385
783,393.0,44300.0,-6.367467880249023,-1.0304121971130369,7.386744022369385
784,394.0,44400.0,-6.353844165802003,-1.0636346340179443,7.3937625885009775
785,395.0,44500.0,-6.392851829528809,-0.9869328141212464,7.370739459991455
786,396.0,44600.0,-6.392851829528809,-0.9869328141212464,7.370739459991455
787,397.0,44700.0,-6.3513641357421875,-1.0146137475967407,7.402778148651122
788,398.0,44800.0,-6.3513641357421875,-1.0146137475967407,7.402778148651122
789,399.0,44900.0,-6.3887577056884775,-1.0168827772140503,7.370218276977539
790,400.0,45000.0,-6.3887577056884775,-1.0168827772140503,7.370218276977539
791,401.0,45100.0,-6.4077186584472665,-1.0057442188262942,7.3552703857421875
792,402.0,45200.0,-6.4077186584472665,-1.0057442188262942,7.3552703857421875
793,403.0,45300.0,-6.41392707824707,-1.0212521553039549,7.347718715667725
794,404.0,45400.0,-6.416848659515381,-1.0223898887634275,7.3450093269348145
795,405.0,45500.0,-6.416848659515381,-1.0223898887634275,7.3450093269348145
796,406.0,45600.0,-6.416186809539795,-1.0163693428039549,7.34642219543457
797,407.0,45700.0,-6.416186809539795,-1.0163693428039549,7.34642219543457
798,408.0,45800.0,-6.405183792114258,-1.0101099014282229,7.356880187988281
799,409.0,45900.0,-6.405183792114258,-1.0101099014282229,7.356880187988281
800,410.0,46000.0,-6.408614158630371,-1.0169743299484253,7.3529462814331055
801,411.0,46100.0,-6.408614158630371,-1.0169743299484253,7.3529462814331055
802,412.0,46200.0,-6.417441368103027,-0.9861834049224854,7.349440574645996
803,413.0,46300.0,-6.4042158126831055,-0.9923305511474608,7.360141277313232
804,414.0,46400.0,-6.4042158126831055,-0.9923305511474608,7.360141277313232
805,415.0,46500.0,-6.401191234588622,-0.998179852962494,7.3619818687438965
806,416.0,46600.0,-6.401191234588622,-0.998179852962494,7.3619818687438965
807,417.0,46700.0,-6.3999671936035165,-1.0023009777069092,7.362485885620117
808,418.0,46800.0,-6.3999671936035165,-1.0023009777069092,7.362485885620117
809,419.0,46900.0,-6.398026943206787,-0.971688449382782,7.368273735046388
810,405.0,45500.0,-6.416848659515381,-1.0223898887634275,7.3450093269348145
811,406.0,45600.0,-6.416186809539795,-1.0163693428039549,7.34642219543457
812,407.0,45700.0,-6.416186809539795,-1.0163693428039549,7.34642219543457
813,408.0,45800.0,-6.405183792114258,-1.0101099014282229,7.356880187988281
814,409.0,45900.0,-6.405183792114258,-1.0101099014282229,7.356880187988281
815,410.0,46000.0,-6.408614158630371,-1.0169743299484253,7.3529462814331055
816,411.0,46100.0,-6.408614158630371,-1.0169743299484253,7.3529462814331055
817,412.0,46200.0,-6.417441368103027,-0.9861834049224854,7.349440574645996
818,413.0,46300.0,-6.4042158126831055,-0.9923305511474608,7.360141277313232
819,414.0,46400.0,-6.4042158126831055,-0.9923305511474608,7.360141277313232
820,415.0,46500.0,-6.401191234588622,-0.998179852962494,7.3619818687438965
821,416.0,46600.0,-6.401191234588622,-0.998179852962494,7.3619818687438965
822,417.0,46700.0,-6.3999671936035165,-1.0023009777069092,7.362485885620117
823,418.0,46800.0,-6.3999671936035165,-1.0023009777069092,7.362485885620117
824,419.0,46900.0,-6.398026943206787,-0.971688449382782,7.368273735046388
825,420.0,47000.0,-6.398026943206787,-0.971688449382782,7.368273735046388
826,421.0,47100.0,-6.376579761505128,-0.9801815748214722,7.385720729827881
827,422.0,47200.0,-6.376579761505128,-0.9801815748214722,7.385720729827881
828,423.0,47300.0,-6.3770904541015625,-0.9637085795402528,7.387446880340576
829,424.0,47400.0,-6.397488117218018,-0.956024169921875,7.370790004730225
830,425.0,47500.0,-6.397488117218018,-0.956024169921875,7.370790004730225
831,426.0,47600.0,-6.391392707824707,-0.9566057324409484,7.3760013580322275
832,427.0,47700.0,-6.391392707824707,-0.9566057324409484,7.3760013580322275
833,428.0,47800.0,-6.383523941040039,-0.9602274298667908,7.382341861724853
834,429.0,47900.0,-6.383523941040039,-0.9602274298667908,7.382341861724853
835,430.0,48000.0,-6.382114410400392,-0.96404230594635,7.383063316345215
836,431.0,48100.0,-6.382114410400392,-0.96404230594635,7.383063316345215
837,432.0,48200.0,-6.379141330718994,-0.9716092348098756,7.384641170501709
838,433.0,48300.0,-6.397491455078125,-0.9668834209442142,7.369370460510254
839,434.0,48400.0,-6.397491455078125,-0.9668834209442142,7.369370460510254
840,420.0,47000.0,-6.398026943206787,-0.971688449382782,7.368273735046388
841,421.0,47100.0,-6.376579761505128,-0.9801815748214722,7.385720729827881
842,422.0,47200.0,-6.376579761505128,-0.9801815748214722,7.385720729827881
843,423.0,47300.0,-6.3770904541015625,-0.9637085795402528,7.387446880340576
844,424.0,47400.0,-6.397488117218018,-0.956024169921875,7.370790004730225
845,425.0,47500.0,-6.397488117218018,-0.956024169921875,7.370790004730225
846,426.0,47600.0,-6.391392707824707,-0.9566057324409484,7.3760013580322275
847,427.0,47700.0,-6.391392707824707,-0.9566057324409484,7.3760013580322275
848,428.0,47800.0,-6.383523941040039,-0.9602274298667908,7.382341861724853
849,429.0,47900.0,-6.383523941040039,-0.9602274298667908,7.382341861724853
850,430.0,48000.0,-6.382114410400392,-0.96404230594635,7.383063316345215
851,431.0,48100.0,-6.382114410400392,-0.96404230594635,7.383063316345215
852,432.0,48200.0,-6.379141330718994,-0.9716092348098756,7.384641170501709
853,433.0,48300.0,-6.397491455078125,-0.9668834209442142,7.369370460510254
854,434.0,48400.0,-6.397491455078125,-0.9668834209442142,7.369370460510254
855,435.0,48500.0,-6.393359184265138,-0.973078727722168,7.372140884399414
856,436.0,48600.0,-6.393359184265138,-0.973078727722168,7.372140884399414
857,437.0,48700.0,-6.3898987770080575,-0.9447525143623352,7.378823280334473
858,438.0,48800.0,-6.3898987770080575,-0.9447525143623352,7.378823280334473
859,439.0,48900.0,-6.378836154937744,-0.9625649452209472,7.3860883712768555
860,440.0,49000.0,-6.378836154937744,-0.9625649452209472,7.3860883712768555
861,441.0,49100.0,-6.383776664733888,-0.9738166928291321,7.380342960357666
862,442.0,49200.0,-6.3982391357421875,-0.9623171091079712,7.369318962097168
863,443.0,49300.0,-6.3982391357421875,-0.9623171091079712,7.369318962097168
864,444.0,49400.0,-6.389041900634767,-0.9761556386947632,7.375477313995361
865,445.0,49500.0,-6.389041900634767,-0.9761556386947632,7.375477313995361
866,446.0,49600.0,-6.404991626739503,-0.971022367477417,7.362308979034424
867,447.0,49700.0,-6.404991626739503,-0.971022367477417,7.362308979034424
868,448.0,49800.0,-6.420372009277344,-0.9687968492507936,7.349193096160889
869,449.0,49900.0,-6.420372009277344,-0.9687968492507936,7.349193096160889
870,435.0,48500.0,-6.393359184265138,-0.973078727722168,7.372140884399414
871,436.0,48600.0,-6.393359184265138,-0.973078727722168,7.372140884399414
872,437.0,48700.0,-6.3898987770080575,-0.9447525143623352,7.378823280334473
873,438.0,48800.0,-6.3898987770080575,-0.9447525143623352,7.378823280334473
874,439.0,48900.0,-6.378836154937744,-0.9625649452209472,7.3860883712768555
875,440.0,49000.0,-6.378836154937744,-0.9625649452209472,7.3860883712768555
876,441.0,49100.0,-6.383776664733888,-0.9738166928291321,7.380342960357666
877,442.0,49200.0,-6.3982391357421875,-0.9623171091079712,7.369318962097168
878,443.0,49300.0,-6.3982391357421875,-0.9623171091079712,7.369318962097168
879,444.0,49400.0,-6.389041900634767,-0.9761556386947632,7.375477313995361
880,445.0,49500.0,-6.389041900634767,-0.9761556386947632,7.375477313995361
881,446.0,49600.0,-6.404991626739503,-0.971022367477417,7.362308979034424
882,447.0,49700.0,-6.404991626739503,-0.971022367477417,7.362308979034424
883,448.0,49800.0,-6.420372009277344,-0.9687968492507936,7.349193096160889
884,449.0,49900.0,-6.420372009277344,-0.9687968492507936,7.349193096160889
885,450.0,50000.0,-6.433248996734619,-0.9738842248916626,7.337250709533691
886,451.0,50100.0,-6.4406256675720215,-0.9667369723320008,7.331721782684326
887,452.0,50200.0,-6.4406256675720215,-0.9667369723320008,7.331721782684326
888,453.0,50300.0,-6.443864345550537,-0.9869970679283142,7.326174736022949
889,454.0,50400.0,-6.443864345550537,-0.9869970679283142,7.326174736022949
890,455.0,50500.0,-6.443753242492676,-0.9678907990455629,7.3288207054138175
891,456.0,50600.0,-6.443753242492676,-0.9678907990455629,7.3288207054138175
892,457.0,50700.0,-6.42836856842041,-0.968328893184662,7.342261791229247
893,458.0,50800.0,-6.42836856842041,-0.968328893184662,7.342261791229247
894,459.0,50900.0,-6.414583206176758,-0.9886305332183838,7.351607322692871
895,460.0,51000.0,-6.413953304290772,-1.007659912109375,7.349571228027344
896,461.0,51100.0,-6.413953304290772,-1.007659912109375,7.349571228027344
897,462.0,51200.0,-6.4616026878356925,-1.0107359886169434,7.307290554046631
898,463.0,51300.0,-6.4616026878356925,-1.0107359886169434,7.307290554046631
899,464.0,51400.0,-6.408622741699219,-1.0481605529785156,7.348557949066162
900,450.0,50000.0,-6.433248996734619,-0.9738842248916626,7.337250709533691
901,451.0,50100.0,-6.4406256675720215,-0.9667369723320008,7.331721782684326
902,452.0,50200.0,-6.4406256675720215,-0.9667369723320008,7.331721782684326
903,453.0,50300.0,-6.443864345550537,-0.9869970679283142,7.326174736022949
904,454.0,50400.0,-6.443864345550537,-0.9869970679283142,7.326174736022949
905,455.0,50500.0,-6.443753242492676,-0.9678907990455629,7.3288207054138175
906,456.0,50600.0,-6.443753242492676,-0.9678907990455629,7.3288207054138175
907,457.0,50700.0,-6.42836856842041,-0.968328893184662,7.342261791229247
908,458.0,50800.0,-6.42836856842041,-0.968328893184662,7.342261791229247
909,459.0,50900.0,-6.414583206176758,-0.9886305332183838,7.351607322692871
910,460.0,51000.0,-6.413953304290772,-1.007659912109375,7.349571228027344
911,461.0,51100.0,-6.413953304290772,-1.007659912109375,7.349571228027344
912,462.0,51200.0,-6.4616026878356925,-1.0107359886169434,7.307290554046631
913,463.0,51300.0,-6.4616026878356925,-1.0107359886169434,7.307290554046631
914,464.0,51400.0,-6.408622741699219,-1.0481605529785156,7.348557949066162
915,465.0,51500.0,-6.408622741699219,-1.0481605529785156,7.348557949066162
916,466.0,51600.0,-6.40541934967041,-1.0317045450210571,7.353677749633789
917,467.0,51700.0,-6.40541934967041,-1.0317045450210571,7.353677749633789
918,468.0,51800.0,-6.402965068817139,-1.0708552598953247,7.350217819213867
919,469.0,51900.0,-6.410274028778076,-1.0542895793914795,7.346240997314452
920,470.0,52000.0,-6.410274028778076,-1.0542895793914795,7.346240997314452
921,471.0,52100.0,-6.402058124542236,-1.0502052307128906,7.353986740112305
922,472.0,52200.0,-6.402058124542236,-1.0502052307128906,7.353986740112305
923,473.0,52300.0,-6.419373989105225,-1.0370742082595823,7.340743541717527
924,474.0,52400.0,-6.419373989105225,-1.0370742082595823,7.340743541717527
925,475.0,52500.0,-6.406440258026122,-1.0420149564743042,7.351335048675537
926,476.0,52600.0,-6.406440258026122,-1.0420149564743042,7.351335048675537
927,477.0,52700.0,-6.400277614593506,-1.0505621433258057,7.355485439300537
928,478.0,52800.0,-6.402420997619629,-1.0527224540710451,7.353310585021973
929,479.0,52900.0,-6.402420997619629,-1.0527224540710451,7.353310585021973
930,465.0,51500.0,-6.408622741699219,-1.0481605529785156,7.348557949066162
931,466.0,51600.0,-6.40541934967041,-1.0317045450210571,7.353677749633789
932,467.0,51700.0,-6.40541934967041,-1.0317045450210571,7.353677749633789
933,468.0,51800.0,-6.402965068817139,-1.0708552598953247,7.350217819213867
934,469.0,51900.0,-6.410274028778076,-1.0542895793914795,7.346240997314452
935,470.0,52000.0,-6.410274028778076,-1.0542895793914795,7.346240997314452
936,471.0,52100.0,-6.402058124542236,-1.0502052307128906,7.353986740112305
937,472.0,52200.0,-6.402058124542236,-1.0502052307128906,7.353986740112305
938,473.0,52300.0,-6.419373989105225,-1.0370742082595823,7.340743541717527
939,474.0,52400.0,-6.419373989105225,-1.0370742082595823,7.340743541717527
940,475.0,52500.0,-6.406440258026122,-1.0420149564743042,7.351335048675537
941,476.0,52600.0,-6.406440258026122,-1.0420149564743042,7.351335048675537
942,477.0,52700.0,-6.400277614593506,-1.0505621433258057,7.355485439300537
943,478.0,52800.0,-6.402420997619629,-1.0527224540710451,7.353310585021973
944,479.0,52900.0,-6.402420997619629,-1.0527224540710451,7.353310585021973
945,480.0,53000.0,-6.394460201263428,-1.0320639610290527,7.3631591796875
946,481.0,53100.0,-6.394460201263428,-1.0320639610290527,7.3631591796875
947,482.0,53200.0,-6.405503273010254,-1.0314371585845947,7.353643417358397
948,483.0,53300.0,-6.405503273010254,-1.0314371585845947,7.353643417358397
949,484.0,53400.0,-6.394944190979004,-1.039414405822754,7.3617048263549805
950,485.0,53500.0,-6.394944190979004,-1.039414405822754,7.3617048263549805
951,486.0,53600.0,-6.415525436401367,-1.0031290054321291,7.348819732666016
952,487.0,53700.0,-6.386558532714844,-0.9941682815551758,7.375221252441406
953,488.0,53800.0,-6.386558532714844,-0.9941682815551758,7.375221252441406
954,489.0,53900.0,-6.363598346710205,-0.9905825257301332,7.395522594451902
955,490.0,54000.0,-6.363598346710205,-0.9905825257301332,7.395522594451902
956,491.0,54100.0,-6.359556198120117,-0.9941481351852416,7.398519992828369
957,492.0,54200.0,-6.359556198120117,-0.9941481351852416,7.398519992828369
958,493.0,54300.0,-6.360747337341309,-0.9947612881660458,7.39741325378418
959,494.0,54400.0,-6.360747337341309,-0.9947612881660458,7.39741325378418
960,480.0,53000.0,-6.394460201263428,-1.0320639610290527,7.3631591796875
961,481.0,53100.0,-6.394460201263428,-1.0320639610290527,7.3631591796875
962,482.0,53200.0,-6.405503273010254,-1.0314371585845947,7.353643417358397
963,483.0,53300.0,-6.405503273010254,-1.0314371585845947,7.353643417358397
964,484.0,53400.0,-6.394944190979004,-1.039414405822754,7.3617048263549805
965,485.0,53500.0,-6.394944190979004,-1.039414405822754,7.3617048263549805
966,486.0,53600.0,-6.415525436401367,-1.0031290054321291,7.348819732666016
967,487.0,53700.0,-6.386558532714844,-0.9941682815551758,7.375221252441406
968,488.0,53800.0,-6.386558532714844,-0.9941682815551758,7.375221252441406
969,489.0,53900.0,-6.363598346710205,-0.9905825257301332,7.395522594451902
970,490.0,54000.0,-6.363598346710205,-0.9905825257301332,7.395522594451902
971,491.0,54100.0,-6.359556198120117,-0.9941481351852416,7.398519992828369
972,492.0,54200.0,-6.359556198120117,-0.9941481351852416,7.398519992828369
973,493.0,54300.0,-6.360747337341309,-0.9947612881660458,7.39741325378418
974,494.0,54400.0,-6.360747337341309,-0.9947612881660458,7.39741325378418
975,495.0,54500.0,-6.365690231323242,-1.003220796585083,7.392017841339111
976,496.0,54600.0,-6.387136459350586,-0.9923866391181946,7.374960899353027
977,497.0,54700.0,-6.387136459350586,-0.9923866391181946,7.374960899353027
978,498.0,54800.0,-6.3780455589294425,-1.0025193691253662,7.381455421447754
979,499.0,54900.0,-6.3780455589294425,-1.0025193691253662,7.381455421447754
980,500.0,55000.0,-6.3750834465026855,-1.0271239280700684,7.380631923675537
981,501.0,55100.0,-6.3750834465026855,-1.0271239280700684,7.380631923675537
982,502.0,55200.0,-6.377452850341798,-1.0279732942581177,7.37846565246582
983,503.0,55300.0,-6.377452850341798,-1.0279732942581177,7.37846565246582
984,504.0,55400.0,-6.374366760253906,-1.0206304788589478,7.3821516036987305
985,505.0,55500.0,-6.370257377624513,-1.0208855867385864,7.385661602020264
986,506.0,55600.0,-6.370257377624513,-1.0208855867385864,7.385661602020264
987,507.0,55700.0,-6.364939689636231,-1.0109153985977173,7.391615390777588
988,508.0,55800.0,-6.364939689636231,-1.0109153985977173,7.391615390777588
989,509.0,55900.0,-6.367990970611572,-0.9972829222679138,7.390839099884032
990,495.0,54500.0,-6.365690231323242,-1.003220796585083,7.392017841339111
991,496.0,54600.0,-6.387136459350586,-0.9923866391181946,7.374960899353027
992,497.0,54700.0,-6.387136459350586,-0.9923866391181946,7.374960899353027
993,498.0,54800.0,-6.3780455589294425,-1.0025193691253662,7.381455421447754
994,499.0,54900.0,-6.3780455589294425,-1.0025193691253662,7.381455421447754
995,500.0,55000.0,-6.3750834465026855,-1.0271239280700684,7.380631923675537
996,501.0,55100.0,-6.3750834465026855,-1.0271239280700684,7.380631923675537
997,502.0,55200.0,-6.377452850341798,-1.0279732942581177,7.37846565246582
998,503.0,55300.0,-6.377452850341798,-1.0279732942581177,7.37846565246582
999,504.0,55400.0,-6.374366760253906,-1.0206304788589478,7.3821516036987305
1000,505.0,55500.0,-6.370257377624513,-1.0208855867385864,7.385661602020264
1001,506.0,55600.0,-6.370257377624513,-1.0208855867385864,7.385661602020264
1002,507.0,55700.0,-6.364939689636231,-1.0109153985977173,7.391615390777588
1003,508.0,55800.0,-6.364939689636231,-1.0109153985977173,7.391615390777588
1004,509.0,55900.0,-6.367990970611572,-0.9972829222679138,7.390839099884032
1005,510.0,56000.0,-6.367990970611572,-0.9972829222679138,7.390839099884032
1006,511.0,56100.0,-6.358121871948242,-1.0180323123931885,7.396504878997803
1007,512.0,56200.0,-6.358121871948242,-1.0180323123931885,7.396504878997803
1008,513.0,56300.0,-6.3625969886779785,-1.043253779411316,7.389138698577881
1009,514.0,56400.0,-6.381678104400635,-1.0562541484832764,7.370814323425293
1010,515.0,56500.0,-6.381678104400635,-1.0562541484832764,7.370814323425293
1011,516.0,56600.0,-6.383026123046875,-1.0842907428741455,7.365574359893799
1012,517.0,56700.0,-6.383026123046875,-1.0842907428741455,7.365574359893799
1013,518.0,56800.0,-6.388705253601074,-1.1051509380340576,7.357545375823975
1014,519.0,56900.0,-6.388705253601074,-1.1051509380340576,7.357545375823975
1015,520.0,57000.0,-6.394488334655763,-1.091908574104309,7.3544979095458975
1016,521.0,57100.0,-6.394488334655763,-1.091908574104309,7.3544979095458975
1017,522.0,57200.0,-6.375217914581299,-1.0920321941375732,7.371190547943115
1018,523.0,57300.0,-6.3611040115356445,-1.0610632896423342,7.387887954711914
1019,524.0,57400.0,-6.3611040115356445,-1.0610632896423342,7.387887954711914
1020,510.0,56000.0,-6.367990970611572,-0.9972829222679138,7.390839099884032
1021,511.0,56100.0,-6.358121871948242,-1.0180323123931885,7.396504878997803
1022,512.0,56200.0,-6.358121871948242,-1.0180323123931885,7.396504878997803
1023,513.0,56300.0,-6.3625969886779785,-1.043253779411316,7.389138698577881
1024,514.0,56400.0,-6.381678104400635,-1.0562541484832764,7.370814323425293
1025,515.0,56500.0,-6.381678104400635,-1.0562541484832764,7.370814323425293
1026,516.0,56600.0,-6.383026123046875,-1.0842907428741455,7.365574359893799
1027,517.0,56700.0,-6.383026123046875,-1.0842907428741455,7.365574359893799
1028,518.0,56800.0,-6.388705253601074,-1.1051509380340576,7.357545375823975
1029,519.0,56900.0,-6.388705253601074,-1.1051509380340576,7.357545375823975
1030,520.0,57000.0,-6.394488334655763,-1.091908574104309,7.3544979095458975
1031,521.0,57100.0,-6.394488334655763,-1.091908574104309,7.3544979095458975
1032,522.0,57200.0,-6.375217914581299,-1.0920321941375732,7.371190547943115
1033,523.0,57300.0,-6.3611040115356445,-1.0610632896423342,7.387887954711914
1034,524.0,57400.0,-6.3611040115356445,-1.0610632896423342,7.387887954711914
1035,525.0,57500.0,-6.350183963775635,-1.0453159809112549,7.3995184898376465
1036,526.0,57600.0,-6.350183963775635,-1.0453159809112549,7.3995184898376465
1037,527.0,57700.0,-6.355792045593263,-1.0338497161865234,7.396313190460205
1038,528.0,57800.0,-6.355792045593263,-1.0338497161865234,7.396313190460205
1039,529.0,57900.0,-6.3499183654785165,-1.0517486333847046,7.398833751678468
1040,530.0,58000.0,-6.3499183654785165,-1.0517486333847046,7.398833751678468
1041,531.0,58100.0,-6.358045101165772,-1.0296397209167478,7.39496374130249
1042,532.0,58200.0,-6.347445011138916,-1.03796124458313,7.402903079986572
1043,533.0,58300.0,-6.347445011138916,-1.03796124458313,7.402903079986572
1044,534.0,58400.0,-6.357973098754883,-1.0217241048812866,7.39612340927124
1045,535.0,58500.0,-6.357973098754883,-1.0217241048812866,7.39612340927124
1046,536.0,58600.0,-6.352478981018066,-1.0320105552673342,7.399415969848633
1047,537.0,58700.0,-6.352478981018066,-1.0320105552673342,7.399415969848633
1048,538.0,58800.0,-6.358044624328612,-1.0366727113723757,7.393981456756593
1049,539.0,58900.0,-6.358044624328612,-1.0366727113723757,7.393981456756593
1050,525.0,57500.0,-6.350183963775635,-1.0453159809112549,7.3995184898376465
1051,526.0,57600.0,-6.350183963775635,-1.0453159809112549,7.3995184898376465
1052,527.0,57700.0,-6.355792045593263,-1.0338497161865234,7.396313190460205
1053,528.0,57800.0,-6.355792045593263,-1.0338497161865234,7.396313190460205
1054,529.0,57900.0,-6.3499183654785165,-1.0517486333847046,7.398833751678468
1055,530.0,58000.0,-6.3499183654785165,-1.0517486333847046,7.398833751678468
1056,531.0,58100.0,-6.358045101165772,-1.0296397209167478,7.39496374130249
1057,532.0,58200.0,-6.347445011138916,-1.03796124458313,7.402903079986572
1058,533.0,58300.0,-6.347445011138916,-1.03796124458313,7.402903079986572
1059,534.0,58400.0,-6.357973098754883,-1.0217241048812866,7.39612340927124
1060,535.0,58500.0,-6.357973098754883,-1.0217241048812866,7.39612340927124
1061,536.0,58600.0,-6.352478981018066,-1.0320105552673342,7.399415969848633
1062,537.0,58700.0,-6.352478981018066,-1.0320105552673342,7.399415969848633
1063,538.0,58800.0,-6.358044624328612,-1.0366727113723757,7.393981456756593
1064,539.0,58900.0,-6.358044624328612,-1.0366727113723757,7.393981456756593
1065,540.0,59000.0,-6.375883102416992,-1.0300886631011963,7.3795270919799805
1066,541.0,59100.0,-6.381943225860598,-1.0524814128875732,7.371123790740968
1067,542.0,59200.0,-6.381943225860598,-1.0524814128875732,7.371123790740968
1068,543.0,59300.0,-6.385769844055176,-1.0142495632171629,7.373169898986816
1069,544.0,59400.0,-6.385769844055176,-1.0142495632171629,7.373169898986816
1070,545.0,59500.0,-6.337465763092041,-1.0138765573501587,7.414780616760254
1071,546.0,59600.0,-6.337465763092041,-1.0138765573501587,7.414780616760254
1072,547.0,59700.0,-6.333323955535889,-1.0167915821075442,7.417919635772705
1073,548.0,59800.0,-6.333323955535889,-1.0167915821075442,7.417919635772705
1074,549.0,59900.0,-6.33237361907959,-1.0202958583831787,7.4182491302490225
1075,550.0,60000.0,-6.329909801483152,-1.0133084058761597,7.421309947967527
1076,551.0,60100.0,-6.329909801483152,-1.0133084058761597,7.421309947967527
1077,552.0,60200.0,-6.319836616516112,-1.0226055383682249,7.428616523742676
1078,553.0,60300.0,-6.319836616516112,-1.0226055383682249,7.428616523742676
1079,554.0,60400.0,-6.332401752471924,-1.019756555557251,7.418300151824951
1080,540.0,59000.0,-6.375883102416992,-1.0300886631011963,7.3795270919799805
1081,541.0,59100.0,-6.381943225860598,-1.0524814128875732,7.371123790740968
1082,542.0,59200.0,-6.381943225860598,-1.0524814128875732,7.371123790740968
1083,543.0,59300.0,-6.385769844055176,-1.0142495632171629,7.373169898986816
1084,544.0,59400.0,-6.385769844055176,-1.0142495632171629,7.373169898986816
1085,545.0,59500.0,-6.337465763092041,-1.0138765573501587,7.414780616760254
1086,546.0,59600.0,-6.337465763092041,-1.0138765573501587,7.414780616760254
1087,547.0,59700.0,-6.333323955535889,-1.0167915821075442,7.417919635772705
1088,548.0,59800.0,-6.333323955535889,-1.0167915821075442,7.417919635772705
1089,549.0,59900.0,-6.33237361907959,-1.0202958583831787,7.4182491302490225
1090,550.0,60000.0,-6.329909801483152,-1.0133084058761597,7.421309947967527
1091,551.0,60100.0,-6.329909801483152,-1.0133084058761597,7.421309947967527
1092,552.0,60200.0,-6.319836616516112,-1.0226055383682249,7.428616523742676
1093,553.0,60300.0,-6.319836616516112,-1.0226055383682249,7.428616523742676
1094,554.0,60400.0,-6.332401752471924,-1.019756555557251,7.418300151824951
1095,555.0,60500.0,-6.332401752471924,-1.019756555557251,7.418300151824951
1096,556.0,60600.0,-6.35042142868042,-0.9987801909446716,7.4057393074035645
1097,557.0,60700.0,-6.35042142868042,-0.9987801909446716,7.4057393074035645
1098,558.0,60800.0,-6.374349117279053,-1.0118284225463867,7.383376598358152
1099,559.0,60900.0,-6.3763060569763175,-1.01627516746521,7.381077289581299
1100,560.0,61000.0,-6.3763060569763175,-1.01627516746521,7.381077289581299
1101,561.0,61100.0,-6.389679431915282,-1.0061033964157104,7.370898246765138
1102,562.0,61200.0,-6.389679431915282,-1.0061033964157104,7.370898246765138
1103,563.0,61300.0,-6.376410484313965,-1.0121231079101565,7.381557464599608
1104,564.0,61400.0,-6.376410484313965,-1.0121231079101565,7.381557464599608
1105,565.0,61500.0,-6.376049041748048,-0.9970695376396179,7.383917808532715
1106,566.0,61600.0,-6.376049041748048,-0.9970695376396179,7.383917808532715
1107,567.0,61700.0,-6.3797149658203125,-0.9782611131668092,7.383266925811768
1108,568.0,61800.0,-6.389376163482666,-0.9669795632362366,7.376396179199219
1109,569.0,61900.0,-6.389376163482666,-0.9669795632362366,7.376396179199219
1110,555.0,60500.0,-6.332401752471924,-1.019756555557251,7.418300151824951
1111,556.0,60600.0,-6.35042142868042,-0.9987801909446716,7.4057393074035645
1112,557.0,60700.0,-6.35042142868042,-0.9987801909446716,7.4057393074035645
1113,558.0,60800.0,-6.374349117279053,-1.0118284225463867,7.383376598358152
1114,559.0,60900.0,-6.3763060569763175,-1.01627516746521,7.381077289581299
1115,560.0,61000.0,-6.3763060569763175,-1.01627516746521,7.381077289581299
1116,561.0,61100.0,-6.389679431915282,-1.0061033964157104,7.370898246765138
1117,562.0,61200.0,-6.389679431915282,-1.0061033964157104,7.370898246765138
1118,563.0,61300.0,-6.376410484313965,-1.0121231079101565,7.381557464599608
1119,564.0,61400.0,-6.376410484313965,-1.0121231079101565,7.381557464599608
1120,565.0,61500.0,-6.376049041748048,-0.9970695376396179,7.383917808532715
1121,566.0,61600.0,-6.376049041748048,-0.9970695376396179,7.383917808532715
1122,567.0,61700.0,-6.3797149658203125,-0.9782611131668092,7.383266925811768
1123,568.0,61800.0,-6.389376163482666,-0.9669795632362366,7.376396179199219
1124,569.0,61900.0,-6.389376163482666,-0.9669795632362366,7.376396179199219
1125,570.0,62000.0,-6.372262477874756,-0.9859341382980348,7.3886799812316895
1126,571.0,62100.0,-6.372262477874756,-0.9859341382980348,7.3886799812316895
1127,572.0,62200.0,-6.386951446533202,-0.9884577989578248,7.375648498535156
1128,573.0,62300.0,-6.386951446533202,-0.9884577989578248,7.375648498535156
1129,574.0,62400.0,-6.391174793243407,-0.9852517247200012,7.372419357299805
1130,575.0,62500.0,-6.391174793243407,-0.9852517247200012,7.372419357299805
1131,576.0,62600.0,-6.398469924926758,-1.00176739692688,7.3638596534729
1132,577.0,62700.0,-6.386029243469237,-0.9741472601890564,7.378350257873535
1133,578.0,62800.0,-6.386029243469237,-0.9741472601890564,7.378350257873535
1134,579.0,62900.0,-6.354355335235598,-0.968293845653534,7.406414031982423
1135,580.0,63000.0,-6.354355335235598,-0.968293845653534,7.406414031982423
1136,581.0,63100.0,-6.3598222732543945,-0.9666650891304016,7.401932716369629
1137,582.0,63200.0,-6.3598222732543945,-0.9666650891304016,7.401932716369629
1138,583.0,63300.0,-6.361815929412843,-0.9582181572914124,7.401318073272705
1139,584.0,63400.0,-6.361815929412843,-0.9582181572914124,7.401318073272705
1140,570.0,62000.0,-6.372262477874756,-0.9859341382980348,7.3886799812316895
1141,571.0,62100.0,-6.372262477874756,-0.9859341382980348,7.3886799812316895
1142,572.0,62200.0,-6.386951446533202,-0.9884577989578248,7.375648498535156
1143,573.0,62300.0,-6.386951446533202,-0.9884577989578248,7.375648498535156
1144,574.0,62400.0,-6.391174793243407,-0.9852517247200012,7.372419357299805
1145,575.0,62500.0,-6.391174793243407,-0.9852517247200012,7.372419357299805
1146,576.0,62600.0,-6.398469924926758,-1.00176739692688,7.3638596534729
1147,577.0,62700.0,-6.386029243469237,-0.9741472601890564,7.378350257873535
1148,578.0,62800.0,-6.386029243469237,-0.9741472601890564,7.378350257873535
1149,579.0,62900.0,-6.354355335235598,-0.968293845653534,7.406414031982423
1150,580.0,63000.0,-6.354355335235598,-0.968293845653534,7.406414031982423
1151,581.0,63100.0,-6.3598222732543945,-0.9666650891304016,7.401932716369629
1152,582.0,63200.0,-6.3598222732543945,-0.9666650891304016,7.401932716369629
1153,583.0,63300.0,-6.361815929412843,-0.9582181572914124,7.401318073272705
1154,584.0,63400.0,-6.361815929412843,-0.9582181572914124,7.401318073272705
1155,585.0,63500.0,-6.359097957611084,-0.9518901109695436,7.404469966888428
1156,586.0,63600.0,-6.350564956665039,-0.9631778001785278,7.410330772399902
1157,587.0,63700.0,-6.350564956665039,-0.9631778001785278,7.410330772399902
1158,588.0,63800.0,-6.353306293487549,-0.9896060824394226,7.404497146606445
1159,589.0,63900.0,-6.353306293487549,-0.9896060824394226,7.404497146606445
1160,590.0,64000.0,-6.3480634689331055,-0.9754963517189026,7.410863399505615
1161,591.0,64100.0,-6.3480634689331055,-0.9754963517189026,7.410863399505615
1162,592.0,64200.0,-6.347994804382324,-0.9844348430633544,7.409739017486572
1163,593.0,64300.0,-6.347994804382324,-0.9844348430633544,7.409739017486572
1164,594.0,64400.0,-6.3378682136535645,-0.966589093208313,7.4207496643066415
1165,595.0,64500.0,-6.319313049316406,-0.9688146710395812,7.436267852783202
1166,596.0,64600.0,-6.319313049316406,-0.9688146710395812,7.436267852783202
1167,597.0,64700.0,-6.330113887786865,-0.9859674572944641,7.4248175621032715
1168,598.0,64800.0,-6.330113887786865,-0.9859674572944641,7.4248175621032715
1169,599.0,64900.0,-6.343718528747559,-1.0033406019210815,7.410865783691406
1170,585.0,63500.0,-6.359097957611084,-0.9518901109695436,7.404469966888428
1171,586.0,63600.0,-6.350564956665039,-0.9631778001785278,7.410330772399902
1172,587.0,63700.0,-6.350564956665039,-0.9631778001785278,7.410330772399902
1173,588.0,63800.0,-6.353306293487549,-0.9896060824394226,7.404497146606445
1174,589.0,63900.0,-6.353306293487549,-0.9896060824394226,7.404497146606445
1175,590.0,64000.0,-6.3480634689331055,-0.9754963517189026,7.410863399505615
1176,591.0,64100.0,-6.3480634689331055,-0.9754963517189026,7.410863399505615
1177,592.0,64200.0,-6.347994804382324,-0.9844348430633544,7.409739017486572
1178,593.0,64300.0,-6.347994804382324,-0.9844348430633544,7.409739017486572
1179,594.0,64400.0,-6.3378682136535645,-0.966589093208313,7.4207496643066415
1180,595.0,64500.0,-6.319313049316406,-0.9688146710395812,7.436267852783202
1181,596.0,64600.0,-6.319313049316406,-0.9688146710395812,7.436267852783202
1182,597.0,64700.0,-6.330113887786865,-0.9859674572944641,7.4248175621032715
1183,598.0,64800.0,-6.330113887786865,-0.9859674572944641,7.4248175621032715
1184,599.0,64900.0,-6.343718528747559,-1.0033406019210815,7.410865783691406
1185,600.0,65000.0,-6.343718528747559,-1.0033406019210815,7.410865783691406
1186,601.0,65100.0,-6.330573081970215,-1.0174684524536133,7.4201741218566895
1187,602.0,65200.0,-6.330573081970215,-1.0174684524536133,7.4201741218566895
1188,603.0,65300.0,-6.3197898864746085,-1.1277180910110474,7.413426876068115
1189,604.0,65400.0,-6.340714931488037,-1.046359658241272,7.407486915588379
1190,605.0,65500.0,-6.340714931488037,-1.046359658241272,7.407486915588379
1191,606.0,65600.0,-6.336160182952881,-1.0251076221466064,7.4143524169921875
1192,607.0,65700.0,-6.336160182952881,-1.0251076221466064,7.4143524169921875
1193,608.0,65800.0,-6.361279487609862,-0.9887044429779052,7.397768974304199
1194,609.0,65900.0,-6.361279487609862,-0.9887044429779052,7.397768974304199
1195,610.0,66000.0,-6.382434844970702,-1.005367398262024,7.377272129058838
1196,611.0,66100.0,-6.382434844970702,-1.005367398262024,7.377272129058838
1197,612.0,66200.0,-6.354485034942628,-0.9815908670425416,7.404551982879639
1198,613.0,66300.0,-6.343012809753418,-0.9431701898574828,7.4193668365478525
1199,614.0,66400.0,-6.343012809753418,-0.9431701898574828,7.4193668365478525
1200,600.0,65000.0,-6.343718528747559,-1.0033406019210815,7.410865783691406
1201,601.0,65100.0,-6.330573081970215,-1.0174684524536133,7.4201741218566895
1202,602.0,65200.0,-6.330573081970215,-1.0174684524536133,7.4201741218566895
1203,603.0,65300.0,-6.3197898864746085,-1.1277180910110474,7.413426876068115
1204,604.0,65400.0,-6.340714931488037,-1.046359658241272,7.407486915588379
1205,605.0,65500.0,-6.340714931488037,-1.046359658241272,7.407486915588379
1206,606.0,65600.0,-6.336160182952881,-1.0251076221466064,7.4143524169921875
1207,607.0,65700.0,-6.336160182952881,-1.0251076221466064,7.4143524169921875
1208,608.0,65800.0,-6.361279487609862,-0.9887044429779052,7.397768974304199
1209,609.0,65900.0,-6.361279487609862,-0.9887044429779052,7.397768974304199
1210,610.0,66000.0,-6.382434844970702,-1.005367398262024,7.377272129058838
1211,611.0,66100.0,-6.382434844970702,-1.005367398262024,7.377272129058838
1212,612.0,66200.0,-6.354485034942628,-0.9815908670425416,7.404551982879639
1213,613.0,66300.0,-6.343012809753418,-0.9431701898574828,7.4193668365478525
1214,614.0,66400.0,-6.343012809753418,-0.9431701898574828,7.4193668365478525
1215,615.0,66500.0,-6.374042987823486,-0.9179624319076538,7.395898342132567
1216,616.0,66600.0,-6.374042987823486,-0.9179624319076538,7.395898342132567
1217,617.0,66700.0,-6.367820739746094,-0.9098787903785706,7.402254581451416
1218,618.0,66800.0,-6.367820739746094,-0.9098787903785706,7.402254581451416
1219,619.0,66900.0,-6.352198123931885,-0.9429571628570556,7.411531925201416
1220,620.0,67000.0,-6.352198123931885,-0.9429571628570556,7.411531925201416
1221,621.0,67100.0,-6.365652561187744,-0.8952905535697937,7.40589714050293
1222,622.0,67200.0,-6.343490123748777,-0.9109165668487548,7.422987937927246
1223,623.0,67300.0,-6.343490123748777,-0.9109165668487548,7.422987937927246
1224,624.0,67400.0,-6.346827507019043,-0.9217174053192142,7.418800830841064
1225,625.0,67500.0,-6.346827507019043,-0.9217174053192142,7.418800830841064
1226,626.0,67600.0,-6.344271659851074,-0.92033588886261,7.4211578369140625
1227,627.0,67700.0,-6.344271659851074,-0.92033588886261,7.4211578369140625
1228,628.0,67800.0,-6.355746269226074,-0.931907057762146,7.4098877906799325
1229,629.0,67900.0,-6.355746269226074,-0.931907057762146,7.4098877906799325
1230,615.0,66500.0,-6.374042987823486,-0.9179624319076538,7.395898342132567
1231,616.0,66600.0,-6.374042987823486,-0.9179624319076538,7.395898342132567
1232,617.0,66700.0,-6.367820739746094,-0.9098787903785706,7.402254581451416
1233,618.0,66800.0,-6.367820739746094,-0.9098787903785706,7.402254581451416
1234,619.0,66900.0,-6.352198123931885,-0.9429571628570556,7.411531925201416
1235,620.0,67000.0,-6.352198123931885,-0.9429571628570556,7.411531925201416
1236,621.0,67100.0,-6.365652561187744,-0.8952905535697937,7.40589714050293
1237,622.0,67200.0,-6.343490123748777,-0.9109165668487548,7.422987937927246
1238,623.0,67300.0,-6.343490123748777,-0.9109165668487548,7.422987937927246
1239,624.0,67400.0,-6.346827507019043,-0.9217174053192142,7.418800830841064
1240,625.0,67500.0,-6.346827507019043,-0.9217174053192142,7.418800830841064
1241,626.0,67600.0,-6.344271659851074,-0.92033588886261,7.4211578369140625
1242,627.0,67700.0,-6.344271659851074,-0.92033588886261,7.4211578369140625
1243,628.0,67800.0,-6.355746269226074,-0.931907057762146,7.4098877906799325
1244,629.0,67900.0,-6.355746269226074,-0.931907057762146,7.4098877906799325
1245,630.0,68000.0,-6.362406253814697,-0.9305597543716432,7.404338836669923
1246,631.0,68100.0,-6.368727207183838,-0.92199969291687,7.399973392486572
1247,632.0,68200.0,-6.368727207183838,-0.92199969291687,7.399973392486572
1248,633.0,68300.0,-6.353415012359619,-0.9070689678192142,7.414966583251952
1249,634.0,68400.0,-6.353415012359619,-0.9070689678192142,7.414966583251952
1250,635.0,68500.0,-6.333823204040527,-0.9201987981796264,7.430095195770264
1251,636.0,68600.0,-6.333823204040527,-0.9201987981796264,7.430095195770264
1252,637.0,68700.0,-6.333042144775392,-0.9191729426383972,7.430886745452881
1253,638.0,68800.0,-6.333042144775392,-0.9191729426383972,7.430886745452881
1254,639.0,68900.0,-6.338073253631593,-0.929744303226471,7.425280570983888
1255,640.0,69000.0,-6.329710483551025,-0.9324272871017456,7.432074546813965
1256,641.0,69100.0,-6.329710483551025,-0.9324272871017456,7.432074546813965
1257,642.0,69200.0,-6.334359645843506,-0.912364423274994,7.43060302734375
1258,643.0,69300.0,-6.334359645843506,-0.912364423274994,7.43060302734375
1259,644.0,69400.0,-6.32316255569458,-0.9306988716125488,7.437863349914551
1260,630.0,68000.0,-6.362406253814697,-0.9305597543716432,7.404338836669923
1261,631.0,68100.0,-6.368727207183838,-0.92199969291687,7.399973392486572
1262,632.0,68200.0,-6.368727207183838,-0.92199969291687,7.399973392486572
1263,633.0,68300.0,-6.353415012359619,-0.9070689678192142,7.414966583251952
1264,634.0,68400.0,-6.353415012359619,-0.9070689678192142,7.414966583251952
1265,635.0,68500.0,-6.333823204040527,-0.9201987981796264,7.430095195770264
1266,636.0,68600.0,-6.333823204040527,-0.9201987981796264,7.430095195770264
1267,637.0,68700.0,-6.333042144775392,-0.9191729426383972,7.430886745452881
1268,638.0,68800.0,-6.333042144775392,-0.9191729426383972,7.430886745452881
1269,639.0,68900.0,-6.338073253631593,-0.929744303226471,7.425280570983888
1270,640.0,69000.0,-6.329710483551025,-0.9324272871017456,7.432074546813965
1271,641.0,69100.0,-6.329710483551025,-0.9324272871017456,7.432074546813965
1272,642.0,69200.0,-6.334359645843506,-0.912364423274994,7.43060302734375
1273,643.0,69300.0,-6.334359645843506,-0.912364423274994,7.43060302734375
1274,644.0,69400.0,-6.32316255569458,-0.9306988716125488,7.437863349914551
1275,645.0,69500.0,-6.32316255569458,-0.9306988716125488,7.437863349914551
1276,646.0,69600.0,-6.332664489746094,-0.92126202583313,7.430951118469237
1277,647.0,69700.0,-6.332664489746094,-0.92126202583313,7.430951118469237
1278,648.0,69800.0,-6.320834159851074,-0.9135013222694396,7.441973209381103
1279,649.0,69900.0,-6.320834159851074,-0.9135013222694396,7.441973209381103
1280,650.0,70000.0,-6.314907550811768,-0.9386308193206788,7.443877220153809
1281,651.0,70100.0,-6.317492961883545,-0.9217662215232848,7.443790912628174
1282,652.0,70200.0,-6.317492961883545,-0.9217662215232848,7.443790912628174
1283,653.0,70300.0,-6.345952033996582,-0.9155918955802916,7.420308113098144
1284,654.0,70400.0,-6.345952033996582,-0.9155918955802916,7.420308113098144
1285,655.0,70500.0,-6.348471164703369,-0.922565221786499,7.41728925704956
1286,656.0,70600.0,-6.348471164703369,-0.922565221786499,7.41728925704956
1287,657.0,70700.0,-6.364104270935059,-0.9200593829154968,7.404191493988037
1288,658.0,70800.0,-6.364104270935059,-0.9200593829154968,7.404191493988037
1289,659.0,70900.0,-6.351974964141848,-0.9294517636299132,7.413428783416747
1290,645.0,69500.0,-6.32316255569458,-0.9306988716125488,7.437863349914551
1291,646.0,69600.0,-6.332664489746094,-0.92126202583313,7.430951118469237
1292,647.0,69700.0,-6.332664489746094,-0.92126202583313,7.430951118469237
1293,648.0,69800.0,-6.320834159851074,-0.9135013222694396,7.441973209381103
1294,649.0,69900.0,-6.320834159851074,-0.9135013222694396,7.441973209381103
1295,650.0,70000.0,-6.314907550811768,-0.9386308193206788,7.443877220153809
1296,651.0,70100.0,-6.317492961883545,-0.9217662215232848,7.443790912628174
1297,652.0,70200.0,-6.317492961883545,-0.9217662215232848,7.443790912628174
1298,653.0,70300.0,-6.345952033996582,-0.9155918955802916,7.420308113098144
1299,654.0,70400.0,-6.345952033996582,-0.9155918955802916,7.420308113098144
1300,655.0,70500.0,-6.348471164703369,-0.922565221786499,7.41728925704956
1301,656.0,70600.0,-6.348471164703369,-0.922565221786499,7.41728925704956
1302,657.0,70700.0,-6.364104270935059,-0.9200593829154968,7.404191493988037
1303,658.0,70800.0,-6.364104270935059,-0.9200593829154968,7.404191493988037
1304,659.0,70900.0,-6.351974964141848,-0.9294517636299132,7.413428783416747
1305,660.0,71000.0,-6.355954170227051,-0.9206792712211608,7.411112308502197
1306,661.0,71100.0,-6.355954170227051,-0.9206792712211608,7.411112308502197
1307,662.0,71200.0,-6.35662317276001,-0.9413263201713562,7.407944202423098
1308,663.0,71300.0,-6.35662317276001,-0.9413263201713562,7.407944202423098
1309,664.0,71400.0,-6.3623223304748535,-0.9346765279769896,7.403892993927003
1310,665.0,71500.0,-6.3623223304748535,-0.9346765279769896,7.403892993927003
1311,666.0,71600.0,-6.366154670715332,-0.9335741400718688,7.400736331939697
1312,667.0,71700.0,-6.366154670715332,-0.9335741400718688,7.400736331939697
1313,668.0,71800.0,-6.354149341583253,-0.955029845237732,7.4083123207092285
1314,669.0,71900.0,-6.359830856323242,-0.9341837763786316,7.406094551086426
1315,670.0,72000.0,-6.359830856323242,-0.9341837763786316,7.406094551086426
1316,671.0,72100.0,-6.3925676345825195,-0.9137120842933656,7.380420207977295
1317,672.0,72200.0,-6.3925676345825195,-0.9137120842933656,7.380420207977295
1318,673.0,72300.0,-6.395058155059815,-0.9177724719047546,7.377758026123048
1319,674.0,72400.0,-6.395058155059815,-0.9177724719047546,7.377758026123048
1320,660.0,71000.0,-6.355954170227051,-0.9206792712211608,7.411112308502197
1321,661.0,71100.0,-6.355954170227051,-0.9206792712211608,7.411112308502197
1322,662.0,71200.0,-6.35662317276001,-0.9413263201713562,7.407944202423098
1323,663.0,71300.0,-6.35662317276001,-0.9413263201713562,7.407944202423098
1324,664.0,71400.0,-6.3623223304748535,-0.9346765279769896,7.403892993927003
1325,665.0,71500.0,-6.3623223304748535,-0.9346765279769896,7.403892993927003
1326,666.0,71600.0,-6.366154670715332,-0.9335741400718688,7.400736331939697
1327,667.0,71700.0,-6.366154670715332,-0.9335741400718688,7.400736331939697
1328,668.0,71800.0,-6.354149341583253,-0.955029845237732,7.4083123207092285
1329,669.0,71900.0,-6.359830856323242,-0.9341837763786316,7.406094551086426
1330,670.0,72000.0,-6.359830856323242,-0.9341837763786316,7.406094551086426
1331,671.0,72100.0,-6.3925676345825195,-0.9137120842933656,7.380420207977295
1332,672.0,72200.0,-6.3925676345825195,-0.9137120842933656,7.380420207977295
1333,673.0,72300.0,-6.395058155059815,-0.9177724719047546,7.377758026123048
1334,674.0,72400.0,-6.395058155059815,-0.9177724719047546,7.377758026123048
1335,675.0,72500.0,-6.39007043838501,-0.9195315837860109,7.381859302520753
1336,676.0,72600.0,-6.39007043838501,-0.9195315837860109,7.381859302520753
1337,677.0,72700.0,-6.399071216583253,-0.9309548735618592,7.372626304626465
1338,678.0,72800.0,-6.4106035232543945,-0.9371481537818908,7.361814022064209
1339,679.0,72900.0,-6.4106035232543945,-0.9371481537818908,7.361814022064209
1340,680.0,73000.0,-6.427647113800049,-0.9478177428245544,7.345568656921388
1341,681.0,73100.0,-6.427647113800049,-0.9478177428245544,7.345568656921388
1342,682.0,73200.0,-6.429951190948486,-0.9516147971153259,7.3430609703063965
1343,683.0,73300.0,-6.429951190948486,-0.9516147971153259,7.3430609703063965
1344,684.0,73400.0,-6.439269542694093,-0.9515443444252014,7.33489990234375
1345,685.0,73500.0,-6.439269542694093,-0.9515443444252014,7.33489990234375
1346,686.0,73600.0,-6.446208477020264,-0.9561612010002136,7.3282012939453125
1347,687.0,73700.0,-6.469374179840088,-0.9709653854370116,7.305806159973144
1348,688.0,73800.0,-6.469374179840088,-0.9709653854370116,7.305806159973144
1349,689.0,73900.0,-6.4610466957092285,-0.9817422032356262,7.311732769012451
1350,675.0,72500.0,-6.39007043838501,-0.9195315837860109,7.381859302520753
1351,676.0,72600.0,-6.39007043838501,-0.9195315837860109,7.381859302520753
1352,677.0,72700.0,-6.399071216583253,-0.9309548735618592,7.372626304626465
1353,678.0,72800.0,-6.4106035232543945,-0.9371481537818908,7.361814022064209
1354,679.0,72900.0,-6.4106035232543945,-0.9371481537818908,7.361814022064209
1355,680.0,73000.0,-6.427647113800049,-0.9478177428245544,7.345568656921388
1356,681.0,73100.0,-6.427647113800049,-0.9478177428245544,7.345568656921388
1357,682.0,73200.0,-6.429951190948486,-0.9516147971153259,7.3430609703063965
1358,683.0,73300.0,-6.429951190948486,-0.9516147971153259,7.3430609703063965
1359,684.0,73400.0,-6.439269542694093,-0.9515443444252014,7.33489990234375
1360,685.0,73500.0,-6.439269542694093,-0.9515443444252014,7.33489990234375
1361,686.0,73600.0,-6.446208477020264,-0.9561612010002136,7.3282012939453125
1362,687.0,73700.0,-6.469374179840088,-0.9709653854370116,7.305806159973144
1363,688.0,73800.0,-6.469374179840088,-0.9709653854370116,7.305806159973144
1364,689.0,73900.0,-6.4610466957092285,-0.9817422032356262,7.311732769012451
1365,690.0,74000.0,-6.4610466957092285,-0.9817422032356262,7.311732769012451
1366,691.0,74100.0,-6.457451343536378,-0.9767276048660278,7.315580368041992
1367,692.0,74200.0,-6.457451343536378,-0.9767276048660278,7.315580368041992
1368,693.0,74300.0,-6.462092399597168,-0.9740586876869202,7.311837673187256
1369,694.0,74400.0,-6.462092399597168,-0.9740586876869202,7.311837673187256
1370,695.0,74500.0,-6.4577155113220215,-0.9550856947898864,7.318204402923584
1371,696.0,74600.0,-6.440982341766357,-0.9842060208320618,7.3290839195251465
1372,697.0,74700.0,-6.440982341766357,-0.9842060208320618,7.3290839195251465
1373,698.0,74800.0,-6.457744598388673,-0.9866881370544434,7.313984394073486
1374,699.0,74900.0,-6.457744598388673,-0.9866881370544434,7.313984394073486
1375,700.0,75000.0,-6.450146675109862,-0.999915897846222,7.3188910484313965
1376,701.0,75100.0,-6.450146675109862,-0.999915897846222,7.3188910484313965
1377,702.0,75200.0,-6.4642534255981445,-0.9900336861610411,7.3077802658081055
1378,703.0,75300.0,-6.4642534255981445,-0.9900336861610411,7.3077802658081055
1379,704.0,75400.0,-6.450015068054199,-0.997631311416626,7.319318771362305
1380,690.0,74000.0,-6.4610466957092285,-0.9817422032356262,7.311732769012451
1381,691.0,74100.0,-6.457451343536378,-0.9767276048660278,7.315580368041992
1382,692.0,74200.0,-6.457451343536378,-0.9767276048660278,7.315580368041992
1383,693.0,74300.0,-6.462092399597168,-0.9740586876869202,7.311837673187256
1384,694.0,74400.0,-6.462092399597168,-0.9740586876869202,7.311837673187256
1385,695.0,74500.0,-6.4577155113220215,-0.9550856947898864,7.318204402923584
1386,696.0,74600.0,-6.440982341766357,-0.9842060208320618,7.3290839195251465
1387,697.0,74700.0,-6.440982341766357,-0.9842060208320618,7.3290839195251465
1388,698.0,74800.0,-6.457744598388673,-0.9866881370544434,7.313984394073486
1389,699.0,74900.0,-6.457744598388673,-0.9866881370544434,7.313984394073486
1390,700.0,75000.0,-6.450146675109862,-0.999915897846222,7.3188910484313965
1391,701.0,75100.0,-6.450146675109862,-0.999915897846222,7.3188910484313965
1392,702.0,75200.0,-6.4642534255981445,-0.9900336861610411,7.3077802658081055
1393,703.0,75300.0,-6.4642534255981445,-0.9900336861610411,7.3077802658081055
1394,704.0,75400.0,-6.450015068054199,-0.997631311416626,7.319318771362305
1395,705.0,75500.0,-6.4578285217285165,-0.9925465583801272,7.313117504119872
1396,706.0,75600.0,-6.4578285217285165,-0.9925465583801272,7.313117504119872
1397,707.0,75700.0,-6.453376770019531,-0.9993675947189332,7.316118240356445
1398,708.0,75800.0,-6.453376770019531,-0.9993675947189332,7.316118240356445
1399,709.0,75900.0,-6.455272674560548,-0.9976473450660706,7.314680099487305
1400,710.0,76000.0,-6.455272674560548,-0.9976473450660706,7.314680099487305
1401,711.0,76100.0,-6.451160907745361,-0.9830211400985718,7.320285797119141
1402,712.0,76200.0,-6.451160907745361,-0.9830211400985718,7.320285797119141
1403,713.0,76300.0,-6.449831962585449,-0.9873483777046204,7.320873737335205
1404,714.0,76400.0,-6.44168758392334,-0.9543612003326416,7.33241081237793
1405,715.0,76500.0,-6.44168758392334,-0.9543612003326416,7.33241081237793
1406,716.0,76600.0,-6.442790508270264,-0.9785025119781494,7.328258991241455
1407,717.0,76700.0,-6.442790508270264,-0.9785025119781494,7.328258991241455
1408,718.0,76800.0,-6.437209129333496,-1.01272714138031,7.328513622283935
1409,719.0,76900.0,-6.437209129333496,-1.01272714138031,7.328513622283935
1410,705.0,75500.0,-6.4578285217285165,-0.9925465583801272,7.313117504119872
1411,706.0,75600.0,-6.4578285217285165,-0.9925465583801272,7.313117504119872
1412,707.0,75700.0,-6.453376770019531,-0.9993675947189332,7.316118240356445
1413,708.0,75800.0,-6.453376770019531,-0.9993675947189332,7.316118240356445
1414,709.0,75900.0,-6.455272674560548,-0.9976473450660706,7.314680099487305
1415,710.0,76000.0,-6.455272674560548,-0.9976473450660706,7.314680099487305
1416,711.0,76100.0,-6.451160907745361,-0.9830211400985718,7.320285797119141
1417,712.0,76200.0,-6.451160907745361,-0.9830211400985718,7.320285797119141
1418,713.0,76300.0,-6.449831962585449,-0.9873483777046204,7.320873737335205
1419,714.0,76400.0,-6.44168758392334,-0.9543612003326416,7.33241081237793
1420,715.0,76500.0,-6.44168758392334,-0.9543612003326416,7.33241081237793
1421,716.0,76600.0,-6.442790508270264,-0.9785025119781494,7.328258991241455
1422,717.0,76700.0,-6.442790508270264,-0.9785025119781494,7.328258991241455
1423,718.0,76800.0,-6.437209129333496,-1.01272714138031,7.328513622283935
1424,719.0,76900.0,-6.437209129333496,-1.01272714138031,7.328513622283935
1425,720.0,77000.0,-6.476108551025392,-1.0061004161834717,7.2950782775878915
1426,721.0,77100.0,-6.476108551025392,-1.0061004161834717,7.2950782775878915
1427,722.0,77200.0,-6.4406843185424805,-1.0770332813262942,7.316281318664551
1428,723.0,77300.0,-6.4688286781311035,-1.1574395895004272,7.279078483581543
1429,724.0,77400.0,-6.4688286781311035,-1.1574395895004272,7.279078483581543
1430,725.0,77500.0,-6.420346260070801,-1.2315216064453125,7.309781074523926
1431,726.0,77600.0,-6.420346260070801,-1.2315216064453125,7.309781074523926
1432,727.0,77700.0,-6.431965351104736,-1.1947131156921391,7.305674076080322
1433,728.0,77800.0,-6.431965351104736,-1.1947131156921391,7.305674076080322
1434,729.0,77900.0,-6.361695766448975,-1.173344969749451,7.370378494262695
1435,730.0,78000.0,-6.361695766448975,-1.173344969749451,7.370378494262695
1436,731.0,78100.0,-6.396651268005371,-1.139710783958435,7.345358848571777
1437,732.0,78200.0,-6.406027317047119,-1.143823742866516,7.336543560028076
1438,733.0,78300.0,-6.406027317047119,-1.143823742866516,7.336543560028076
1439,734.0,78400.0,-6.404132843017577,-1.1391279697418213,7.338927268981934
1440,720.0,77000.0,-6.476108551025392,-1.0061004161834717,7.2950782775878915
1441,721.0,77100.0,-6.476108551025392,-1.0061004161834717,7.2950782775878915
1442,722.0,77200.0,-6.4406843185424805,-1.0770332813262942,7.316281318664551
1443,723.0,77300.0,-6.4688286781311035,-1.1574395895004272,7.279078483581543
1444,724.0,77400.0,-6.4688286781311035,-1.1574395895004272,7.279078483581543
1445,725.0,77500.0,-6.420346260070801,-1.2315216064453125,7.309781074523926
1446,726.0,77600.0,-6.420346260070801,-1.2315216064453125,7.309781074523926
1447,727.0,77700.0,-6.431965351104736,-1.1947131156921391,7.305674076080322
1448,728.0,77800.0,-6.431965351104736,-1.1947131156921391,7.305674076080322
1449,729.0,77900.0,-6.361695766448975,-1.173344969749451,7.370378494262695
1450,730.0,78000.0,-6.361695766448975,-1.173344969749451,7.370378494262695
1451,731.0,78100.0,-6.396651268005371,-1.139710783958435,7.345358848571777
1452,732.0,78200.0,-6.406027317047119,-1.143823742866516,7.336543560028076
1453,733.0,78300.0,-6.406027317047119,-1.143823742866516,7.336543560028076
1454,734.0,78400.0,-6.404132843017577,-1.1391279697418213,7.338927268981934
1455,735.0,78500.0,-6.404132843017577,-1.1391279697418213,7.338927268981934
1456,736.0,78600.0,-6.391341209411621,-1.1433029174804688,7.349422454833983
1457,737.0,78700.0,-6.391341209411621,-1.1433029174804688,7.349422454833983
1458,738.0,78800.0,-6.3940086364746085,-1.128575563430786,7.3493781089782715
1459,739.0,78900.0,-6.3940086364746085,-1.128575563430786,7.3493781089782715
1460,740.0,79000.0,-6.383900165557861,-1.1268779039382937,7.358419895172119
1461,741.0,79100.0,-6.381282806396484,-1.1250079870224,7.3609771728515625
1462,742.0,79200.0,-6.381282806396484,-1.1250079870224,7.3609771728515625
1463,743.0,79300.0,-6.3770246505737305,-1.119115114212036,7.365563869476317
1464,744.0,79400.0,-6.3770246505737305,-1.119115114212036,7.365563869476317
1465,745.0,79500.0,-6.3654441833496085,-1.123197078704834,7.374953746795652
1466,746.0,79600.0,-6.3654441833496085,-1.123197078704834,7.374953746795652
1467,747.0,79700.0,-6.369340896606445,-1.126152515411377,7.3711371421813965
1468,748.0,79800.0,-6.369340896606445,-1.126152515411377,7.3711371421813965
1469,749.0,79900.0,-6.366689205169678,-1.1128318309783936,7.375450134277344
1470,735.0,78500.0,-6.404132843017577,-1.1391279697418213,7.338927268981934
1471,736.0,78600.0,-6.391341209411621,-1.1433029174804688,7.349422454833983
1472,737.0,78700.0,-6.391341209411621,-1.1433029174804688,7.349422454833983
1473,738.0,78800.0,-6.3940086364746085,-1.128575563430786,7.3493781089782715
1474,739.0,78900.0,-6.3940086364746085,-1.128575563430786,7.3493781089782715
1475,740.0,79000.0,-6.383900165557861,-1.1268779039382937,7.358419895172119
1476,741.0,79100.0,-6.381282806396484,-1.1250079870224,7.3609771728515625
1477,742.0,79200.0,-6.381282806396484,-1.1250079870224,7.3609771728515625
1478,743.0,79300.0,-6.3770246505737305,-1.119115114212036,7.365563869476317
1479,744.0,79400.0,-6.3770246505737305,-1.119115114212036,7.365563869476317
1480,745.0,79500.0,-6.3654441833496085,-1.123197078704834,7.374953746795652
1481,746.0,79600.0,-6.3654441833496085,-1.123197078704834,7.374953746795652
1482,747.0,79700.0,-6.369340896606445,-1.126152515411377,7.3711371421813965
1483,748.0,79800.0,-6.369340896606445,-1.126152515411377,7.3711371421813965
1484,749.0,79900.0,-6.366689205169678,-1.1128318309783936,7.375450134277344
1485,750.0,80000.0,-6.366424083709718,-1.122461199760437,7.3742194175720215
1486,751.0,80100.0,-6.366424083709718,-1.122461199760437,7.3742194175720215
1487,752.0,80200.0,-6.357215881347656,-1.1188008785247805,7.38271427154541
1488,753.0,80300.0,-6.357215881347656,-1.1188008785247805,7.38271427154541
1489,754.0,80400.0,-6.3479485511779785,-1.1255437135696411,7.389660358428955
1490,755.0,80500.0,-6.3479485511779785,-1.1255437135696411,7.389660358428955
1491,756.0,80600.0,-6.350727558135986,-1.111109733581543,7.389458179473878
1492,757.0,80700.0,-6.350727558135986,-1.111109733581543,7.389458179473878
1493,758.0,80800.0,-6.36094856262207,-1.100922465324402,7.382187366485598
1494,759.0,80900.0,-6.351348400115968,-1.0927501916885376,7.391661643981934
1495,760.0,81000.0,-6.351348400115968,-1.0927501916885376,7.391661643981934
1496,761.0,81100.0,-6.3584794998168945,-1.0885194540023804,7.386153221130371
1497,762.0,81200.0,-6.3584794998168945,-1.0885194540023804,7.386153221130371
1498,763.0,81300.0,-6.354032516479492,-1.0757654905319214,7.391846179962157
1499,764.0,81400.0,-6.354032516479492,-1.0757654905319214,7.391846179962157
1500,750.0,80000.0,-6.366424083709718,-1.122461199760437,7.3742194175720215
1501,751.0,80100.0,-6.366424083709718,-1.122461199760437,7.3742194175720215
1502,752.0,80200.0,-6.357215881347656,-1.1188008785247805,7.38271427154541
1503,753.0,80300.0,-6.357215881347656,-1.1188008785247805,7.38271427154541
1504,754.0,80400.0,-6.3479485511779785,-1.1255437135696411,7.389660358428955
1505,755.0,80500.0,-6.3479485511779785,-1.1255437135696411,7.389660358428955
1506,756.0,80600.0,-6.350727558135986,-1.111109733581543,7.389458179473878
1507,757.0,80700.0,-6.350727558135986,-1.111109733581543,7.389458179473878
1508,758.0,80800.0,-6.36094856262207,-1.100922465324402,7.382187366485598
1509,759.0,80900.0,-6.351348400115968,-1.0927501916885376,7.391661643981934
1510,760.0,81000.0,-6.351348400115968,-1.0927501916885376,7.391661643981934
1511,761.0,81100.0,-6.3584794998168945,-1.0885194540023804,7.386153221130371
1512,762.0,81200.0,-6.3584794998168945,-1.0885194540023804,7.386153221130371
1513,763.0,81300.0,-6.354032516479492,-1.0757654905319214,7.391846179962157
1514,764.0,81400.0,-6.354032516479492,-1.0757654905319214,7.391846179962157
1515,765.0,81500.0,-6.359142780303955,-1.0715301036834717,7.388065814971924
1516,766.0,81600.0,-6.359142780303955,-1.0715301036834717,7.388065814971924
1517,767.0,81700.0,-6.365345478057861,-1.0552899837493896,7.385061264038086
1518,768.0,81800.0,-6.369447231292725,-1.0688015222549438,7.379579544067383
1519,769.0,81900.0,-6.369447231292725,-1.0688015222549438,7.379579544067383
1520,770.0,82000.0,-6.374577045440674,-1.048717021942139,7.378031253814697
1521,771.0,82100.0,-6.374577045440674,-1.048717021942139,7.378031253814697
1522,772.0,82200.0,-6.374918460845947,-1.0625708103179932,7.375753402709961
1523,773.0,82300.0,-6.374918460845947,-1.0625708103179932,7.375753402709961
1524,774.0,82400.0,-6.39396858215332,-1.041859149932861,7.36220645904541
1525,775.0,82500.0,-6.39396858215332,-1.041859149932861,7.36220645904541
1526,776.0,82600.0,-6.392173767089844,-1.0272676944732666,7.365814685821532
1527,777.0,82700.0,-6.38313102722168,-1.0516515970230105,7.370214462280272
1528,778.0,82800.0,-6.38313102722168,-1.0516515970230105,7.370214462280272
1529,779.0,82900.0,-6.377638816833496,-1.0482710599899292,7.375448703765869
1530,765.0,81500.0,-6.359142780303955,-1.0715301036834717,7.388065814971924
1531,766.0,81600.0,-6.359142780303955,-1.0715301036834717,7.388065814971924
1532,767.0,81700.0,-6.365345478057861,-1.0552899837493896,7.385061264038086
1533,768.0,81800.0,-6.369447231292725,-1.0688015222549438,7.379579544067383
1534,769.0,81900.0,-6.369447231292725,-1.0688015222549438,7.379579544067383
1535,770.0,82000.0,-6.374577045440674,-1.048717021942139,7.378031253814697
1536,771.0,82100.0,-6.374577045440674,-1.048717021942139,7.378031253814697
1537,772.0,82200.0,-6.374918460845947,-1.0625708103179932,7.375753402709961
1538,773.0,82300.0,-6.374918460845947,-1.0625708103179932,7.375753402709961
1539,774.0,82400.0,-6.39396858215332,-1.041859149932861,7.36220645904541
1540,775.0,82500.0,-6.39396858215332,-1.041859149932861,7.36220645904541
1541,776.0,82600.0,-6.392173767089844,-1.0272676944732666,7.365814685821532
1542,777.0,82700.0,-6.38313102722168,-1.0516515970230105,7.370214462280272
1543,778.0,82800.0,-6.38313102722168,-1.0516515970230105,7.370214462280272
1544,779.0,82900.0,-6.377638816833496,-1.0482710599899292,7.375448703765869
1545,780.0,83000.0,-6.377638816833496,-1.0482710599899292,7.375448703765869
1546,781.0,83100.0,-6.384187698364258,-1.0450973510742188,7.370230674743652
1547,782.0,83200.0,-6.384187698364258,-1.0450973510742188,7.370230674743652
1548,783.0,83300.0,-6.3738670349121085,-1.0501073598861694,7.37844705581665
1549,784.0,83400.0,-6.3738670349121085,-1.0501073598861694,7.37844705581665
1550,785.0,83500.0,-6.369004249572754,-1.0513908863067627,7.382462501525879
1551,786.0,83600.0,-6.371478080749513,-1.033626675605774,7.3828368186950675
1552,787.0,83700.0,-6.371478080749513,-1.033626675605774,7.3828368186950675
1553,788.0,83800.0,-6.366599082946777,-1.0484437942504885,7.384955883026122
1554,789.0,83900.0,-6.366599082946777,-1.0484437942504885,7.384955883026122
1555,790.0,84000.0,-6.368431568145753,-1.036709547042847,7.3850321769714355
1556,791.0,84100.0,-6.368431568145753,-1.036709547042847,7.3850321769714355
1557,792.0,84200.0,-6.3771162033081055,-1.034404993057251,7.377857685089111
1558,793.0,84300.0,-6.3771162033081055,-1.034404993057251,7.377857685089111
1559,794.0,84400.0,-6.3683815002441415,-1.04743230342865,7.383561611175537
1560,780.0,83000.0,-6.377638816833496,-1.0482710599899292,7.375448703765869
1561,781.0,83100.0,-6.384187698364258,-1.0450973510742188,7.370230674743652
1562,782.0,83200.0,-6.384187698364258,-1.0450973510742188,7.370230674743652
1563,783.0,83300.0,-6.3738670349121085,-1.0501073598861694,7.37844705581665
1564,784.0,83400.0,-6.3738670349121085,-1.0501073598861694,7.37844705581665
1565,785.0,83500.0,-6.369004249572754,-1.0513908863067627,7.382462501525879
1566,786.0,83600.0,-6.371478080749513,-1.033626675605774,7.3828368186950675
1567,787.0,83700.0,-6.371478080749513,-1.033626675605774,7.3828368186950675
1568,788.0,83800.0,-6.366599082946777,-1.0484437942504885,7.384955883026122
1569,789.0,83900.0,-6.366599082946777,-1.0484437942504885,7.384955883026122
1570,790.0,84000.0,-6.368431568145753,-1.036709547042847,7.3850321769714355
1571,791.0,84100.0,-6.368431568145753,-1.036709547042847,7.3850321769714355
1572,792.0,84200.0,-6.3771162033081055,-1.034404993057251,7.377857685089111
1573,793.0,84300.0,-6.3771162033081055,-1.034404993057251,7.377857685089111
1574,794.0,84400.0,-6.3683815002441415,-1.04743230342865,7.383561611175537
1575,795.0,84500.0,-6.378101825714111,-1.0653820037841797,7.3725953102111825
1576,796.0,84600.0,-6.378101825714111,-1.0653820037841797,7.3725953102111825
1577,797.0,84700.0,-6.373783588409424,-1.0485501289367676,7.378741264343263
1578,798.0,84800.0,-6.373783588409424,-1.0485501289367676,7.378741264343263
1579,799.0,84900.0,-6.36823320388794,-1.052889704704285,7.382913589477539
1580,800.0,85000.0,-6.36823320388794,-1.052889704704285,7.382913589477539
1581,801.0,85100.0,-6.378448009490968,-1.033406376838684,7.3768463134765625
1582,802.0,85200.0,-6.378448009490968,-1.033406376838684,7.3768463134765625
1583,803.0,85300.0,-6.359070301055907,-1.0179749727249146,7.395697116851807
1584,804.0,85400.0,-6.347360134124756,-1.0049433708190918,7.407530307769775
1585,805.0,85500.0,-6.347360134124756,-1.0049433708190918,7.407530307769775
1586,806.0,85600.0,-6.338496208190918,-1.004382848739624,7.415191650390625
1587,807.0,85700.0,-6.338496208190918,-1.004382848739624,7.415191650390625
1588,808.0,85800.0,-6.322723865509032,-0.9978072047233582,7.4295310974121085
1589,809.0,85900.0,-6.322723865509032,-0.9978072047233582,7.4295310974121085
1590,795.0,84500.0,-6.378101825714111,-1.0653820037841797,7.3725953102111825
1591,796.0,84600.0,-6.378101825714111,-1.0653820037841797,7.3725953102111825
1592,797.0,84700.0,-6.373783588409424,-1.0485501289367676,7.378741264343263
1593,798.0,84800.0,-6.373783588409424,-1.0485501289367676,7.378741264343263
1594,799.0,84900.0,-6.36823320388794,-1.052889704704285,7.382913589477539
1595,800.0,85000.0,-6.36823320388794,-1.052889704704285,7.382913589477539
1596,801.0,85100.0,-6.378448009490968,-1.033406376838684,7.3768463134765625
1597,802.0,85200.0,-6.378448009490968,-1.033406376838684,7.3768463134765625
1598,803.0,85300.0,-6.359070301055907,-1.0179749727249146,7.395697116851807
1599,804.0,85400.0,-6.347360134124756,-1.0049433708190918,7.407530307769775
1600,805.0,85500.0,-6.347360134124756,-1.0049433708190918,7.407530307769775
1601,806.0,85600.0,-6.338496208190918,-1.004382848739624,7.415191650390625
1602,807.0,85700.0,-6.338496208190918,-1.004382848739624,7.415191650390625
1603,808.0,85800.0,-6.322723865509032,-0.9978072047233582,7.4295310974121085
1604,809.0,85900.0,-6.322723865509032,-0.9978072047233582,7.4295310974121085
1605,810.0,86000.0,-6.30976676940918,-1.0128777027130127,7.438501834869385
1606,811.0,86100.0,-6.30976676940918,-1.0128777027130127,7.438501834869385
1607,812.0,86200.0,-6.317873954772949,-1.004542112350464,7.432748794555664
1608,813.0,86300.0,-6.3109092712402335,-1.0345072746276855,7.4345550537109375
1609,814.0,86400.0,-6.3109092712402335,-1.0345072746276855,7.4345550537109375
1610,815.0,86500.0,-6.3046088218688965,-1.1057833433151243,7.429638862609862
1611,816.0,86600.0,-6.3046088218688965,-1.1057833433151243,7.429638862609862
1612,817.0,86700.0,-6.3246498107910165,-0.9877461194992064,7.4292359352111825
1613,818.0,86800.0,-6.3246498107910165,-0.9877461194992064,7.4292359352111825
1614,819.0,86900.0,-6.294552803039551,-0.9789718985557556,7.455911159515381
1615,820.0,87000.0,-6.294552803039551,-0.9789718985557556,7.455911159515381
1616,821.0,87100.0,-6.337623596191406,-0.9730252623558044,7.420116901397705
1617,822.0,87200.0,-6.30433988571167,-0.9999653100967408,7.444847106933594
1618,823.0,87300.0,-6.30433988571167,-0.9999653100967408,7.444847106933594
1619,824.0,87400.0,-6.321278095245361,-1.0260828733444214,7.426909446716309
1620,810.0,86000.0,-6.30976676940918,-1.0128777027130127,7.438501834869385
1621,811.0,86100.0,-6.30976676940918,-1.0128777027130127,7.438501834869385
1622,812.0,86200.0,-6.317873954772949,-1.004542112350464,7.432748794555664
1623,813.0,86300.0,-6.3109092712402335,-1.0345072746276855,7.4345550537109375
1624,814.0,86400.0,-6.3109092712402335,-1.0345072746276855,7.4345550537109375
1625,815.0,86500.0,-6.3046088218688965,-1.1057833433151243,7.429638862609862
1626,816.0,86600.0,-6.3046088218688965,-1.1057833433151243,7.429638862609862
1627,817.0,86700.0,-6.3246498107910165,-0.9877461194992064,7.4292359352111825
1628,818.0,86800.0,-6.3246498107910165,-0.9877461194992064,7.4292359352111825
1629,819.0,86900.0,-6.294552803039551,-0.9789718985557556,7.455911159515381
1630,820.0,87000.0,-6.294552803039551,-0.9789718985557556,7.455911159515381
1631,821.0,87100.0,-6.337623596191406,-0.9730252623558044,7.420116901397705
1632,822.0,87200.0,-6.30433988571167,-0.9999653100967408,7.444847106933594
1633,823.0,87300.0,-6.30433988571167,-0.9999653100967408,7.444847106933594
1634,824.0,87400.0,-6.321278095245361,-1.0260828733444214,7.426909446716309
1635,825.0,87500.0,-6.321278095245361,-1.0260828733444214,7.426909446716309
1636,826.0,87600.0,-6.301208972930907,-0.9998466372489928,7.447514057159424
1637,827.0,87700.0,-6.301208972930907,-0.9998466372489928,7.447514057159424
1638,828.0,87800.0,-6.258969783782959,-1.0110180377960205,7.481545925140381
1639,829.0,87900.0,-6.258969783782959,-1.0110180377960205,7.481545925140381
1640,830.0,88000.0,-6.23379373550415,-1.0154255628585815,7.50193977355957
1641,831.0,88100.0,-6.247682094573975,-0.9799261093139648,7.495105266571045
1642,832.0,88200.0,-6.247682094573975,-0.9799261093139648,7.495105266571045
1643,833.0,88300.0,-6.234070301055907,-0.9812886714935304,7.506252765655518
1644,834.0,88400.0,-6.234070301055907,-0.9812886714935304,7.506252765655518
1645,835.0,88500.0,-6.2275590896606445,-0.9773889780044556,7.51216459274292
1646,836.0,88600.0,-6.2275590896606445,-0.9773889780044556,7.51216459274292
1647,837.0,88700.0,-6.222306728363037,-0.9743573665618896,7.516908168792725
1648,838.0,88800.0,-6.222306728363037,-0.9743573665618896,7.516908168792725
1649,839.0,88900.0,-6.221415042877197,-0.9712287187576294,7.5180511474609375
1650,825.0,87500.0,-6.321278095245361,-1.0260828733444214,7.426909446716309
1651,826.0,87600.0,-6.301208972930907,-0.9998466372489928,7.447514057159424
1652,827.0,87700.0,-6.301208972930907,-0.9998466372489928,7.447514057159424
1653,828.0,87800.0,-6.258969783782959,-1.0110180377960205,7.481545925140381
1654,829.0,87900.0,-6.258969783782959,-1.0110180377960205,7.481545925140381
1655,830.0,88000.0,-6.23379373550415,-1.0154255628585815,7.50193977355957
1656,831.0,88100.0,-6.247682094573975,-0.9799261093139648,7.495105266571045
1657,832.0,88200.0,-6.247682094573975,-0.9799261093139648,7.495105266571045
1658,833.0,88300.0,-6.234070301055907,-0.9812886714935304,7.506252765655518
1659,834.0,88400.0,-6.234070301055907,-0.9812886714935304,7.506252765655518
1660,835.0,88500.0,-6.2275590896606445,-0.9773889780044556,7.51216459274292
1661,836.0,88600.0,-6.2275590896606445,-0.9773889780044556,7.51216459274292
1662,837.0,88700.0,-6.222306728363037,-0.9743573665618896,7.516908168792725
1663,838.0,88800.0,-6.222306728363037,-0.9743573665618896,7.516908168792725
1664,839.0,88900.0,-6.221415042877197,-0.9712287187576294,7.5180511474609375
1665,840.0,89000.0,-6.2125186920166025,-0.99663907289505,7.52208137512207
1666,841.0,89100.0,-6.2125186920166025,-0.99663907289505,7.52208137512207
1667,842.0,89200.0,-6.225438594818115,-0.928520917892456,7.520116806030272
1668,843.0,89300.0,-6.225438594818115,-0.928520917892456,7.520116806030272
1669,844.0,89400.0,-6.211751461029053,-0.9226318597793579,7.532149314880371
1670,845.0,89500.0,-6.211751461029053,-0.9226318597793579,7.532149314880371
1671,846.0,89600.0,-6.229555130004883,-0.9219897985458374,7.517510414123535
1672,847.0,89700.0,-6.229555130004883,-0.9219897985458374,7.517510414123535
1673,848.0,89800.0,-6.233693599700928,-0.9240981340408324,7.513820171356201
1674,849.0,89900.0,-6.2466559410095215,-0.9292568564414978,7.502409934997559
1675,850.0,90000.0,-6.2466559410095215,-0.9292568564414978,7.502409934997559
1676,851.0,90100.0,-6.2547149658203125,-0.9358111023902892,7.494877815246582
1677,852.0,90200.0,-6.2547149658203125,-0.9358111023902892,7.494877815246582
1678,853.0,90300.0,-6.258983135223389,-0.9506687521934508,7.489442825317383
1679,854.0,90400.0,-6.258983135223389,-0.9506687521934508,7.489442825317383
1680,840.0,89000.0,-6.2125186920166025,-0.99663907289505,7.52208137512207
1681,841.0,89100.0,-6.2125186920166025,-0.99663907289505,7.52208137512207
1682,842.0,89200.0,-6.225438594818115,-0.928520917892456,7.520116806030272
1683,843.0,89300.0,-6.225438594818115,-0.928520917892456,7.520116806030272
1684,844.0,89400.0,-6.211751461029053,-0.9226318597793579,7.532149314880371
1685,845.0,89500.0,-6.211751461029053,-0.9226318597793579,7.532149314880371
1686,846.0,89600.0,-6.229555130004883,-0.9219897985458374,7.517510414123535
1687,847.0,89700.0,-6.229555130004883,-0.9219897985458374,7.517510414123535
1688,848.0,89800.0,-6.233693599700928,-0.9240981340408324,7.513820171356201
1689,849.0,89900.0,-6.2466559410095215,-0.9292568564414978,7.502409934997559
1690,850.0,90000.0,-6.2466559410095215,-0.9292568564414978,7.502409934997559
1691,851.0,90100.0,-6.2547149658203125,-0.9358111023902892,7.494877815246582
1692,852.0,90200.0,-6.2547149658203125,-0.9358111023902892,7.494877815246582
1693,853.0,90300.0,-6.258983135223389,-0.9506687521934508,7.489442825317383
1694,854.0,90400.0,-6.258983135223389,-0.9506687521934508,7.489442825317383
1695,855.0,90500.0,-6.2541236877441415,-0.9417410492897034,7.494627952575684
1696,856.0,90600.0,-6.2541236877441415,-0.9417410492897034,7.494627952575684
1697,857.0,90700.0,-6.2579450607299805,-0.9549527168273926,7.489764213562013
1698,858.0,90800.0,-6.2579450607299805,-0.9549527168273926,7.489764213562013
1699,859.0,90900.0,-6.277578830718994,-0.9719748497009276,7.471121788024902
1700,860.0,91000.0,-6.29279899597168,-0.8992708921432495,7.467421531677246
1701,861.0,91100.0,-6.29279899597168,-0.8992708921432495,7.467421531677246
1702,862.0,91200.0,-6.264108657836914,-0.9029834866523744,7.491058349609375
1703,863.0,91300.0,-6.264108657836914,-0.9029834866523744,7.491058349609375
1704,864.0,91400.0,-6.257472991943359,-0.8995219469070435,7.497017860412598
1705,865.0,91500.0,-6.257472991943359,-0.8995219469070435,7.497017860412598
1706,866.0,91600.0,-6.245615482330322,-0.8937599658966064,7.507587432861327
1707,867.0,91700.0,-6.245615482330322,-0.8937599658966064,7.507587432861327
1708,868.0,91800.0,-6.237204074859619,-0.8957651853561401,7.514338970184326
1709,869.0,91900.0,-6.256950855255128,-0.8869813084602356,7.498948574066162
1710,855.0,90500.0,-6.2541236877441415,-0.9417410492897034,7.494627952575684
1711,856.0,90600.0,-6.2541236877441415,-0.9417410492897034,7.494627952575684
1712,857.0,90700.0,-6.2579450607299805,-0.9549527168273926,7.489764213562013
1713,858.0,90800.0,-6.2579450607299805,-0.9549527168273926,7.489764213562013
1714,859.0,90900.0,-6.277578830718994,-0.9719748497009276,7.471121788024902
1715,860.0,91000.0,-6.29279899597168,-0.8992708921432495,7.467421531677246
1716,861.0,91100.0,-6.29279899597168,-0.8992708921432495,7.467421531677246
1717,862.0,91200.0,-6.264108657836914,-0.9029834866523744,7.491058349609375
1718,863.0,91300.0,-6.264108657836914,-0.9029834866523744,7.491058349609375
1719,864.0,91400.0,-6.257472991943359,-0.8995219469070435,7.497017860412598
1720,865.0,91500.0,-6.257472991943359,-0.8995219469070435,7.497017860412598
1721,866.0,91600.0,-6.245615482330322,-0.8937599658966064,7.507587432861327
1722,867.0,91700.0,-6.245615482330322,-0.8937599658966064,7.507587432861327
1723,868.0,91800.0,-6.237204074859619,-0.8957651853561401,7.514338970184326
1724,869.0,91900.0,-6.256950855255128,-0.8869813084602356,7.498948574066162
1725,870.0,92000.0,-6.256950855255128,-0.8869813084602356,7.498948574066162
1726,871.0,92100.0,-6.2629146575927725,-0.9001569747924805,7.492395877838135
1727,872.0,92200.0,-6.2629146575927725,-0.9001569747924805,7.492395877838135
1728,873.0,92300.0,-6.2582759857177725,-0.8818497657775879,7.498446941375732
1729,874.0,92400.0,-6.2582759857177725,-0.8818497657775879,7.498446941375732
1730,875.0,92500.0,-6.2547526359558105,-0.8954311609268188,7.499777317047119
1731,876.0,92600.0,-6.258023738861084,-0.8788783550262451,7.499006748199463
1732,877.0,92700.0,-6.258023738861084,-0.8788783550262451,7.499006748199463
1733,878.0,92800.0,-6.256604194641112,-0.895854651927948,7.4981818199157715
1734,879.0,92900.0,-6.256604194641112,-0.895854651927948,7.4981818199157715
1735,880.0,93000.0,-6.274595737457275,-0.8771870732307434,7.485344409942628
1736,881.0,93100.0,-6.274595737457275,-0.8771870732307434,7.485344409942628
1737,882.0,93200.0,-6.275582790374756,-0.911706268787384,7.480391025543213
1738,883.0,93300.0,-6.275582790374756,-0.911706268787384,7.480391025543213
1739,884.0,93400.0,-6.2970356941223145,-0.9212994575500488,7.461162090301514
1740,870.0,92000.0,-6.256950855255128,-0.8869813084602356,7.498948574066162
1741,871.0,92100.0,-6.2629146575927725,-0.9001569747924805,7.492395877838135
1742,872.0,92200.0,-6.2629146575927725,-0.9001569747924805,7.492395877838135
1743,873.0,92300.0,-6.2582759857177725,-0.8818497657775879,7.498446941375732
1744,874.0,92400.0,-6.2582759857177725,-0.8818497657775879,7.498446941375732
1745,875.0,92500.0,-6.2547526359558105,-0.8954311609268188,7.499777317047119
1746,876.0,92600.0,-6.258023738861084,-0.8788783550262451,7.499006748199463
1747,877.0,92700.0,-6.258023738861084,-0.8788783550262451,7.499006748199463
1748,878.0,92800.0,-6.256604194641112,-0.895854651927948,7.4981818199157715
1749,879.0,92900.0,-6.256604194641112,-0.895854651927948,7.4981818199157715
1750,880.0,93000.0,-6.274595737457275,-0.8771870732307434,7.485344409942628
1751,881.0,93100.0,-6.274595737457275,-0.8771870732307434,7.485344409942628
1752,882.0,93200.0,-6.275582790374756,-0.911706268787384,7.480391025543213
1753,883.0,93300.0,-6.275582790374756,-0.911706268787384,7.480391025543213
1754,884.0,93400.0,-6.2970356941223145,-0.9212994575500488,7.461162090301514
1755,885.0,93500.0,-6.2970356941223145,-0.9212994575500488,7.461162090301514
1756,886.0,93600.0,-6.316082000732423,-0.9483385682106018,7.441649913787843
1757,887.0,93700.0,-6.339344024658202,-0.93905109167099,7.423024177551269
1758,888.0,93800.0,-6.339344024658202,-0.93905109167099,7.423024177551269
1759,889.0,93900.0,-6.333286762237549,-0.9302113652229308,7.429305076599121
1760,890.0,94000.0,-6.333286762237549,-0.9302113652229308,7.429305076599121
1761,891.0,94100.0,-6.3266334533691415,-0.9365730285644532,7.434173583984375
1762,892.0,94200.0,-6.3266334533691415,-0.9365730285644532,7.434173583984375
1763,893.0,94300.0,-6.326608657836914,-0.9175167083740234,7.436569690704348
1764,894.0,94400.0,-6.326608657836914,-0.9175167083740234,7.436569690704348
1765,895.0,94500.0,-6.3250017166137695,-0.9391323328018188,7.435238361358643
1766,896.0,94600.0,-6.346550941467285,-0.9337041974067688,7.417538642883301
1767,897.0,94700.0,-6.346550941467285,-0.9337041974067688,7.417538642883301
1768,898.0,94800.0,-6.347692489624023,-0.9443047642707824,7.415219306945801
1769,899.0,94900.0,-6.347692489624023,-0.9443047642707824,7.415219306945801
1770,885.0,93500.0,-6.2970356941223145,-0.9212994575500488,7.461162090301514
1771,886.0,93600.0,-6.316082000732423,-0.9483385682106018,7.441649913787843
1772,887.0,93700.0,-6.339344024658202,-0.93905109167099,7.423024177551269
1773,888.0,93800.0,-6.339344024658202,-0.93905109167099,7.423024177551269
1774,889.0,93900.0,-6.333286762237549,-0.9302113652229308,7.429305076599121
1775,890.0,94000.0,-6.333286762237549,-0.9302113652229308,7.429305076599121
1776,891.0,94100.0,-6.3266334533691415,-0.9365730285644532,7.434173583984375
1777,892.0,94200.0,-6.3266334533691415,-0.9365730285644532,7.434173583984375
1778,893.0,94300.0,-6.326608657836914,-0.9175167083740234,7.436569690704348
1779,894.0,94400.0,-6.326608657836914,-0.9175167083740234,7.436569690704348
1780,895.0,94500.0,-6.3250017166137695,-0.9391323328018188,7.435238361358643
1781,896.0,94600.0,-6.346550941467285,-0.9337041974067688,7.417538642883301
1782,897.0,94700.0,-6.346550941467285,-0.9337041974067688,7.417538642883301
1783,898.0,94800.0,-6.347692489624023,-0.9443047642707824,7.415219306945801
1784,899.0,94900.0,-6.347692489624023,-0.9443047642707824,7.415219306945801
1785,900.0,95000.0,-6.361721038818359,-0.9131442308425904,7.407094955444336
1786,901.0,95100.0,-6.361721038818359,-0.9131442308425904,7.407094955444336
1787,902.0,95200.0,-6.347350120544434,-0.9303230047225952,7.41727876663208
1788,903.0,95300.0,-6.347350120544434,-0.9303230047225952,7.41727876663208
1789,904.0,95400.0,-6.347565174102782,-0.932515561580658,7.4168195724487305
1790,905.0,95500.0,-6.354318141937256,-0.9462351799011228,7.409295558929442
1791,906.0,95600.0,-6.354318141937256,-0.9462351799011228,7.409295558929442
1792,907.0,95700.0,-6.364993572235107,-0.9513772130012512,7.399468421936035
1793,908.0,95800.0,-6.364993572235107,-0.9513772130012512,7.399468421936035
1794,909.0,95900.0,-6.386275768280027,-0.9192074537277222,7.385182857513428
1795,910.0,96000.0,-6.386275768280027,-0.9192074537277222,7.385182857513428
1796,911.0,96100.0,-6.369229316711426,-0.934141993522644,7.398018836975098
1797,912.0,96200.0,-6.369229316711426,-0.934141993522644,7.398018836975098
1798,913.0,96300.0,-6.3702354431152335,-0.9475777745246888,7.395443439483643
1799,914.0,96400.0,-6.371226787567139,-0.9547244310379028,7.393670082092285
1800,900.0,95000.0,-6.361721038818359,-0.9131442308425904,7.407094955444336
1801,901.0,95100.0,-6.361721038818359,-0.9131442308425904,7.407094955444336
1802,902.0,95200.0,-6.347350120544434,-0.9303230047225952,7.41727876663208
1803,903.0,95300.0,-6.347350120544434,-0.9303230047225952,7.41727876663208
1804,904.0,95400.0,-6.347565174102782,-0.932515561580658,7.4168195724487305
1805,905.0,95500.0,-6.354318141937256,-0.9462351799011228,7.409295558929442
1806,906.0,95600.0,-6.354318141937256,-0.9462351799011228,7.409295558929442
1807,907.0,95700.0,-6.364993572235107,-0.9513772130012512,7.399468421936035
1808,908.0,95800.0,-6.364993572235107,-0.9513772130012512,7.399468421936035
1809,909.0,95900.0,-6.386275768280027,-0.9192074537277222,7.385182857513428
1810,910.0,96000.0,-6.386275768280027,-0.9192074537277222,7.385182857513428
1811,911.0,96100.0,-6.369229316711426,-0.934141993522644,7.398018836975098
1812,912.0,96200.0,-6.369229316711426,-0.934141993522644,7.398018836975098
1813,913.0,96300.0,-6.3702354431152335,-0.9475777745246888,7.395443439483643
1814,914.0,96400.0,-6.371226787567139,-0.9547244310379028,7.393670082092285
1815,915.0,96500.0,-6.371226787567139,-0.9547244310379028,7.393670082092285
1816,916.0,96600.0,-6.383434295654298,-0.9352709650993348,7.385622978210449
1817,917.0,96700.0,-6.383434295654298,-0.9352709650993348,7.385622978210449
1818,918.0,96800.0,-6.380040168762207,-0.9391121864318848,7.388068199157715
1819,919.0,96900.0,-6.380040168762207,-0.9391121864318848,7.388068199157715
1820,920.0,97000.0,-6.382641315460205,-0.9365984201431274,7.386140823364258
1821,921.0,97100.0,-6.382641315460205,-0.9365984201431274,7.386140823364258
1822,922.0,97200.0,-6.377406120300293,-0.9261261224746704,7.391980171203612
1823,923.0,97300.0,-6.396597862243652,-0.9299828410148621,7.374892711639402
1824,924.0,97400.0,-6.396597862243652,-0.9299828410148621,7.374892711639402
1825,925.0,97500.0,-6.397149085998535,-0.9326584935188292,7.374076843261719
1826,926.0,97600.0,-6.397149085998535,-0.9326584935188292,7.374076843261719
1827,927.0,97700.0,-6.400078296661378,-0.9308604598045348,7.371762752532959
1828,928.0,97800.0,-6.400078296661378,-0.9308604598045348,7.371762752532959
1829,929.0,97900.0,-6.400574207305907,-0.9453083872795104,7.369493007659912
1830,915.0,96500.0,-6.371226787567139,-0.9547244310379028,7.393670082092285
1831,916.0,96600.0,-6.383434295654298,-0.9352709650993348,7.385622978210449
1832,917.0,96700.0,-6.383434295654298,-0.9352709650993348,7.385622978210449
1833,918.0,96800.0,-6.380040168762207,-0.9391121864318848,7.388068199157715
1834,919.0,96900.0,-6.380040168762207,-0.9391121864318848,7.388068199157715
1835,920.0,97000.0,-6.382641315460205,-0.9365984201431274,7.386140823364258
1836,921.0,97100.0,-6.382641315460205,-0.9365984201431274,7.386140823364258
1837,922.0,97200.0,-6.377406120300293,-0.9261261224746704,7.391980171203612
1838,923.0,97300.0,-6.396597862243652,-0.9299828410148621,7.374892711639402
1839,924.0,97400.0,-6.396597862243652,-0.9299828410148621,7.374892711639402
1840,925.0,97500.0,-6.397149085998535,-0.9326584935188292,7.374076843261719
1841,926.0,97600.0,-6.397149085998535,-0.9326584935188292,7.374076843261719
1842,927.0,97700.0,-6.400078296661378,-0.9308604598045348,7.371762752532959
1843,928.0,97800.0,-6.400078296661378,-0.9308604598045348,7.371762752532959
1844,929.0,97900.0,-6.400574207305907,-0.9453083872795104,7.369493007659912
1845,930.0,98000.0,-6.400574207305907,-0.9453083872795104,7.369493007659912
1846,931.0,98100.0,-6.408289909362793,-0.9305506944656372,7.3646650314331055
1847,932.0,98200.0,-6.440780162811277,-0.9463055729866028,7.334251880645753
1848,933.0,98300.0,-6.440780162811277,-0.9463055729866028,7.334251880645753
1849,934.0,98400.0,-6.433299541473389,-0.9336191415786744,7.342438697814941
1850,935.0,98500.0,-6.433299541473389,-0.9336191415786744,7.342438697814941
1851,936.0,98600.0,-6.438403129577638,-0.9234040379524232,7.339255809783935
1852,937.0,98700.0,-6.438403129577638,-0.9234040379524232,7.339255809783935
1853,938.0,98800.0,-6.4240570068359375,-0.942341685295105,7.349413394927978
1854,939.0,98900.0,-6.4240570068359375,-0.942341685295105,7.349413394927978
1855,940.0,99000.0,-6.42366886138916,-0.9203633666038512,7.352536678314209
1856,941.0,99100.0,-6.394501209259032,-0.9197548627853394,7.3779945373535165
1857,942.0,99200.0,-6.394501209259032,-0.9197548627853394,7.3779945373535165
1858,943.0,99300.0,-6.376943588256836,-0.9216644763946532,7.392937660217285
1859,944.0,99400.0,-6.376943588256836,-0.9216644763946532,7.392937660217285
1860,930.0,98000.0,-6.400574207305907,-0.9453083872795104,7.369493007659912
1861,931.0,98100.0,-6.408289909362793,-0.9305506944656372,7.3646650314331055
1862,932.0,98200.0,-6.440780162811277,-0.9463055729866028,7.334251880645753
1863,933.0,98300.0,-6.440780162811277,-0.9463055729866028,7.334251880645753
1864,934.0,98400.0,-6.433299541473389,-0.9336191415786744,7.342438697814941
1865,935.0,98500.0,-6.433299541473389,-0.9336191415786744,7.342438697814941
1866,936.0,98600.0,-6.438403129577638,-0.9234040379524232,7.339255809783935
1867,937.0,98700.0,-6.438403129577638,-0.9234040379524232,7.339255809783935
1868,938.0,98800.0,-6.4240570068359375,-0.942341685295105,7.349413394927978
1869,939.0,98900.0,-6.4240570068359375,-0.942341685295105,7.349413394927978
1870,940.0,99000.0,-6.42366886138916,-0.9203633666038512,7.352536678314209
1871,941.0,99100.0,-6.394501209259032,-0.9197548627853394,7.3779945373535165
1872,942.0,99200.0,-6.394501209259032,-0.9197548627853394,7.3779945373535165
1873,943.0,99300.0,-6.376943588256836,-0.9216644763946532,7.392937660217285
1874,944.0,99400.0,-6.376943588256836,-0.9216644763946532,7.392937660217285
1875,945.0,99500.0,-6.373553276062013,-0.9821066856384276,7.388077259063723
1876,946.0,99600.0,-6.373553276062013,-0.9821066856384276,7.388077259063723
1877,947.0,99700.0,-6.494929790496826,-1.0072147846221924,7.278172016143799
1878,948.0,99800.0,-6.494929790496826,-1.0072147846221924,7.278172016143799
1879,949.0,99900.0,-6.489712715148926,-1.0185626745224,7.281246185302733
1880,950.0,100000.0,-6.490346431732178,-1.0071753263473509,7.282265663146973
1881,951.0,100100.0,-6.490346431732178,-1.0071753263473509,7.282265663146973
1882,952.0,100200.0,-6.475965976715088,-0.9387226104736328,7.30418062210083
1883,953.0,100300.0,-6.475965976715088,-0.9387226104736328,7.30418062210083
1884,954.0,100400.0,-6.457200527191162,-0.9483619332313538,7.31953239440918
1885,955.0,100500.0,-6.457200527191162,-0.9483619332313538,7.31953239440918
1886,956.0,100600.0,-6.432801246643066,-0.9516782164573668,7.340555667877197
1887,957.0,100700.0,-6.432801246643066,-0.9516782164573668,7.340555667877197
1888,958.0,100800.0,-6.432472229003906,-0.9534855484962464,7.340610504150391
1889,959.0,100900.0,-6.437040328979492,-0.9492977857589722,7.337147235870361
1890,945.0,99500.0,-6.373553276062013,-0.9821066856384276,7.388077259063723
1891,946.0,99600.0,-6.373553276062013,-0.9821066856384276,7.388077259063723
1892,947.0,99700.0,-6.494929790496826,-1.0072147846221924,7.278172016143799
1893,948.0,99800.0,-6.494929790496826,-1.0072147846221924,7.278172016143799
1894,949.0,99900.0,-6.489712715148926,-1.0185626745224,7.281246185302733
1895,950.0,100000.0,-6.490346431732178,-1.0071753263473509,7.282265663146973
1896,951.0,100100.0,-6.490346431732178,-1.0071753263473509,7.282265663146973
1897,952.0,100200.0,-6.475965976715088,-0.9387226104736328,7.30418062210083
1898,953.0,100300.0,-6.475965976715088,-0.9387226104736328,7.30418062210083
1899,954.0,100400.0,-6.457200527191162,-0.9483619332313538,7.31953239440918
1900,955.0,100500.0,-6.457200527191162,-0.9483619332313538,7.31953239440918
1901,956.0,100600.0,-6.432801246643066,-0.9516782164573668,7.340555667877197
1902,957.0,100700.0,-6.432801246643066,-0.9516782164573668,7.340555667877197
1903,958.0,100800.0,-6.432472229003906,-0.9534855484962464,7.340610504150391
1904,959.0,100900.0,-6.437040328979492,-0.9492977857589722,7.337147235870361
1905,960.0,101000.0,-6.437040328979492,-0.9492977857589722,7.337147235870361
1906,961.0,101100.0,-6.4322285652160645,-0.922622799873352,7.344766616821289
1907,962.0,101200.0,-6.4322285652160645,-0.922622799873352,7.344766616821289
1908,963.0,101300.0,-6.415633678436277,-0.9368869066238404,7.357463836669923
1909,964.0,101400.0,-6.415633678436277,-0.9368869066238404,7.357463836669923
1910,965.0,101500.0,-6.420200347900392,-0.9294988512992859,7.354417324066162
1911,966.0,101600.0,-6.420200347900392,-0.9294988512992859,7.354417324066162
1912,967.0,101700.0,-6.426126956939697,-0.9319663643836976,7.348926544189452
1913,968.0,101800.0,-6.424422740936277,-0.9357610940933228,7.349933624267577
1914,969.0,101900.0,-6.424422740936277,-0.9357610940933228,7.349933624267577
1915,970.0,102000.0,-6.427108287811277,-0.9295538067817688,7.348374366760254
1916,971.0,102100.0,-6.427108287811277,-0.9295538067817688,7.348374366760254
1917,972.0,102200.0,-6.42967414855957,-0.9373840093612672,7.345133304595947
1918,973.0,102300.0,-6.42967414855957,-0.9373840093612672,7.345133304595947
1919,974.0,102400.0,-6.433696746826173,-0.8990651369094849,7.346401214599608
1920,960.0,101000.0,-6.437040328979492,-0.9492977857589722,7.337147235870361
1921,961.0,101100.0,-6.4322285652160645,-0.922622799873352,7.344766616821289
1922,962.0,101200.0,-6.4322285652160645,-0.922622799873352,7.344766616821289
1923,963.0,101300.0,-6.415633678436277,-0.9368869066238404,7.357463836669923
1924,964.0,101400.0,-6.415633678436277,-0.9368869066238404,7.357463836669923
1925,965.0,101500.0,-6.420200347900392,-0.9294988512992859,7.354417324066162
1926,966.0,101600.0,-6.420200347900392,-0.9294988512992859,7.354417324066162
1927,967.0,101700.0,-6.426126956939697,-0.9319663643836976,7.348926544189452
1928,968.0,101800.0,-6.424422740936277,-0.9357610940933228,7.349933624267577
1929,969.0,101900.0,-6.424422740936277,-0.9357610940933228,7.349933624267577
1930,970.0,102000.0,-6.427108287811277,-0.9295538067817688,7.348374366760254
1931,971.0,102100.0,-6.427108287811277,-0.9295538067817688,7.348374366760254
1932,972.0,102200.0,-6.42967414855957,-0.9373840093612672,7.345133304595947
1933,973.0,102300.0,-6.42967414855957,-0.9373840093612672,7.345133304595947
1934,974.0,102400.0,-6.433696746826173,-0.8990651369094849,7.346401214599608
1935,975.0,102500.0,-6.433696746826173,-0.8990651369094849,7.346401214599608
1936,976.0,102600.0,-6.416429042816162,-0.8998252749443054,7.361395835876465
1937,977.0,102700.0,-6.406221389770508,-0.9167153239250184,7.368197917938232
1938,978.0,102800.0,-6.406221389770508,-0.9167153239250184,7.368197917938232
1939,979.0,102900.0,-6.409365177154541,-0.9247463941574096,7.364460468292236
1940,980.0,103000.0,-6.409365177154541,-0.9247463941574096,7.364460468292236
1941,981.0,103100.0,-6.422930717468263,-0.90968120098114,7.35451078414917
1942,982.0,103200.0,-6.422930717468263,-0.90968120098114,7.35451078414917
1943,983.0,103300.0,-6.413328170776367,-0.9225830435752868,7.36128044128418
1944,984.0,103400.0,-6.413328170776367,-0.9225830435752868,7.36128044128418
1945,985.0,103500.0,-6.415585994720459,-0.9204416871070862,7.359581470489503
1946,986.0,103600.0,-6.414454460144043,-0.913038432598114,7.361489772796631
1947,987.0,103700.0,-6.414454460144043,-0.913038432598114,7.361489772796631
1948,988.0,103800.0,-6.400928497314452,-0.8936147689819336,7.375632762908935
1949,989.0,103900.0,-6.400928497314452,-0.8936147689819336,7.375632762908935
1950,975.0,102500.0,-6.433696746826173,-0.8990651369094849,7.346401214599608
1951,976.0,102600.0,-6.416429042816162,-0.8998252749443054,7.361395835876465
1952,977.0,102700.0,-6.406221389770508,-0.9167153239250184,7.368197917938232
1953,978.0,102800.0,-6.406221389770508,-0.9167153239250184,7.368197917938232
1954,979.0,102900.0,-6.409365177154541,-0.9247463941574096,7.364460468292236
1955,980.0,103000.0,-6.409365177154541,-0.9247463941574096,7.364460468292236
1956,981.0,103100.0,-6.422930717468263,-0.90968120098114,7.35451078414917
1957,982.0,103200.0,-6.422930717468263,-0.90968120098114,7.35451078414917
1958,983.0,103300.0,-6.413328170776367,-0.9225830435752868,7.36128044128418
1959,984.0,103400.0,-6.413328170776367,-0.9225830435752868,7.36128044128418
1960,985.0,103500.0,-6.415585994720459,-0.9204416871070862,7.359581470489503
1961,986.0,103600.0,-6.414454460144043,-0.913038432598114,7.361489772796631
1962,987.0,103700.0,-6.414454460144043,-0.913038432598114,7.361489772796631
1963,988.0,103800.0,-6.400928497314452,-0.8936147689819336,7.375632762908935
1964,989.0,103900.0,-6.400928497314452,-0.8936147689819336,7.375632762908935
1965,990.0,104000.0,-6.390400409698486,-0.8854027986526489,7.385745048522949
1966,991.0,104100.0,-6.390400409698486,-0.8854027986526489,7.385745048522949
1967,992.0,104200.0,-6.375146389007568,-0.9037261009216307,7.396701335906982
1968,993.0,104300.0,-6.375146389007568,-0.9037261009216307,7.396701335906982
1969,994.0,104400.0,-6.389427661895753,-0.9200053215026855,7.382356643676758
1970,995.0,104500.0,-6.405128002166747,-0.9103347063064576,7.3699398040771475
1971,996.0,104600.0,-6.405128002166747,-0.9103347063064576,7.3699398040771475
1972,997.0,104700.0,-6.3933658599853525,-1.0089298486709597,7.36731481552124
1973,998.0,104800.0,-6.3933658599853525,-1.0089298486709597,7.36731481552124
1974,999.0,104900.0,-6.512997627258301,-0.9097259044647216,7.2748637199401855
1975,1000.0,105000.0,-6.512997627258301,-0.9097259044647216,7.2748637199401855
1976,1001.0,105100.0,-6.429214954376223,-0.996382772922516,7.337765693664551
1977,1002.0,105200.0,-6.429214954376223,-0.996382772922516,7.337765693664551
1978,1003.0,105300.0,-6.471091747283936,-0.9492626786231996,7.307137489318848
1979,1004.0,105400.0,-6.4502501487731925,-0.928642213344574,7.328184604644775
1980,990.0,104000.0,-6.390400409698486,-0.8854027986526489,7.385745048522949
1981,991.0,104100.0,-6.390400409698486,-0.8854027986526489,7.385745048522949
1982,992.0,104200.0,-6.375146389007568,-0.9037261009216307,7.396701335906982
1983,993.0,104300.0,-6.375146389007568,-0.9037261009216307,7.396701335906982
1984,994.0,104400.0,-6.389427661895753,-0.9200053215026855,7.382356643676758
1985,995.0,104500.0,-6.405128002166747,-0.9103347063064576,7.3699398040771475
1986,996.0,104600.0,-6.405128002166747,-0.9103347063064576,7.3699398040771475
1987,997.0,104700.0,-6.3933658599853525,-1.0089298486709597,7.36731481552124
1988,998.0,104800.0,-6.3933658599853525,-1.0089298486709597,7.36731481552124
1989,999.0,104900.0,-6.512997627258301,-0.9097259044647216,7.2748637199401855
1990,1000.0,105000.0,-6.512997627258301,-0.9097259044647216,7.2748637199401855
1991,1001.0,105100.0,-6.429214954376223,-0.996382772922516,7.337765693664551
1992,1002.0,105200.0,-6.429214954376223,-0.996382772922516,7.337765693664551
1993,1003.0,105300.0,-6.471091747283936,-0.9492626786231996,7.307137489318848
1994,1004.0,105400.0,-6.4502501487731925,-0.928642213344574,7.328184604644775
1995,1005.0,105500.0,-6.4502501487731925,-0.928642213344574,7.328184604644775
1996,1006.0,105600.0,-6.46159553527832,-0.9426201581954956,7.316395282745361
1997,1007.0,105700.0,-6.46159553527832,-0.9426201581954956,7.316395282745361
1998,1008.0,105800.0,-6.44268798828125,-0.9422215223312378,7.333101749420166
1999,1009.0,105900.0,-6.44268798828125,-0.9422215223312378,7.333101749420166
2000,1010.0,106000.0,-6.450164318084718,-0.9215309023857116,7.329157829284668
2001,1011.0,106100.0,-6.450164318084718,-0.9215309023857116,7.329157829284668
2002,1012.0,106200.0,-6.455814838409424,-0.9313284158706664,7.322941780090332
2003,1013.0,106300.0,-6.466215133666992,-0.9342255592346193,7.313390254974365
2004,1014.0,106400.0,-6.466215133666992,-0.9342255592346193,7.313390254974365
2005,1015.0,106500.0,-6.4692344665527335,-0.924863874912262,7.31190824508667
2006,1016.0,106600.0,-6.4692344665527335,-0.924863874912262,7.31190824508667
2007,1017.0,106700.0,-6.449605941772461,-0.9375418424606324,7.32761812210083
2008,1018.0,106800.0,-6.449605941772461,-0.9375418424606324,7.32761812210083
2009,1019.0,106900.0,-6.453717231750487,-0.933516561985016,7.324512004852295
2010,1005.0,105500.0,-6.4502501487731925,-0.928642213344574,7.328184604644775
2011,1006.0,105600.0,-6.46159553527832,-0.9426201581954956,7.316395282745361
2012,1007.0,105700.0,-6.46159553527832,-0.9426201581954956,7.316395282745361
2013,1008.0,105800.0,-6.44268798828125,-0.9422215223312378,7.333101749420166
2014,1009.0,105900.0,-6.44268798828125,-0.9422215223312378,7.333101749420166
2015,1010.0,106000.0,-6.450164318084718,-0.9215309023857116,7.329157829284668
2016,1011.0,106100.0,-6.450164318084718,-0.9215309023857116,7.329157829284668
2017,1012.0,106200.0,-6.455814838409424,-0.9313284158706664,7.322941780090332
2018,1013.0,106300.0,-6.466215133666992,-0.9342255592346193,7.313390254974365
2019,1014.0,106400.0,-6.466215133666992,-0.9342255592346193,7.313390254974365
2020,1015.0,106500.0,-6.4692344665527335,-0.924863874912262,7.31190824508667
2021,1016.0,106600.0,-6.4692344665527335,-0.924863874912262,7.31190824508667
2022,1017.0,106700.0,-6.449605941772461,-0.9375418424606324,7.32761812210083
2023,1018.0,106800.0,-6.449605941772461,-0.9375418424606324,7.32761812210083
2024,1019.0,106900.0,-6.453717231750487,-0.933516561985016,7.324512004852295
2025,1020.0,107000.0,-6.453717231750487,-0.933516561985016,7.324512004852295
2026,1021.0,107100.0,-6.435147762298584,-0.9643954038619996,7.336839199066162
2027,1022.0,107200.0,-6.435595512390138,-0.9359133839607242,7.3401336669921875
2028,1023.0,107300.0,-6.435595512390138,-0.9359133839607242,7.3401336669921875
2029,1024.0,107400.0,-6.422303199768066,-0.9047045707702636,7.355672836303711
2030,1025.0,107500.0,-6.422303199768066,-0.9047045707702636,7.355672836303711
2031,1026.0,107600.0,-6.415622234344482,-0.9218120574951172,7.359377384185791
2032,1027.0,107700.0,-6.415622234344482,-0.9218120574951172,7.359377384185791
2033,1028.0,107800.0,-6.417078971862793,-0.9148746728897096,7.358973503112793
2034,1029.0,107900.0,-6.417078971862793,-0.9148746728897096,7.358973503112793
2035,1030.0,108000.0,-6.404885292053223,-0.9045894145965576,7.370858192443848
2036,1031.0,108100.0,-6.385494709014893,-0.9041308760643004,7.3877196311950675
2037,1032.0,108200.0,-6.385494709014893,-0.9041308760643004,7.3877196311950675
2038,1033.0,108300.0,-6.381854057312013,-0.9001789093017578,7.391346454620361
2039,1034.0,108400.0,-6.381854057312013,-0.9001789093017578,7.391346454620361
2040,1020.0,107000.0,-6.453717231750487,-0.933516561985016,7.324512004852295
2041,1021.0,107100.0,-6.435147762298584,-0.9643954038619996,7.336839199066162
2042,1022.0,107200.0,-6.435595512390138,-0.9359133839607242,7.3401336669921875
2043,1023.0,107300.0,-6.435595512390138,-0.9359133839607242,7.3401336669921875
2044,1024.0,107400.0,-6.422303199768066,-0.9047045707702636,7.355672836303711
2045,1025.0,107500.0,-6.422303199768066,-0.9047045707702636,7.355672836303711
2046,1026.0,107600.0,-6.415622234344482,-0.9218120574951172,7.359377384185791
2047,1027.0,107700.0,-6.415622234344482,-0.9218120574951172,7.359377384185791
2048,1028.0,107800.0,-6.417078971862793,-0.9148746728897096,7.358973503112793
2049,1029.0,107900.0,-6.417078971862793,-0.9148746728897096,7.358973503112793
2050,1030.0,108000.0,-6.404885292053223,-0.9045894145965576,7.370858192443848
2051,1031.0,108100.0,-6.385494709014893,-0.9041308760643004,7.3877196311950675
2052,1032.0,108200.0,-6.385494709014893,-0.9041308760643004,7.3877196311950675
2053,1033.0,108300.0,-6.381854057312013,-0.9001789093017578,7.391346454620361
2054,1034.0,108400.0,-6.381854057312013,-0.9001789093017578,7.391346454620361
2055,1035.0,108500.0,-6.3777852058410645,-0.9029411077499392,7.394521236419678
2056,1036.0,108600.0,-6.3777852058410645,-0.9029411077499392,7.394521236419678
2057,1037.0,108700.0,-6.373512268066406,-0.9278624653816224,7.395119667053223
2058,1038.0,108800.0,-6.373512268066406,-0.9278624653816224,7.395119667053223
2059,1039.0,108900.0,-6.376012325286865,-0.9329840540885924,7.39232063293457
2060,1040.0,109000.0,-6.397310256958008,-0.9315803050994872,7.374074459075928
2061,1041.0,109100.0,-6.397310256958008,-0.9315803050994872,7.374074459075928
2062,1042.0,109200.0,-6.391366958618164,-0.92334645986557,7.380260467529298
2063,1043.0,109300.0,-6.391366958618164,-0.92334645986557,7.380260467529298
2064,1044.0,109400.0,-6.398008346557617,-0.9184335470199584,7.37511682510376
2065,1045.0,109500.0,-6.398008346557617,-0.9184335470199584,7.37511682510376
2066,1046.0,109600.0,-6.397943019866943,-0.9161986112594604,7.375452518463135
2067,1047.0,109700.0,-6.397943019866943,-0.9161986112594604,7.375452518463135
2068,1048.0,109800.0,-6.40035343170166,-0.9223796725273132,7.372590065002441
2069,1049.0,109900.0,-6.398401737213135,-0.9074801802635192,7.376132011413574
2070,1035.0,108500.0,-6.3777852058410645,-0.9029411077499392,7.394521236419678
2071,1036.0,108600.0,-6.3777852058410645,-0.9029411077499392,7.394521236419678
2072,1037.0,108700.0,-6.373512268066406,-0.9278624653816224,7.395119667053223
2073,1038.0,108800.0,-6.373512268066406,-0.9278624653816224,7.395119667053223
2074,1039.0,108900.0,-6.376012325286865,-0.9329840540885924,7.39232063293457
2075,1040.0,109000.0,-6.397310256958008,-0.9315803050994872,7.374074459075928
2076,1041.0,109100.0,-6.397310256958008,-0.9315803050994872,7.374074459075928
2077,1042.0,109200.0,-6.391366958618164,-0.92334645986557,7.380260467529298
2078,1043.0,109300.0,-6.391366958618164,-0.92334645986557,7.380260467529298
2079,1044.0,109400.0,-6.398008346557617,-0.9184335470199584,7.37511682510376
2080,1045.0,109500.0,-6.398008346557617,-0.9184335470199584,7.37511682510376
2081,1046.0,109600.0,-6.397943019866943,-0.9161986112594604,7.375452518463135
2082,1047.0,109700.0,-6.397943019866943,-0.9161986112594604,7.375452518463135
2083,1048.0,109800.0,-6.40035343170166,-0.9223796725273132,7.372590065002441
2084,1049.0,109900.0,-6.398401737213135,-0.9074801802635192,7.376132011413574
2085,1050.0,110000.0,-6.398401737213135,-0.9074801802635192,7.376132011413574
2086,1051.0,110100.0,-6.39138650894165,-0.9109230041503906,7.3817877769470215
2087,1052.0,110200.0,-6.39138650894165,-0.9109230041503906,7.3817877769470215
2088,1053.0,110300.0,-6.4035515785217285,-0.8960910439491272,7.3730549812316895
2089,1054.0,110400.0,-6.4035515785217285,-0.8960910439491272,7.3730549812316895
2090,1055.0,110500.0,-6.391430377960205,-0.9122613072395324,7.381584644317628
2091,1056.0,110600.0,-6.391430377960205,-0.9122613072395324,7.381584644317628
2092,1057.0,110700.0,-6.3876261711120605,-0.9185711741447448,7.38409423828125
2093,1058.0,110800.0,-6.374213218688965,-0.8827692270278931,7.4000349044799805
2094,1059.0,110900.0,-6.374213218688965,-0.8827692270278931,7.4000349044799805
2095,1060.0,111000.0,-6.373013019561768,-0.8925193548202515,7.399899005889893
2096,1061.0,111100.0,-6.373013019561768,-0.8925193548202515,7.399899005889893
2097,1062.0,111200.0,-6.384359836578369,-0.8931541442871094,7.390035152435303
2098,1063.0,111300.0,-6.384359836578369,-0.8931541442871094,7.390035152435303
2099,1064.0,111400.0,-6.388123512268066,-0.8923635482788086,7.38687801361084
2100,1050.0,110000.0,-6.398401737213135,-0.9074801802635192,7.376132011413574
2101,1051.0,110100.0,-6.39138650894165,-0.9109230041503906,7.3817877769470215
2102,1052.0,110200.0,-6.39138650894165,-0.9109230041503906,7.3817877769470215
2103,1053.0,110300.0,-6.4035515785217285,-0.8960910439491272,7.3730549812316895
2104,1054.0,110400.0,-6.4035515785217285,-0.8960910439491272,7.3730549812316895
2105,1055.0,110500.0,-6.391430377960205,-0.9122613072395324,7.381584644317628
2106,1056.0,110600.0,-6.391430377960205,-0.9122613072395324,7.381584644317628
2107,1057.0,110700.0,-6.3876261711120605,-0.9185711741447448,7.38409423828125
2108,1058.0,110800.0,-6.374213218688965,-0.8827692270278931,7.4000349044799805
2109,1059.0,110900.0,-6.374213218688965,-0.8827692270278931,7.4000349044799805
2110,1060.0,111000.0,-6.373013019561768,-0.8925193548202515,7.399899005889893
2111,1061.0,111100.0,-6.373013019561768,-0.8925193548202515,7.399899005889893
2112,1062.0,111200.0,-6.384359836578369,-0.8931541442871094,7.390035152435303
2113,1063.0,111300.0,-6.384359836578369,-0.8931541442871094,7.390035152435303
2114,1064.0,111400.0,-6.388123512268066,-0.8923635482788086,7.38687801361084
2115,1065.0,111500.0,-6.388123512268066,-0.8923635482788086,7.38687801361084
2116,1066.0,111600.0,-6.385809421539308,-0.8846072554588318,7.389810085296631
2117,1067.0,111700.0,-6.385166645050049,-0.8939210176467896,7.389245510101317
2118,1068.0,111800.0,-6.385166645050049,-0.8939210176467896,7.389245510101317
2119,1069.0,111900.0,-6.386024951934815,-0.8971122503280641,7.388116359710692
2120,1070.0,112000.0,-6.386024951934815,-0.8971122503280641,7.388116359710692
2121,1071.0,112100.0,-6.381503582000732,-0.8987088203430176,7.3918280601501465
2122,1072.0,112200.0,-6.381503582000732,-0.8987088203430176,7.3918280601501465
2123,1073.0,112300.0,-6.371333122253418,-0.9361714720726012,7.3959503173828125
2124,1074.0,112400.0,-6.371333122253418,-0.9361714720726012,7.3959503173828125
2125,1075.0,112500.0,-6.4014525413513175,-0.9662184715270996,7.366018295288086
2126,1076.0,112600.0,-6.398300647735598,-0.941902995109558,7.371902942657473
2127,1077.0,112700.0,-6.398300647735598,-0.941902995109558,7.371902942657473
2128,1078.0,112800.0,-6.447290420532228,-0.9295558333396912,7.330672740936277
2129,1079.0,112900.0,-6.447290420532228,-0.9295558333396912,7.330672740936277
2130,1065.0,111500.0,-6.388123512268066,-0.8923635482788086,7.38687801361084
2131,1066.0,111600.0,-6.385809421539308,-0.8846072554588318,7.389810085296631
2132,1067.0,111700.0,-6.385166645050049,-0.8939210176467896,7.389245510101317
2133,1068.0,111800.0,-6.385166645050049,-0.8939210176467896,7.389245510101317
2134,1069.0,111900.0,-6.386024951934815,-0.8971122503280641,7.388116359710692
2135,1070.0,112000.0,-6.386024951934815,-0.8971122503280641,7.388116359710692
2136,1071.0,112100.0,-6.381503582000732,-0.8987088203430176,7.3918280601501465
2137,1072.0,112200.0,-6.381503582000732,-0.8987088203430176,7.3918280601501465
2138,1073.0,112300.0,-6.371333122253418,-0.9361714720726012,7.3959503173828125
2139,1074.0,112400.0,-6.371333122253418,-0.9361714720726012,7.3959503173828125
2140,1075.0,112500.0,-6.4014525413513175,-0.9662184715270996,7.366018295288086
2141,1076.0,112600.0,-6.398300647735598,-0.941902995109558,7.371902942657473
2142,1077.0,112700.0,-6.398300647735598,-0.941902995109558,7.371902942657473
2143,1078.0,112800.0,-6.447290420532228,-0.9295558333396912,7.330672740936277
2144,1079.0,112900.0,-6.447290420532228,-0.9295558333396912,7.330672740936277
2145,1080.0,113000.0,-6.427728176116943,-0.8801233768463135,7.3539161682128915
2146,1081.0,113100.0,-6.427728176116943,-0.8801233768463135,7.3539161682128915
2147,1082.0,113200.0,-6.374119758605957,-0.8728989958763123,7.401286602020264
2148,1083.0,113300.0,-6.374119758605957,-0.8728989958763123,7.401286602020264
2149,1084.0,113400.0,-6.37786340713501,-0.8523519039154053,7.400455951690674
2150,1085.0,113500.0,-6.383900165557861,-0.8379413485527039,7.396894931793213
2151,1086.0,113600.0,-6.383900165557861,-0.8379413485527039,7.396894931793213
2152,1087.0,113700.0,-6.377399444580077,-0.8404951691627502,7.4022111892700195
2153,1088.0,113800.0,-6.377399444580077,-0.8404951691627502,7.4022111892700195
2154,1089.0,113900.0,-6.36806583404541,-0.8601385951042175,7.407988548278809
2155,1090.0,114000.0,-6.36806583404541,-0.8601385951042175,7.407988548278809
2156,1091.0,114100.0,-6.3673033714294425,-0.8446122407913208,7.41042947769165
2157,1092.0,114200.0,-6.3673033714294425,-0.8446122407913208,7.41042947769165
2158,1093.0,114300.0,-6.371516704559326,-0.8573644757270813,7.405341625213622
2159,1094.0,114400.0,-6.371516704559326,-0.8573644757270813,7.405341625213622
2160,1080.0,113000.0,-6.427728176116943,-0.8801233768463135,7.3539161682128915
2161,1081.0,113100.0,-6.427728176116943,-0.8801233768463135,7.3539161682128915
2162,1082.0,113200.0,-6.374119758605957,-0.8728989958763123,7.401286602020264
2163,1083.0,113300.0,-6.374119758605957,-0.8728989958763123,7.401286602020264
2164,1084.0,113400.0,-6.37786340713501,-0.8523519039154053,7.400455951690674
2165,1085.0,113500.0,-6.383900165557861,-0.8379413485527039,7.396894931793213
2166,1086.0,113600.0,-6.383900165557861,-0.8379413485527039,7.396894931793213
2167,1087.0,113700.0,-6.377399444580077,-0.8404951691627502,7.4022111892700195
2168,1088.0,113800.0,-6.377399444580077,-0.8404951691627502,7.4022111892700195
2169,1089.0,113900.0,-6.36806583404541,-0.8601385951042175,7.407988548278809
2170,1090.0,114000.0,-6.36806583404541,-0.8601385951042175,7.407988548278809
2171,1091.0,114100.0,-6.3673033714294425,-0.8446122407913208,7.41042947769165
2172,1092.0,114200.0,-6.3673033714294425,-0.8446122407913208,7.41042947769165
2173,1093.0,114300.0,-6.371516704559326,-0.8573644757270813,7.405341625213622
2174,1094.0,114400.0,-6.371516704559326,-0.8573644757270813,7.405341625213622
2175,1095.0,114500.0,-6.371504783630371,-0.8328464031219482,7.408149242401122
2176,1096.0,114600.0,-6.358176708221436,-0.8827435374259949,7.413820266723633
2177,1097.0,114700.0,-6.358176708221436,-0.8827435374259949,7.413820266723633
2178,1098.0,114800.0,-6.384308815002441,-0.8741583228111267,7.392349720001223
2179,1099.0,114900.0,-6.384308815002441,-0.8741583228111267,7.392349720001223
2180,1100.0,115000.0,-6.3994035720825195,-0.864149272441864,7.380465984344482
2181,1101.0,115100.0,-6.3994035720825195,-0.864149272441864,7.380465984344482
2182,1102.0,115200.0,-6.407966136932372,-0.8782578706741333,7.371365547180176
2183,1103.0,115300.0,-6.407966136932372,-0.8782578706741333,7.371365547180176
2184,1104.0,115400.0,-6.410801410675049,-0.8596192598342896,7.371097087860107
2185,1105.0,115500.0,-6.401703834533691,-0.8571265339851379,7.379289150238037
2186,1106.0,115600.0,-6.401703834533691,-0.8571265339851379,7.379289150238037
2187,1107.0,115700.0,-6.393861770629883,-0.8427163362503052,7.387743473052978
2188,1108.0,115800.0,-6.393861770629883,-0.8427163362503052,7.387743473052978
2189,1109.0,115900.0,-6.42273473739624,-0.87645024061203,7.3587164878845215
2190,1095.0,114500.0,-6.371504783630371,-0.8328464031219482,7.408149242401122
2191,1096.0,114600.0,-6.358176708221436,-0.8827435374259949,7.413820266723633
2192,1097.0,114700.0,-6.358176708221436,-0.8827435374259949,7.413820266723633
2193,1098.0,114800.0,-6.384308815002441,-0.8741583228111267,7.392349720001223
2194,1099.0,114900.0,-6.384308815002441,-0.8741583228111267,7.392349720001223
2195,1100.0,115000.0,-6.3994035720825195,-0.864149272441864,7.380465984344482
2196,1101.0,115100.0,-6.3994035720825195,-0.864149272441864,7.380465984344482
2197,1102.0,115200.0,-6.407966136932372,-0.8782578706741333,7.371365547180176
2198,1103.0,115300.0,-6.407966136932372,-0.8782578706741333,7.371365547180176
2199,1104.0,115400.0,-6.410801410675049,-0.8596192598342896,7.371097087860107
2200,1105.0,115500.0,-6.401703834533691,-0.8571265339851379,7.379289150238037
2201,1106.0,115600.0,-6.401703834533691,-0.8571265339851379,7.379289150238037
2202,1107.0,115700.0,-6.393861770629883,-0.8427163362503052,7.387743473052978
2203,1108.0,115800.0,-6.393861770629883,-0.8427163362503052,7.387743473052978
2204,1109.0,115900.0,-6.42273473739624,-0.87645024061203,7.3587164878845215
2205,1110.0,116000.0,-6.42273473739624,-0.87645024061203,7.3587164878845215
2206,1111.0,116100.0,-6.447770118713379,-0.8499924540519714,7.339901924133301
2207,1112.0,116200.0,-6.447770118713379,-0.8499924540519714,7.339901924133301
2208,1113.0,116300.0,-6.450193405151367,-0.8675640821456909,7.3357157707214355
2209,1114.0,116400.0,-6.449004173278809,-0.8706293106079102,7.336398601531982
2210,1115.0,116500.0,-6.449004173278809,-0.8706293106079102,7.336398601531982
2211,1116.0,116600.0,-6.447804927825928,-0.8595590591430664,7.338756561279298
2212,1117.0,116700.0,-6.447804927825928,-0.8595590591430664,7.338756561279298
2213,1118.0,116800.0,-6.44184160232544,-0.8501365184783936,7.345089435577393
2214,1119.0,116900.0,-6.44184160232544,-0.8501365184783936,7.345089435577393
2215,1120.0,117000.0,-6.426846504211426,-0.8690122365951538,7.3560075759887695
2216,1121.0,117100.0,-6.426846504211426,-0.8690122365951538,7.3560075759887695
2217,1122.0,117200.0,-6.427414417266848,-0.8746189475059509,7.354847431182861
2218,1123.0,117300.0,-6.415527820587157,-0.8822224140167236,7.36431074142456
2219,1124.0,117400.0,-6.415527820587157,-0.8822224140167236,7.36431074142456
2220,1110.0,116000.0,-6.42273473739624,-0.87645024061203,7.3587164878845215
2221,1111.0,116100.0,-6.447770118713379,-0.8499924540519714,7.339901924133301
2222,1112.0,116200.0,-6.447770118713379,-0.8499924540519714,7.339901924133301
2223,1113.0,116300.0,-6.450193405151367,-0.8675640821456909,7.3357157707214355
2224,1114.0,116400.0,-6.449004173278809,-0.8706293106079102,7.336398601531982
2225,1115.0,116500.0,-6.449004173278809,-0.8706293106079102,7.336398601531982
2226,1116.0,116600.0,-6.447804927825928,-0.8595590591430664,7.338756561279298
2227,1117.0,116700.0,-6.447804927825928,-0.8595590591430664,7.338756561279298
2228,1118.0,116800.0,-6.44184160232544,-0.8501365184783936,7.345089435577393
2229,1119.0,116900.0,-6.44184160232544,-0.8501365184783936,7.345089435577393
2230,1120.0,117000.0,-6.426846504211426,-0.8690122365951538,7.3560075759887695
2231,1121.0,117100.0,-6.426846504211426,-0.8690122365951538,7.3560075759887695
2232,1122.0,117200.0,-6.427414417266848,-0.8746189475059509,7.354847431182861
2233,1123.0,117300.0,-6.415527820587157,-0.8822224140167236,7.36431074142456
2234,1124.0,117400.0,-6.415527820587157,-0.8822224140167236,7.36431074142456
2235,1125.0,117500.0,-6.432842254638673,-0.8607561588287354,7.351735115051269
2236,1126.0,117600.0,-6.432842254638673,-0.8607561588287354,7.351735115051269
2237,1127.0,117700.0,-6.5049686431884775,-0.7578250169754028,7.299416065216064
2238,1128.0,117800.0,-6.5049686431884775,-0.7578250169754028,7.299416065216064
2239,1129.0,117900.0,-6.607577800750732,-0.509958803653717,7.228433132171631
2240,1130.0,118000.0,-6.607577800750732,-0.509958803653717,7.228433132171631
2241,1131.0,118100.0,-6.843857288360598,-0.2479392886161804,7.019298076629639
2242,1132.0,118200.0,-7.0295610427856445,-0.3094680905342102,6.830804824829103
2243,1133.0,118300.0,-7.0295610427856445,-0.3094680905342102,6.830804824829103
2244,1134.0,118400.0,-6.8409953117370605,-0.4444403350353241,7.012392520904541
2245,1135.0,118500.0,-6.8409953117370605,-0.4444403350353241,7.012392520904541
2246,1136.0,118600.0,-6.70540714263916,-0.5979250073432922,7.1309452056884775
2247,1137.0,118700.0,-6.70540714263916,-0.5979250073432922,7.1309452056884775
2248,1138.0,118800.0,-6.631028175354004,-0.4922641813755035,7.208157062530518
2249,1139.0,118900.0,-6.631028175354004,-0.4922641813755035,7.208157062530518
2250,1125.0,117500.0,-6.432842254638673,-0.8607561588287354,7.351735115051269
2251,1126.0,117600.0,-6.432842254638673,-0.8607561588287354,7.351735115051269
2252,1127.0,117700.0,-6.5049686431884775,-0.7578250169754028,7.299416065216064
2253,1128.0,117800.0,-6.5049686431884775,-0.7578250169754028,7.299416065216064
2254,1129.0,117900.0,-6.607577800750732,-0.509958803653717,7.228433132171631
2255,1130.0,118000.0,-6.607577800750732,-0.509958803653717,7.228433132171631
2256,1131.0,118100.0,-6.843857288360598,-0.2479392886161804,7.019298076629639
2257,1132.0,118200.0,-7.0295610427856445,-0.3094680905342102,6.830804824829103
2258,1133.0,118300.0,-7.0295610427856445,-0.3094680905342102,6.830804824829103
2259,1134.0,118400.0,-6.8409953117370605,-0.4444403350353241,7.012392520904541
2260,1135.0,118500.0,-6.8409953117370605,-0.4444403350353241,7.012392520904541
2261,1136.0,118600.0,-6.70540714263916,-0.5979250073432922,7.1309452056884775
2262,1137.0,118700.0,-6.70540714263916,-0.5979250073432922,7.1309452056884775
2263,1138.0,118800.0,-6.631028175354004,-0.4922641813755035,7.208157062530518
2264,1139.0,118900.0,-6.631028175354004,-0.4922641813755035,7.208157062530518
2265,1140.0,119000.0,-6.594825744628906,-0.5337541103363037,7.238354682922362
2266,1141.0,119100.0,-6.607243061065674,-0.5155304670333862,7.228343963623048
2267,1142.0,119200.0,-6.607243061065674,-0.5155304670333862,7.228343963623048
2268,1143.0,119300.0,-6.566591262817383,-0.5452545881271362,7.263123035430907
2269,1144.0,119400.0,-6.566591262817383,-0.5452545881271362,7.263123035430907
2270,1145.0,119500.0,-6.558050632476808,-0.6446052193641663,7.2627034187316895
2271,1146.0,119600.0,-6.558050632476808,-0.6446052193641663,7.2627034187316895
2272,1147.0,119700.0,-6.569856643676758,-0.5851747989654541,7.25706148147583
2273,1148.0,119800.0,-6.569856643676758,-0.5851747989654541,7.25706148147583
2274,1149.0,119900.0,-6.532926559448242,-0.5692793130874634,7.291582584381103
2275,1150.0,120000.0,-6.587330341339111,-0.5920911431312561,7.240642070770264
2276,1151.0,120100.0,-6.587330341339111,-0.5920911431312561,7.240642070770264
2277,1152.0,120200.0,-6.552041530609131,-0.6069599390029907,7.271364688873291
2278,1153.0,120300.0,-6.552041530609131,-0.6069599390029907,7.271364688873291
2279,1154.0,120400.0,-6.554705619812013,-0.5313242673873901,7.274882793426514
2280,1140.0,119000.0,-6.594825744628906,-0.5337541103363037,7.238354682922362
2281,1141.0,119100.0,-6.607243061065674,-0.5155304670333862,7.228343963623048
2282,1142.0,119200.0,-6.607243061065674,-0.5155304670333862,7.228343963623048
2283,1143.0,119300.0,-6.566591262817383,-0.5452545881271362,7.263123035430907
2284,1144.0,119400.0,-6.566591262817383,-0.5452545881271362,7.263123035430907
2285,1145.0,119500.0,-6.558050632476808,-0.6446052193641663,7.2627034187316895
2286,1146.0,119600.0,-6.558050632476808,-0.6446052193641663,7.2627034187316895
2287,1147.0,119700.0,-6.569856643676758,-0.5851747989654541,7.25706148147583
2288,1148.0,119800.0,-6.569856643676758,-0.5851747989654541,7.25706148147583
2289,1149.0,119900.0,-6.532926559448242,-0.5692793130874634,7.291582584381103
2290,1150.0,120000.0,-6.587330341339111,-0.5920911431312561,7.240642070770264
2291,1151.0,120100.0,-6.587330341339111,-0.5920911431312561,7.240642070770264
2292,1152.0,120200.0,-6.552041530609131,-0.6069599390029907,7.271364688873291
2293,1153.0,120300.0,-6.552041530609131,-0.6069599390029907,7.271364688873291
2294,1154.0,120400.0,-6.554705619812013,-0.5313242673873901,7.274882793426514
2295,1155.0,120500.0,-6.554705619812013,-0.5313242673873901,7.274882793426514
2296,1156.0,120600.0,-6.498178482055664,-0.5408318042755127,7.324722766876223
2297,1157.0,120700.0,-6.498178482055664,-0.5408318042755127,7.324722766876223
2298,1158.0,120800.0,-6.466878414154053,-0.5371168851852417,7.3526434898376465
2299,1159.0,120900.0,-6.436251163482666,-0.5236161947250366,7.3804402351379395
2300,1160.0,121000.0,-6.436251163482666,-0.5236161947250366,7.3804402351379395
2301,1161.0,121100.0,-6.4310669898986825,-0.5247793793678284,7.3848748207092285
2302,1162.0,121200.0,-6.4310669898986825,-0.5247793793678284,7.3848748207092285
2303,1163.0,121300.0,-6.433866500854492,-0.5027259588241577,7.383969783782959
2304,1164.0,121400.0,-6.433866500854492,-0.5027259588241577,7.383969783782959
2305,1165.0,121500.0,-6.435225963592527,-0.5168827772140503,7.381807804107666
2306,1166.0,121600.0,-6.435225963592527,-0.5168827772140503,7.381807804107666
2307,1167.0,121700.0,-6.446382999420166,-0.5095733404159546,7.372575759887695
2308,1168.0,121800.0,-6.444030284881593,-0.529147207736969,7.373253345489503
2309,1169.0,121900.0,-6.444030284881593,-0.529147207736969,7.373253345489503
2310,1155.0,120500.0,-6.554705619812013,-0.5313242673873901,7.274882793426514
2311,1156.0,120600.0,-6.498178482055664,-0.5408318042755127,7.324722766876223
2312,1157.0,120700.0,-6.498178482055664,-0.5408318042755127,7.324722766876223
2313,1158.0,120800.0,-6.466878414154053,-0.5371168851852417,7.3526434898376465
2314,1159.0,120900.0,-6.436251163482666,-0.5236161947250366,7.3804402351379395
2315,1160.0,121000.0,-6.436251163482666,-0.5236161947250366,7.3804402351379395
2316,1161.0,121100.0,-6.4310669898986825,-0.5247793793678284,7.3848748207092285
2317,1162.0,121200.0,-6.4310669898986825,-0.5247793793678284,7.3848748207092285
2318,1163.0,121300.0,-6.433866500854492,-0.5027259588241577,7.383969783782959
2319,1164.0,121400.0,-6.433866500854492,-0.5027259588241577,7.383969783782959
2320,1165.0,121500.0,-6.435225963592527,-0.5168827772140503,7.381807804107666
2321,1166.0,121600.0,-6.435225963592527,-0.5168827772140503,7.381807804107666
2322,1167.0,121700.0,-6.446382999420166,-0.5095733404159546,7.372575759887695
2323,1168.0,121800.0,-6.444030284881593,-0.529147207736969,7.373253345489503
2324,1169.0,121900.0,-6.444030284881593,-0.529147207736969,7.373253345489503
2325,1170.0,122000.0,-6.439869403839111,-0.52064448595047,7.377492427825928
2326,1171.0,122100.0,-6.439869403839111,-0.52064448595047,7.377492427825928
2327,1172.0,122200.0,-6.4383063316345215,-0.5241448879241943,7.378608703613281
2328,1173.0,122300.0,-6.4383063316345215,-0.5241448879241943,7.378608703613281
2329,1174.0,122400.0,-6.436992645263673,-0.5255778431892395,7.3796539306640625
2330,1175.0,122500.0,-6.436992645263673,-0.5255778431892395,7.3796539306640625
2331,1176.0,122600.0,-6.426616191864014,-0.5348442792892456,7.388025760650635
2332,1177.0,122700.0,-6.420474052429199,-0.5125596523284912,7.3949432373046875
2333,1178.0,122800.0,-6.420474052429199,-0.5125596523284912,7.3949432373046875
2334,1179.0,122900.0,-6.42185115814209,-0.5166811347007751,7.393460273742676
2335,1180.0,123000.0,-6.42185115814209,-0.5166811347007751,7.393460273742676
2336,1181.0,123100.0,-6.418698310852051,-0.5398585796356201,7.394542217254639
2337,1182.0,123200.0,-6.418698310852051,-0.5398585796356201,7.394542217254639
2338,1183.0,123300.0,-6.416255474090576,-0.4791548252105713,7.4008421897888175
2339,1184.0,123400.0,-6.416255474090576,-0.4791548252105713,7.4008421897888175
2340,1170.0,122000.0,-6.439869403839111,-0.52064448595047,7.377492427825928
2341,1171.0,122100.0,-6.439869403839111,-0.52064448595047,7.377492427825928
2342,1172.0,122200.0,-6.4383063316345215,-0.5241448879241943,7.378608703613281
2343,1173.0,122300.0,-6.4383063316345215,-0.5241448879241943,7.378608703613281
2344,1174.0,122400.0,-6.436992645263673,-0.5255778431892395,7.3796539306640625
2345,1175.0,122500.0,-6.436992645263673,-0.5255778431892395,7.3796539306640625
2346,1176.0,122600.0,-6.426616191864014,-0.5348442792892456,7.388025760650635
2347,1177.0,122700.0,-6.420474052429199,-0.5125596523284912,7.3949432373046875
2348,1178.0,122800.0,-6.420474052429199,-0.5125596523284912,7.3949432373046875
2349,1179.0,122900.0,-6.42185115814209,-0.5166811347007751,7.393460273742676
2350,1180.0,123000.0,-6.42185115814209,-0.5166811347007751,7.393460273742676
2351,1181.0,123100.0,-6.418698310852051,-0.5398585796356201,7.394542217254639
2352,1182.0,123200.0,-6.418698310852051,-0.5398585796356201,7.394542217254639
2353,1183.0,123300.0,-6.416255474090576,-0.4791548252105713,7.4008421897888175
2354,1184.0,123400.0,-6.416255474090576,-0.4791548252105713,7.4008421897888175
2355,1185.0,123500.0,-6.448180675506593,-0.503126323223114,7.371446132659912
2356,1186.0,123600.0,-6.421831130981445,-0.4924129247665405,7.395133972167969
2357,1187.0,123700.0,-6.421831130981445,-0.4924129247665405,7.395133972167969
2358,1188.0,123800.0,-6.438630104064941,-0.4941559731960297,7.3803954124450675
2359,1189.0,123900.0,-6.438630104064941,-0.4941559731960297,7.3803954124450675
2360,1190.0,124000.0,-6.447680473327638,-0.4867384135723114,7.372983455657959
2361,1191.0,124100.0,-6.447680473327638,-0.4867384135723114,7.372983455657959
2362,1192.0,124200.0,-6.4656596183776855,-0.5180789828300476,7.3550825119018555
2363,1193.0,124300.0,-6.4656596183776855,-0.5180789828300476,7.3550825119018555
2364,1194.0,124400.0,-6.46287727355957,-0.5097928047180176,7.358105659484862
2365,1195.0,124500.0,-6.459532260894775,-0.5027011036872864,7.36152982711792
2366,1196.0,124600.0,-6.459532260894775,-0.5027011036872864,7.36152982711792
2367,1197.0,124700.0,-6.4464173316955575,-0.5123156309127808,7.3723554611206055
2368,1198.0,124800.0,-6.4464173316955575,-0.5123156309127808,7.3723554611206055
2369,1199.0,124900.0,-6.423225402832031,-0.5008037686347961,7.393359661102295
2370,1185.0,123500.0,-6.448180675506593,-0.503126323223114,7.371446132659912
2371,1186.0,123600.0,-6.421831130981445,-0.4924129247665405,7.395133972167969
2372,1187.0,123700.0,-6.421831130981445,-0.4924129247665405,7.395133972167969
2373,1188.0,123800.0,-6.438630104064941,-0.4941559731960297,7.3803954124450675
2374,1189.0,123900.0,-6.438630104064941,-0.4941559731960297,7.3803954124450675
2375,1190.0,124000.0,-6.447680473327638,-0.4867384135723114,7.372983455657959
2376,1191.0,124100.0,-6.447680473327638,-0.4867384135723114,7.372983455657959
2377,1192.0,124200.0,-6.4656596183776855,-0.5180789828300476,7.3550825119018555
2378,1193.0,124300.0,-6.4656596183776855,-0.5180789828300476,7.3550825119018555
2379,1194.0,124400.0,-6.46287727355957,-0.5097928047180176,7.358105659484862
2380,1195.0,124500.0,-6.459532260894775,-0.5027011036872864,7.36152982711792
2381,1196.0,124600.0,-6.459532260894775,-0.5027011036872864,7.36152982711792
2382,1197.0,124700.0,-6.4464173316955575,-0.5123156309127808,7.3723554611206055
2383,1198.0,124800.0,-6.4464173316955575,-0.5123156309127808,7.3723554611206055
2384,1199.0,124900.0,-6.423225402832031,-0.5008037686347961,7.393359661102295
2385,1200.0,125000.0,-6.423225402832031,-0.5008037686347961,7.393359661102295
2386,1201.0,125100.0,-6.4046287536621085,-0.5302379131317139,7.407426357269287
2387,1202.0,125200.0,-6.4046287536621085,-0.5302379131317139,7.407426357269287
2388,1203.0,125300.0,-6.392059803009032,-0.5452926158905029,7.417184352874756
2389,1204.0,125400.0,-6.390746116638184,-0.5989587306976318,7.414175033569336
2390,1205.0,125500.0,-6.390746116638184,-0.5989587306976318,7.414175033569336
2391,1206.0,125600.0,-6.407270908355713,-0.600628674030304,7.399765491485598
2392,1207.0,125700.0,-6.407270908355713,-0.600628674030304,7.399765491485598
2393,1208.0,125800.0,-6.406224250793457,-0.5937970876693726,7.401221752166747
2394,1209.0,125900.0,-6.406224250793457,-0.5937970876693726,7.401221752166747
2395,1210.0,126000.0,-6.409402847290039,-0.5935197472572327,7.398491859436035
2396,1211.0,126100.0,-6.409402847290039,-0.5935197472572327,7.398491859436035
2397,1212.0,126200.0,-6.4114837646484375,-0.6240087151527405,7.394178867340088
2398,1213.0,126300.0,-6.4093666076660165,-0.6599026918411255,7.392898082733152
2399,1214.0,126400.0,-6.4093666076660165,-0.6599026918411255,7.392898082733152
2400,1200.0,125000.0,-6.423225402832031,-0.5008037686347961,7.393359661102295
2401,1201.0,125100.0,-6.4046287536621085,-0.5302379131317139,7.407426357269287
2402,1202.0,125200.0,-6.4046287536621085,-0.5302379131317139,7.407426357269287
2403,1203.0,125300.0,-6.392059803009032,-0.5452926158905029,7.417184352874756
2404,1204.0,125400.0,-6.390746116638184,-0.5989587306976318,7.414175033569336
2405,1205.0,125500.0,-6.390746116638184,-0.5989587306976318,7.414175033569336
2406,1206.0,125600.0,-6.407270908355713,-0.600628674030304,7.399765491485598
2407,1207.0,125700.0,-6.407270908355713,-0.600628674030304,7.399765491485598
2408,1208.0,125800.0,-6.406224250793457,-0.5937970876693726,7.401221752166747
2409,1209.0,125900.0,-6.406224250793457,-0.5937970876693726,7.401221752166747
2410,1210.0,126000.0,-6.409402847290039,-0.5935197472572327,7.398491859436035
2411,1211.0,126100.0,-6.409402847290039,-0.5935197472572327,7.398491859436035
2412,1212.0,126200.0,-6.4114837646484375,-0.6240087151527405,7.394178867340088
2413,1213.0,126300.0,-6.4093666076660165,-0.6599026918411255,7.392898082733152
2414,1214.0,126400.0,-6.4093666076660165,-0.6599026918411255,7.392898082733152
2415,1215.0,126500.0,-6.412503242492676,-0.5548939704895021,7.398803234100343
2416,1216.0,126600.0,-6.412503242492676,-0.5548939704895021,7.398803234100343
2417,1217.0,126700.0,-6.4703125953674325,-0.4081295430660248,7.357912540435791
2418,1218.0,126800.0,-6.4703125953674325,-0.4081295430660248,7.357912540435791
2419,1219.0,126900.0,-6.496349334716798,-0.3469979166984558,7.338080406188965
2420,1220.0,127000.0,-6.496349334716798,-0.3469979166984558,7.338080406188965
2421,1221.0,127100.0,-6.455440044403076,-0.38016632199287415,7.372458934783935
2422,1222.0,127200.0,-6.420443534851074,-0.359990656375885,7.403965473175049
2423,1223.0,127300.0,-6.420443534851074,-0.359990656375885,7.403965473175049
2424,1224.0,127400.0,-6.444664478302003,-0.38961511850357056,7.381387710571289
2425,1225.0,127500.0,-6.444664478302003,-0.38961511850357056,7.381387710571289
2426,1226.0,127600.0,-6.448744773864746,-0.4495780169963837,7.374413013458253
2427,1227.0,127700.0,-6.448744773864746,-0.4495780169963837,7.374413013458253
2428,1228.0,127800.0,-6.466059684753418,-0.42424336075782776,7.360739231109619
2429,1229.0,127900.0,-6.466059684753418,-0.42424336075782776,7.360739231109619
2430,1215.0,126500.0,-6.412503242492676,-0.5548939704895021,7.398803234100343
2431,1216.0,126600.0,-6.412503242492676,-0.5548939704895021,7.398803234100343
2432,1217.0,126700.0,-6.4703125953674325,-0.4081295430660248,7.357912540435791
2433,1218.0,126800.0,-6.4703125953674325,-0.4081295430660248,7.357912540435791
2434,1219.0,126900.0,-6.496349334716798,-0.3469979166984558,7.338080406188965
2435,1220.0,127000.0,-6.496349334716798,-0.3469979166984558,7.338080406188965
2436,1221.0,127100.0,-6.455440044403076,-0.38016632199287415,7.372458934783935
2437,1222.0,127200.0,-6.420443534851074,-0.359990656375885,7.403965473175049
2438,1223.0,127300.0,-6.420443534851074,-0.359990656375885,7.403965473175049
2439,1224.0,127400.0,-6.444664478302003,-0.38961511850357056,7.381387710571289
2440,1225.0,127500.0,-6.444664478302003,-0.38961511850357056,7.381387710571289
2441,1226.0,127600.0,-6.448744773864746,-0.4495780169963837,7.374413013458253
2442,1227.0,127700.0,-6.448744773864746,-0.4495780169963837,7.374413013458253
2443,1228.0,127800.0,-6.466059684753418,-0.42424336075782776,7.360739231109619
2444,1229.0,127900.0,-6.466059684753418,-0.42424336075782776,7.360739231109619
2445,1230.0,128000.0,-6.487475872039795,-0.4506637454032898,7.340296268463135
2446,1231.0,128100.0,-6.473349571228027,-0.3593944609165192,7.35778284072876
2447,1232.0,128200.0,-6.473349571228027,-0.3593944609165192,7.35778284072876
2448,1233.0,128300.0,-6.480669021606445,-0.3710162043571472,7.350760459899902
2449,1234.0,128400.0,-6.480669021606445,-0.3710162043571472,7.350760459899902
2450,1235.0,128500.0,-6.48287296295166,-0.3731125891208649,7.348710060119629
2451,1236.0,128600.0,-6.48287296295166,-0.3731125891208649,7.348710060119629
2452,1237.0,128700.0,-6.485962390899657,-0.3696092665195465,7.346158981323242
2453,1238.0,128800.0,-6.485962390899657,-0.3696092665195465,7.346158981323242
2454,1239.0,128900.0,-6.48038387298584,-0.3258659839630127,7.353150844573975
2455,1240.0,129000.0,-6.478572845458984,-0.3315703272819519,7.354490756988525
2456,1241.0,129100.0,-6.478572845458984,-0.3315703272819519,7.354490756988525
2457,1242.0,129200.0,-6.475483417510986,-0.3414946496486664,7.3567585945129395
2458,1243.0,129300.0,-6.475483417510986,-0.3414946496486664,7.3567585945129395
2459,1244.0,129400.0,-6.484238147735598,-0.3745867609977722,7.347430229187013
2460,1230.0,128000.0,-6.487475872039795,-0.4506637454032898,7.340296268463135
2461,1231.0,128100.0,-6.473349571228027,-0.3593944609165192,7.35778284072876
2462,1232.0,128200.0,-6.473349571228027,-0.3593944609165192,7.35778284072876
2463,1233.0,128300.0,-6.480669021606445,-0.3710162043571472,7.350760459899902
2464,1234.0,128400.0,-6.480669021606445,-0.3710162043571472,7.350760459899902
2465,1235.0,128500.0,-6.48287296295166,-0.3731125891208649,7.348710060119629
2466,1236.0,128600.0,-6.48287296295166,-0.3731125891208649,7.348710060119629
2467,1237.0,128700.0,-6.485962390899657,-0.3696092665195465,7.346158981323242
2468,1238.0,128800.0,-6.485962390899657,-0.3696092665195465,7.346158981323242
2469,1239.0,128900.0,-6.48038387298584,-0.3258659839630127,7.353150844573975
2470,1240.0,129000.0,-6.478572845458984,-0.3315703272819519,7.354490756988525
2471,1241.0,129100.0,-6.478572845458984,-0.3315703272819519,7.354490756988525
2472,1242.0,129200.0,-6.475483417510986,-0.3414946496486664,7.3567585945129395
2473,1243.0,129300.0,-6.475483417510986,-0.3414946496486664,7.3567585945129395
2474,1244.0,129400.0,-6.484238147735598,-0.3745867609977722,7.347430229187013
2475,1245.0,129500.0,-6.484238147735598,-0.3745867609977722,7.347430229187013
2476,1246.0,129600.0,-6.49184513092041,-0.3768932819366455,7.340591907501223
2477,1247.0,129700.0,-6.49184513092041,-0.3768932819366455,7.340591907501223
2478,1248.0,129800.0,-6.481734275817871,-0.4085039496421814,7.347831726074219
2479,1249.0,129900.0,-6.492332458496094,-0.4304375350475311,7.337215900421143
2480,1250.0,130000.0,-6.492332458496094,-0.4304375350475311,7.337215900421143
2481,1251.0,130100.0,-6.503293991088867,-0.4748845994472504,7.324755191802978
2482,1252.0,130200.0,-6.503293991088867,-0.4748845994472504,7.324755191802978
2483,1253.0,130300.0,-6.447761058807372,-0.5267307758331299,7.370163917541504
2484,1254.0,130400.0,-6.447761058807372,-0.5267307758331299,7.370163917541504
2485,1255.0,130500.0,-6.407094955444336,-0.5133090019226074,7.406486511230469
2486,1256.0,130600.0,-6.407094955444336,-0.5133090019226074,7.406486511230469
2487,1257.0,130700.0,-6.4540791511535645,-0.4707499742507935,7.36842155456543
2488,1258.0,130800.0,-6.45731258392334,-0.4469380080699921,7.367072105407715
2489,1259.0,130900.0,-6.45731258392334,-0.4469380080699921,7.367072105407715
2490,1245.0,129500.0,-6.484238147735598,-0.3745867609977722,7.347430229187013
2491,1246.0,129600.0,-6.49184513092041,-0.3768932819366455,7.340591907501223
2492,1247.0,129700.0,-6.49184513092041,-0.3768932819366455,7.340591907501223
2493,1248.0,129800.0,-6.481734275817871,-0.4085039496421814,7.347831726074219
2494,1249.0,129900.0,-6.492332458496094,-0.4304375350475311,7.337215900421143
2495,1250.0,130000.0,-6.492332458496094,-0.4304375350475311,7.337215900421143
2496,1251.0,130100.0,-6.503293991088867,-0.4748845994472504,7.324755191802978
2497,1252.0,130200.0,-6.503293991088867,-0.4748845994472504,7.324755191802978
2498,1253.0,130300.0,-6.447761058807372,-0.5267307758331299,7.370163917541504
2499,1254.0,130400.0,-6.447761058807372,-0.5267307758331299,7.370163917541504
2500,1255.0,130500.0,-6.407094955444336,-0.5133090019226074,7.406486511230469
2501,1256.0,130600.0,-6.407094955444336,-0.5133090019226074,7.406486511230469
2502,1257.0,130700.0,-6.4540791511535645,-0.4707499742507935,7.36842155456543
2503,1258.0,130800.0,-6.45731258392334,-0.4469380080699921,7.367072105407715
2504,1259.0,130900.0,-6.45731258392334,-0.4469380080699921,7.367072105407715
2505,1260.0,131000.0,-6.465172290802003,-0.4504545032978058,7.359961986541747
2506,1261.0,131100.0,-6.465172290802003,-0.4504545032978058,7.359961986541747
2507,1262.0,131200.0,-6.462876319885254,-0.4500546753406525,7.362001895904541
2508,1263.0,131300.0,-6.462876319885254,-0.4500546753406525,7.362001895904541
2509,1264.0,131400.0,-6.474281311035156,-0.4272814095020294,7.353332042694093
2510,1265.0,131500.0,-6.474281311035156,-0.4272814095020294,7.353332042694093
2511,1266.0,131600.0,-6.502439022064209,-0.4237348437309265,7.328650951385497
2512,1267.0,131700.0,-6.49470329284668,-0.4212538301944733,7.3356499671936035
2513,1268.0,131800.0,-6.49470329284668,-0.4212538301944733,7.3356499671936035
2514,1269.0,131900.0,-6.488211631774902,-0.4206970632076264,7.341424465179442
2515,1270.0,132000.0,-6.488211631774902,-0.4206970632076264,7.341424465179442
2516,1271.0,132100.0,-6.497621059417725,-0.3739703893661499,7.335629463195801
2517,1272.0,132200.0,-6.497621059417725,-0.3739703893661499,7.335629463195801
2518,1273.0,132300.0,-6.540411949157715,-0.4007531702518463,7.296081066131593
2519,1274.0,132400.0,-6.540411949157715,-0.4007531702518463,7.296081066131593
2520,1260.0,131000.0,-6.465172290802003,-0.4504545032978058,7.359961986541747
2521,1261.0,131100.0,-6.465172290802003,-0.4504545032978058,7.359961986541747
2522,1262.0,131200.0,-6.462876319885254,-0.4500546753406525,7.362001895904541
2523,1263.0,131300.0,-6.462876319885254,-0.4500546753406525,7.362001895904541
2524,1264.0,131400.0,-6.474281311035156,-0.4272814095020294,7.353332042694093
2525,1265.0,131500.0,-6.474281311035156,-0.4272814095020294,7.353332042694093
2526,1266.0,131600.0,-6.502439022064209,-0.4237348437309265,7.328650951385497
2527,1267.0,131700.0,-6.49470329284668,-0.4212538301944733,7.3356499671936035
2528,1268.0,131800.0,-6.49470329284668,-0.4212538301944733,7.3356499671936035
2529,1269.0,131900.0,-6.488211631774902,-0.4206970632076264,7.341424465179442
2530,1270.0,132000.0,-6.488211631774902,-0.4206970632076264,7.341424465179442
2531,1271.0,132100.0,-6.497621059417725,-0.3739703893661499,7.335629463195801
2532,1272.0,132200.0,-6.497621059417725,-0.3739703893661499,7.335629463195801
2533,1273.0,132300.0,-6.540411949157715,-0.4007531702518463,7.296081066131593
2534,1274.0,132400.0,-6.540411949157715,-0.4007531702518463,7.296081066131593
2535,1275.0,132500.0,-6.515064239501952,-0.35980743169784546,7.3208513259887695
2536,1276.0,132600.0,-6.5357422828674325,-0.36885932087898254,7.301945686340332
2537,1277.0,132700.0,-6.5357422828674325,-0.36885932087898254,7.301945686340332
2538,1278.0,132800.0,-6.541714668273926,-0.3791545033454895,7.296066761016848
2539,1279.0,132900.0,-6.541714668273926,-0.3791545033454895,7.296066761016848
2540,1280.0,133000.0,-6.537717342376709,-0.3774196505546569,7.299739360809326
2541,1281.0,133100.0,-6.537717342376709,-0.3774196505546569,7.299739360809326
2542,1282.0,133200.0,-6.5289716720581055,-0.37480857968330383,7.30769681930542
2543,1283.0,133300.0,-6.5289716720581055,-0.37480857968330383,7.30769681930542
2544,1284.0,133400.0,-6.526613712310791,-0.3723357617855072,7.309929370880128
2545,1285.0,133500.0,-6.5266008377075195,-0.3903405070304871,7.309001445770264
2546,1286.0,133600.0,-6.5266008377075195,-0.3903405070304871,7.309001445770264
2547,1287.0,133700.0,-6.5411858558654785,-0.3817921578884125,7.296403408050537
2548,1288.0,133800.0,-6.5411858558654785,-0.3817921578884125,7.296403408050537
2549,1289.0,133900.0,-6.547519683837892,-0.3846145272254944,7.290572643280027
2550,1275.0,132500.0,-6.515064239501952,-0.35980743169784546,7.3208513259887695
2551,1276.0,132600.0,-6.5357422828674325,-0.36885932087898254,7.301945686340332
2552,1277.0,132700.0,-6.5357422828674325,-0.36885932087898254,7.301945686340332
2553,1278.0,132800.0,-6.541714668273926,-0.3791545033454895,7.296066761016848
2554,1279.0,132900.0,-6.541714668273926,-0.3791545033454895,7.296066761016848
2555,1280.0,133000.0,-6.537717342376709,-0.3774196505546569,7.299739360809326
2556,1281.0,133100.0,-6.537717342376709,-0.3774196505546569,7.299739360809326
2557,1282.0,133200.0,-6.5289716720581055,-0.37480857968330383,7.30769681930542
2558,1283.0,133300.0,-6.5289716720581055,-0.37480857968330383,7.30769681930542
2559,1284.0,133400.0,-6.526613712310791,-0.3723357617855072,7.309929370880128
2560,1285.0,133500.0,-6.5266008377075195,-0.3903405070304871,7.309001445770264
2561,1286.0,133600.0,-6.5266008377075195,-0.3903405070304871,7.309001445770264
2562,1287.0,133700.0,-6.5411858558654785,-0.3817921578884125,7.296403408050537
2563,1288.0,133800.0,-6.5411858558654785,-0.3817921578884125,7.296403408050537
2564,1289.0,133900.0,-6.547519683837892,-0.3846145272254944,7.290572643280027
2565,1290.0,134000.0,-6.547519683837892,-0.3846145272254944,7.290572643280027
2566,1291.0,134100.0,-6.529789924621582,-0.3874137997627258,7.3063087463378915
2567,1292.0,134200.0,-6.529789924621582,-0.3874137997627258,7.3063087463378915
2568,1293.0,134300.0,-6.541805267333984,-0.501026451587677,7.288630485534668
2569,1294.0,134400.0,-6.541805267333984,-0.501026451587677,7.288630485534668
2570,1295.0,134500.0,-6.56462287902832,-0.5629395842552185,7.263554573059082
2571,1296.0,134600.0,-6.561167240142822,-0.6115095615386963,7.262749671936035
2572,1297.0,134700.0,-6.561167240142822,-0.6115095615386963,7.262749671936035
2573,1298.0,134800.0,-6.544486045837402,-0.5767641067504883,7.280620098114014
2574,1299.0,134900.0,-6.544486045837402,-0.5767641067504883,7.280620098114014
2575,1300.0,135000.0,-6.520020484924316,-0.7389593124389648,7.287912368774414
2576,1301.0,135100.0,-6.520020484924316,-0.7389593124389648,7.287912368774414
2577,1302.0,135200.0,-6.497732639312744,-0.7545830011367798,7.306194305419923
2578,1303.0,135300.0,-6.497732639312744,-0.7545830011367798,7.306194305419923
2579,1304.0,135400.0,-6.444877624511719,-0.8488584756851196,7.342573642730713
2580,1290.0,134000.0,-6.547519683837892,-0.3846145272254944,7.290572643280027
2581,1291.0,134100.0,-6.529789924621582,-0.3874137997627258,7.3063087463378915
2582,1292.0,134200.0,-6.529789924621582,-0.3874137997627258,7.3063087463378915
2583,1293.0,134300.0,-6.541805267333984,-0.501026451587677,7.288630485534668
2584,1294.0,134400.0,-6.541805267333984,-0.501026451587677,7.288630485534668
2585,1295.0,134500.0,-6.56462287902832,-0.5629395842552185,7.263554573059082
2586,1296.0,134600.0,-6.561167240142822,-0.6115095615386963,7.262749671936035
2587,1297.0,134700.0,-6.561167240142822,-0.6115095615386963,7.262749671936035
2588,1298.0,134800.0,-6.544486045837402,-0.5767641067504883,7.280620098114014
2589,1299.0,134900.0,-6.544486045837402,-0.5767641067504883,7.280620098114014
2590,1300.0,135000.0,-6.520020484924316,-0.7389593124389648,7.287912368774414
2591,1301.0,135100.0,-6.520020484924316,-0.7389593124389648,7.287912368774414
2592,1302.0,135200.0,-6.497732639312744,-0.7545830011367798,7.306194305419923
2593,1303.0,135300.0,-6.497732639312744,-0.7545830011367798,7.306194305419923
2594,1304.0,135400.0,-6.444877624511719,-0.8488584756851196,7.342573642730713
2595,1305.0,135500.0,-6.506326198577881,-0.8562400937080383,7.287315368652344
2596,1306.0,135600.0,-6.506326198577881,-0.8562400937080383,7.287315368652344
2597,1307.0,135700.0,-6.488190650939941,-0.8255386948585509,7.307000637054442
2598,1308.0,135800.0,-6.488190650939941,-0.8255386948585509,7.307000637054442
2599,1309.0,135900.0,-6.472683429718018,-0.8059525489807129,7.322922706604004
2600,1310.0,136000.0,-6.472683429718018,-0.8059525489807129,7.322922706604004
2601,1311.0,136100.0,-6.467605113983152,-0.8072142004966736,7.327270030975343
2602,1312.0,136200.0,-6.467605113983152,-0.8072142004966736,7.327270030975343
2603,1313.0,136300.0,-6.463634967803955,-0.8030071258544922,7.3312339782714835
2604,1314.0,136400.0,-6.451504230499268,-0.8150172829627991,7.340588092803955
2605,1315.0,136500.0,-6.451504230499268,-0.8150172829627991,7.340588092803955
2606,1316.0,136600.0,-6.449041843414308,-0.805014967918396,7.3438544273376465
2607,1317.0,136700.0,-6.449041843414308,-0.805014967918396,7.3438544273376465
2608,1318.0,136800.0,-6.426633358001709,-0.8163999915122986,7.362218856811522
2609,1319.0,136900.0,-6.426633358001709,-0.8163999915122986,7.362218856811522
2610,1305.0,135500.0,-6.506326198577881,-0.8562400937080383,7.287315368652344
2611,1306.0,135600.0,-6.506326198577881,-0.8562400937080383,7.287315368652344
2612,1307.0,135700.0,-6.488190650939941,-0.8255386948585509,7.307000637054442
2613,1308.0,135800.0,-6.488190650939941,-0.8255386948585509,7.307000637054442
2614,1309.0,135900.0,-6.472683429718018,-0.8059525489807129,7.322922706604004
2615,1310.0,136000.0,-6.472683429718018,-0.8059525489807129,7.322922706604004
2616,1311.0,136100.0,-6.467605113983152,-0.8072142004966736,7.327270030975343
2617,1312.0,136200.0,-6.467605113983152,-0.8072142004966736,7.327270030975343
2618,1313.0,136300.0,-6.463634967803955,-0.8030071258544922,7.3312339782714835
2619,1314.0,136400.0,-6.451504230499268,-0.8150172829627991,7.340588092803955
2620,1315.0,136500.0,-6.451504230499268,-0.8150172829627991,7.340588092803955
2621,1316.0,136600.0,-6.449041843414308,-0.805014967918396,7.3438544273376465
2622,1317.0,136700.0,-6.449041843414308,-0.805014967918396,7.3438544273376465
2623,1318.0,136800.0,-6.426633358001709,-0.8163999915122986,7.362218856811522
2624,1319.0,136900.0,-6.426633358001709,-0.8163999915122986,7.362218856811522
2625,1320.0,137000.0,-6.4334259033203125,-0.8204588890075684,7.355832099914551
2626,1321.0,137100.0,-6.4334259033203125,-0.8204588890075684,7.355832099914551
2627,1322.0,137200.0,-6.424554824829103,-0.8168842792510986,7.363978862762451
2628,1323.0,137300.0,-6.4131412506103525,-0.8163213729858398,7.373983383178711
2629,1324.0,137400.0,-6.4131412506103525,-0.8163213729858398,7.373983383178711
2630,1325.0,137500.0,-6.405062198638916,-0.8248936533927917,7.3800482749938965
2631,1326.0,137600.0,-6.405062198638916,-0.8248936533927917,7.3800482749938965
2632,1327.0,137700.0,-6.405516147613525,-0.8367319703102112,7.378323078155518
2633,1328.0,137800.0,-6.405516147613525,-0.8367319703102112,7.378323078155518
2634,1329.0,137900.0,-6.413188457489014,-0.8358540534973145,7.371754169464111
2635,1330.0,138000.0,-6.417069435119629,-0.8333107829093933,7.368663311004639
2636,1331.0,138100.0,-6.417069435119629,-0.8333107829093933,7.368663311004639
2637,1332.0,138200.0,-6.412745475769043,-0.8187079429626465,7.374063014984131
2638,1333.0,138300.0,-6.412745475769043,-0.8187079429626465,7.374063014984131
2639,1334.0,138400.0,-6.405144691467285,-0.8510484099388123,7.377006530761719
2640,1320.0,137000.0,-6.4334259033203125,-0.8204588890075684,7.355832099914551
2641,1321.0,137100.0,-6.4334259033203125,-0.8204588890075684,7.355832099914551
2642,1322.0,137200.0,-6.424554824829103,-0.8168842792510986,7.363978862762451
2643,1323.0,137300.0,-6.4131412506103525,-0.8163213729858398,7.373983383178711
2644,1324.0,137400.0,-6.4131412506103525,-0.8163213729858398,7.373983383178711
2645,1325.0,137500.0,-6.405062198638916,-0.8248936533927917,7.3800482749938965
2646,1326.0,137600.0,-6.405062198638916,-0.8248936533927917,7.3800482749938965
2647,1327.0,137700.0,-6.405516147613525,-0.8367319703102112,7.378323078155518
2648,1328.0,137800.0,-6.405516147613525,-0.8367319703102112,7.378323078155518
2649,1329.0,137900.0,-6.413188457489014,-0.8358540534973145,7.371754169464111
2650,1330.0,138000.0,-6.417069435119629,-0.8333107829093933,7.368663311004639
2651,1331.0,138100.0,-6.417069435119629,-0.8333107829093933,7.368663311004639
2652,1332.0,138200.0,-6.412745475769043,-0.8187079429626465,7.374063014984131
2653,1333.0,138300.0,-6.412745475769043,-0.8187079429626465,7.374063014984131
2654,1334.0,138400.0,-6.405144691467285,-0.8510484099388123,7.377006530761719
2655,1335.0,138500.0,-6.405144691467285,-0.8510484099388123,7.377006530761719
2656,1336.0,138600.0,-6.417389392852782,-0.8631325364112854,7.364950656890869
2657,1337.0,138700.0,-6.417389392852782,-0.8631325364112854,7.364950656890869
2658,1338.0,138800.0,-6.426361083984375,-0.8390312194824219,7.359911441802978
2659,1339.0,138900.0,-6.426361083984375,-0.8390312194824219,7.359911441802978
2660,1340.0,139000.0,-6.414010047912598,-0.8364791870117188,7.370968341827393
2661,1341.0,139100.0,-6.406542778015138,-0.8223761320114136,7.379044055938723
2662,1342.0,139200.0,-6.406542778015138,-0.8223761320114136,7.379044055938723
2663,1343.0,139300.0,-6.4034080505371085,-0.8188806772232056,7.3821539878845215
2664,1344.0,139400.0,-6.4034080505371085,-0.8188806772232056,7.3821539878845215
2665,1345.0,139500.0,-6.396908760070801,-0.7925930023193359,7.390652656555176
2666,1346.0,139600.0,-6.396908760070801,-0.7925930023193359,7.390652656555176
2667,1347.0,139700.0,-6.361789226531982,-0.7998729348182678,7.420124053955077
2668,1348.0,139800.0,-6.361789226531982,-0.7998729348182678,7.420124053955077
2669,1349.0,139900.0,-6.360994338989258,-0.7868489027023315,7.422197818756103
2670,1335.0,138500.0,-6.405144691467285,-0.8510484099388123,7.377006530761719
2671,1336.0,138600.0,-6.417389392852782,-0.8631325364112854,7.364950656890869
2672,1337.0,138700.0,-6.417389392852782,-0.8631325364112854,7.364950656890869
2673,1338.0,138800.0,-6.426361083984375,-0.8390312194824219,7.359911441802978
2674,1339.0,138900.0,-6.426361083984375,-0.8390312194824219,7.359911441802978
2675,1340.0,139000.0,-6.414010047912598,-0.8364791870117188,7.370968341827393
2676,1341.0,139100.0,-6.406542778015138,-0.8223761320114136,7.379044055938723
2677,1342.0,139200.0,-6.406542778015138,-0.8223761320114136,7.379044055938723
2678,1343.0,139300.0,-6.4034080505371085,-0.8188806772232056,7.3821539878845215
2679,1344.0,139400.0,-6.4034080505371085,-0.8188806772232056,7.3821539878845215
2680,1345.0,139500.0,-6.396908760070801,-0.7925930023193359,7.390652656555176
2681,1346.0,139600.0,-6.396908760070801,-0.7925930023193359,7.390652656555176
2682,1347.0,139700.0,-6.361789226531982,-0.7998729348182678,7.420124053955077
2683,1348.0,139800.0,-6.361789226531982,-0.7998729348182678,7.420124053955077
2684,1349.0,139900.0,-6.360994338989258,-0.7868489027023315,7.422197818756103
2685,1350.0,140000.0,-6.3580689430236825,-0.7996075749397278,7.423339366912843
2686,1351.0,140100.0,-6.3580689430236825,-0.7996075749397278,7.423339366912843
2687,1352.0,140200.0,-6.365176200866699,-0.7785580158233643,7.419485569000244
2688,1353.0,140300.0,-6.365176200866699,-0.7785580158233643,7.419485569000244
2689,1354.0,140400.0,-6.385790824890138,-0.7689487934112549,7.402754783630371
2690,1355.0,140500.0,-6.385790824890138,-0.7689487934112549,7.402754783630371
2691,1356.0,140600.0,-6.364584922790527,-0.7559829354286194,7.422327518463135
2692,1357.0,140700.0,-6.364584922790527,-0.7559829354286194,7.422327518463135
2693,1358.0,140800.0,-6.353758811950684,-0.7597203850746155,7.431215286254883
2694,1359.0,140900.0,-6.361968994140625,-0.7685492634773254,7.423278331756593
2695,1360.0,141000.0,-6.361968994140625,-0.7685492634773254,7.423278331756593
2696,1361.0,141100.0,-6.368353366851808,-0.751407265663147,7.419558525085449
2697,1362.0,141200.0,-6.368353366851808,-0.751407265663147,7.419558525085449
2698,1363.0,141300.0,-6.367541790008545,-0.7565925717353821,7.4197282791137695
2699,1364.0,141400.0,-6.367541790008545,-0.7565925717353821,7.4197282791137695
2700,1350.0,140000.0,-6.3580689430236825,-0.7996075749397278,7.423339366912843
2701,1351.0,140100.0,-6.3580689430236825,-0.7996075749397278,7.423339366912843
2702,1352.0,140200.0,-6.365176200866699,-0.7785580158233643,7.419485569000244
2703,1353.0,140300.0,-6.365176200866699,-0.7785580158233643,7.419485569000244
2704,1354.0,140400.0,-6.385790824890138,-0.7689487934112549,7.402754783630371
2705,1355.0,140500.0,-6.385790824890138,-0.7689487934112549,7.402754783630371
2706,1356.0,140600.0,-6.364584922790527,-0.7559829354286194,7.422327518463135
2707,1357.0,140700.0,-6.364584922790527,-0.7559829354286194,7.422327518463135
2708,1358.0,140800.0,-6.353758811950684,-0.7597203850746155,7.431215286254883
2709,1359.0,140900.0,-6.361968994140625,-0.7685492634773254,7.423278331756593
2710,1360.0,141000.0,-6.361968994140625,-0.7685492634773254,7.423278331756593
2711,1361.0,141100.0,-6.368353366851808,-0.751407265663147,7.419558525085449
2712,1362.0,141200.0,-6.368353366851808,-0.751407265663147,7.419558525085449
2713,1363.0,141300.0,-6.367541790008545,-0.7565925717353821,7.4197282791137695
2714,1364.0,141400.0,-6.367541790008545,-0.7565925717353821,7.4197282791137695
2715,1365.0,141500.0,-6.37628984451294,-0.7465940117835999,7.4132256507873535
2716,1366.0,141600.0,-6.37628984451294,-0.7465940117835999,7.4132256507873535
2717,1367.0,141700.0,-6.374423503875732,-0.7386726140975952,7.415624618530272
2718,1368.0,141800.0,-6.373061180114746,-0.7193851470947266,7.418690204620361
2719,1369.0,141900.0,-6.373061180114746,-0.7193851470947266,7.418690204620361
2720,1370.0,142000.0,-6.375812530517577,-0.7331172823905945,7.414981842041016
2721,1371.0,142100.0,-6.375812530517577,-0.7331172823905945,7.414981842041016
2722,1372.0,142200.0,-6.385043621063232,-0.7231050133705139,7.408018589019775
2723,1373.0,142300.0,-6.385043621063232,-0.7231050133705139,7.408018589019775
2724,1374.0,142400.0,-6.385759353637695,-0.7230138182640076,7.40740966796875
2725,1375.0,142500.0,-6.385759353637695,-0.7230138182640076,7.40740966796875
2726,1376.0,142600.0,-6.38388729095459,-0.7789844274520874,7.403347492218018
2727,1377.0,142700.0,-6.3905792236328125,-0.8142068386077881,7.393778324127197
2728,1378.0,142800.0,-6.3905792236328125,-0.8142068386077881,7.393778324127197
2729,1379.0,142900.0,-6.371613025665282,-0.8144076466560364,7.410106182098389
2730,1365.0,141500.0,-6.37628984451294,-0.7465940117835999,7.4132256507873535
2731,1366.0,141600.0,-6.37628984451294,-0.7465940117835999,7.4132256507873535
2732,1367.0,141700.0,-6.374423503875732,-0.7386726140975952,7.415624618530272
2733,1368.0,141800.0,-6.373061180114746,-0.7193851470947266,7.418690204620361
2734,1369.0,141900.0,-6.373061180114746,-0.7193851470947266,7.418690204620361
2735,1370.0,142000.0,-6.375812530517577,-0.7331172823905945,7.414981842041016
2736,1371.0,142100.0,-6.375812530517577,-0.7331172823905945,7.414981842041016
2737,1372.0,142200.0,-6.385043621063232,-0.7231050133705139,7.408018589019775
2738,1373.0,142300.0,-6.385043621063232,-0.7231050133705139,7.408018589019775
2739,1374.0,142400.0,-6.385759353637695,-0.7230138182640076,7.40740966796875
2740,1375.0,142500.0,-6.385759353637695,-0.7230138182640076,7.40740966796875
2741,1376.0,142600.0,-6.38388729095459,-0.7789844274520874,7.403347492218018
2742,1377.0,142700.0,-6.3905792236328125,-0.8142068386077881,7.393778324127197
2743,1378.0,142800.0,-6.3905792236328125,-0.8142068386077881,7.393778324127197
2744,1379.0,142900.0,-6.371613025665282,-0.8144076466560364,7.410106182098389
2745,1380.0,143000.0,-6.371613025665282,-0.8144076466560364,7.410106182098389
2746,1381.0,143100.0,-6.386825084686277,-0.8996730446815491,7.387113094329834
2747,1382.0,143200.0,-6.386825084686277,-0.8996730446815491,7.387113094329834
2748,1383.0,143300.0,-6.3931145668029785,-0.8735466599464417,7.384807586669923
2749,1384.0,143400.0,-6.3931145668029785,-0.8735466599464417,7.384807586669923
2750,1385.0,143500.0,-6.408111095428468,-0.862023651599884,7.373155117034912
2751,1386.0,143600.0,-6.384262561798098,-0.8577467203140259,7.394312858581543
2752,1387.0,143700.0,-6.384262561798098,-0.8577467203140259,7.394312858581543
2753,1388.0,143800.0,-6.385244846343994,-0.8075409531593323,7.399116516113281
2754,1389.0,143900.0,-6.385244846343994,-0.8075409531593323,7.399116516113281
2755,1390.0,144000.0,-6.403555393218994,-0.8055074214935303,7.383495807647705
2756,1391.0,144100.0,-6.403555393218994,-0.8055074214935303,7.383495807647705
2757,1392.0,144200.0,-6.415884017944336,-0.8059496283531189,7.3727378845214835
2758,1393.0,144300.0,-6.415884017944336,-0.8059496283531189,7.3727378845214835
2759,1394.0,144400.0,-6.434122562408447,-0.7680222988128662,7.3608832359313965
2760,1380.0,143000.0,-6.371613025665282,-0.8144076466560364,7.410106182098389
2761,1381.0,143100.0,-6.386825084686277,-0.8996730446815491,7.387113094329834
2762,1382.0,143200.0,-6.386825084686277,-0.8996730446815491,7.387113094329834
2763,1383.0,143300.0,-6.3931145668029785,-0.8735466599464417,7.384807586669923
2764,1384.0,143400.0,-6.3931145668029785,-0.8735466599464417,7.384807586669923
2765,1385.0,143500.0,-6.408111095428468,-0.862023651599884,7.373155117034912
2766,1386.0,143600.0,-6.384262561798098,-0.8577467203140259,7.394312858581543
2767,1387.0,143700.0,-6.384262561798098,-0.8577467203140259,7.394312858581543
2768,1388.0,143800.0,-6.385244846343994,-0.8075409531593323,7.399116516113281
2769,1389.0,143900.0,-6.385244846343994,-0.8075409531593323,7.399116516113281
2770,1390.0,144000.0,-6.403555393218994,-0.8055074214935303,7.383495807647705
2771,1391.0,144100.0,-6.403555393218994,-0.8055074214935303,7.383495807647705
2772,1392.0,144200.0,-6.415884017944336,-0.8059496283531189,7.3727378845214835
2773,1393.0,144300.0,-6.415884017944336,-0.8059496283531189,7.3727378845214835
2774,1394.0,144400.0,-6.434122562408447,-0.7680222988128662,7.3608832359313965
2775,1395.0,144500.0,-6.435492515563965,-0.768311083316803,7.359654903411865
2776,1396.0,144600.0,-6.435492515563965,-0.768311083316803,7.359654903411865
2777,1397.0,144700.0,-6.43492317199707,-0.7689216136932373,7.36008882522583
2778,1398.0,144800.0,-6.43492317199707,-0.7689216136932373,7.36008882522583
2779,1399.0,144900.0,-6.4447407722473145,-0.7781739830970764,7.350520133972168
2780,1400.0,145000.0,-6.4447407722473145,-0.7781739830970764,7.350520133972168
2781,1401.0,145100.0,-6.441181182861327,-0.7703747153282166,7.354461193084718
2782,1402.0,145200.0,-6.441181182861327,-0.7703747153282166,7.354461193084718
2783,1403.0,145300.0,-6.4414916038513175,-0.7633143067359924,7.354925632476807
2784,1404.0,145400.0,-6.478784561157228,-0.7621674537658691,7.3222150802612305
2785,1405.0,145500.0,-6.478784561157228,-0.7621674537658691,7.3222150802612305
2786,1406.0,145600.0,-6.468014240264893,-0.7701704502105713,7.330893993377685
2787,1407.0,145700.0,-6.468014240264893,-0.7701704502105713,7.330893993377685
2788,1408.0,145800.0,-6.488780498504639,-0.7509639263153076,7.314517498016357
2789,1409.0,145900.0,-6.488780498504639,-0.7509639263153076,7.314517498016357
2790,1395.0,144500.0,-6.435492515563965,-0.768311083316803,7.359654903411865
2791,1396.0,144600.0,-6.435492515563965,-0.768311083316803,7.359654903411865
2792,1397.0,144700.0,-6.43492317199707,-0.7689216136932373,7.36008882522583
2793,1398.0,144800.0,-6.43492317199707,-0.7689216136932373,7.36008882522583
2794,1399.0,144900.0,-6.4447407722473145,-0.7781739830970764,7.350520133972168
2795,1400.0,145000.0,-6.4447407722473145,-0.7781739830970764,7.350520133972168
2796,1401.0,145100.0,-6.441181182861327,-0.7703747153282166,7.354461193084718
2797,1402.0,145200.0,-6.441181182861327,-0.7703747153282166,7.354461193084718
2798,1403.0,145300.0,-6.4414916038513175,-0.7633143067359924,7.354925632476807
2799,1404.0,145400.0,-6.478784561157228,-0.7621674537658691,7.3222150802612305
2800,1405.0,145500.0,-6.478784561157228,-0.7621674537658691,7.3222150802612305
2801,1406.0,145600.0,-6.468014240264893,-0.7701704502105713,7.330893993377685
2802,1407.0,145700.0,-6.468014240264893,-0.7701704502105713,7.330893993377685
2803,1408.0,145800.0,-6.488780498504639,-0.7509639263153076,7.314517498016357
2804,1409.0,145900.0,-6.488780498504639,-0.7509639263153076,7.314517498016357
2805,1410.0,146000.0,-6.4814348220825195,-0.7489852905273438,7.321230888366699
2806,1411.0,146100.0,-6.4814348220825195,-0.7489852905273438,7.321230888366699
2807,1412.0,146200.0,-6.4740967750549325,-0.7557511329650879,7.327025413513184
2808,1413.0,146300.0,-6.5035033226013175,-0.721016526222229,7.3044490814208975
2809,1414.0,146400.0,-6.5035033226013175,-0.721016526222229,7.3044490814208975
2810,1415.0,146500.0,-6.472869873046875,-0.7554355263710022,7.328141689300537
2811,1416.0,146600.0,-6.472869873046875,-0.7554355263710022,7.328141689300537
2812,1417.0,146700.0,-6.490046501159668,-0.7587564587593079,7.312590599060059
2813,1418.0,146800.0,-6.490046501159668,-0.7587564587593079,7.312590599060059
2814,1419.0,146900.0,-6.486453533172607,-0.7778218388557434,7.313774585723878
2815,1420.0,147000.0,-6.486453533172607,-0.7778218388557434,7.313774585723878
2816,1421.0,147100.0,-6.497069835662843,-0.7369646430015564,7.308581352233888
2817,1422.0,147200.0,-6.514920711517334,-0.74156653881073,7.292205810546875
2818,1423.0,147300.0,-6.514920711517334,-0.74156653881073,7.292205810546875
2819,1424.0,147400.0,-6.5082154273986825,-0.7110852003097534,7.301224231719973
2820,1410.0,146000.0,-6.4814348220825195,-0.7489852905273438,7.321230888366699
2821,1411.0,146100.0,-6.4814348220825195,-0.7489852905273438,7.321230888366699
2822,1412.0,146200.0,-6.4740967750549325,-0.7557511329650879,7.327025413513184
2823,1413.0,146300.0,-6.5035033226013175,-0.721016526222229,7.3044490814208975
2824,1414.0,146400.0,-6.5035033226013175,-0.721016526222229,7.3044490814208975
2825,1415.0,146500.0,-6.472869873046875,-0.7554355263710022,7.328141689300537
2826,1416.0,146600.0,-6.472869873046875,-0.7554355263710022,7.328141689300537
2827,1417.0,146700.0,-6.490046501159668,-0.7587564587593079,7.312590599060059
2828,1418.0,146800.0,-6.490046501159668,-0.7587564587593079,7.312590599060059
2829,1419.0,146900.0,-6.486453533172607,-0.7778218388557434,7.313774585723878
2830,1420.0,147000.0,-6.486453533172607,-0.7778218388557434,7.313774585723878
2831,1421.0,147100.0,-6.497069835662843,-0.7369646430015564,7.308581352233888
2832,1422.0,147200.0,-6.514920711517334,-0.74156653881073,7.292205810546875
2833,1423.0,147300.0,-6.514920711517334,-0.74156653881073,7.292205810546875
2834,1424.0,147400.0,-6.5082154273986825,-0.7110852003097534,7.301224231719973
2835,1425.0,147500.0,-6.5082154273986825,-0.7110852003097534,7.301224231719973
2836,1426.0,147600.0,-6.4821457862854,-0.7153209447860718,7.323967456817628
2837,1427.0,147700.0,-6.4821457862854,-0.7153209447860718,7.323967456817628
2838,1428.0,147800.0,-6.483747005462647,-0.6997215151786804,7.324056625366211
2839,1429.0,147900.0,-6.483747005462647,-0.6997215151786804,7.324056625366211
2840,1430.0,148000.0,-6.474475383758545,-0.7027847170829773,7.331961631774902
2841,1431.0,148100.0,-6.4750075340271,-0.72971510887146,7.328860282897949
2842,1432.0,148200.0,-6.4750075340271,-0.72971510887146,7.328860282897949
2843,1433.0,148300.0,-6.4924092292785645,-0.7401771545410156,7.312397003173827
2844,1434.0,148400.0,-6.4924092292785645,-0.7401771545410156,7.312397003173827
2845,1435.0,148500.0,-6.49880313873291,-0.745102047920227,7.306214332580566
2846,1436.0,148600.0,-6.49880313873291,-0.745102047920227,7.306214332580566
2847,1437.0,148700.0,-6.512277603149414,-0.7208142876625061,7.296646595001223
2848,1438.0,148800.0,-6.512277603149414,-0.7208142876625061,7.296646595001223
2849,1439.0,148900.0,-6.507507801055907,-0.7266525030136108,7.300322532653809
2850,1425.0,147500.0,-6.5082154273986825,-0.7110852003097534,7.301224231719973
2851,1426.0,147600.0,-6.4821457862854,-0.7153209447860718,7.323967456817628
2852,1427.0,147700.0,-6.4821457862854,-0.7153209447860718,7.323967456817628
2853,1428.0,147800.0,-6.483747005462647,-0.6997215151786804,7.324056625366211
2854,1429.0,147900.0,-6.483747005462647,-0.6997215151786804,7.324056625366211
2855,1430.0,148000.0,-6.474475383758545,-0.7027847170829773,7.331961631774902
2856,1431.0,148100.0,-6.4750075340271,-0.72971510887146,7.328860282897949
2857,1432.0,148200.0,-6.4750075340271,-0.72971510887146,7.328860282897949
2858,1433.0,148300.0,-6.4924092292785645,-0.7401771545410156,7.312397003173827
2859,1434.0,148400.0,-6.4924092292785645,-0.7401771545410156,7.312397003173827
2860,1435.0,148500.0,-6.49880313873291,-0.745102047920227,7.306214332580566
2861,1436.0,148600.0,-6.49880313873291,-0.745102047920227,7.306214332580566
2862,1437.0,148700.0,-6.512277603149414,-0.7208142876625061,7.296646595001223
2863,1438.0,148800.0,-6.512277603149414,-0.7208142876625061,7.296646595001223
2864,1439.0,148900.0,-6.507507801055907,-0.7266525030136108,7.300322532653809
2865,1440.0,149000.0,-6.5039472579956055,-0.7084236145019531,7.305285930633545
2866,1441.0,149100.0,-6.5039472579956055,-0.7084236145019531,7.305285930633545
2867,1442.0,149200.0,-6.495794296264648,-0.7258324027061462,7.310828685760497
2868,1443.0,149300.0,-6.495794296264648,-0.7258324027061462,7.310828685760497
2869,1444.0,149400.0,-6.486935138702393,-0.7228139638900757,7.318989276885986
2870,1445.0,149500.0,-6.486935138702393,-0.7228139638900757,7.318989276885986
2871,1446.0,149600.0,-6.492005348205566,-0.7435337901115417,7.31241512298584
2872,1447.0,149700.0,-6.492005348205566,-0.7435337901115417,7.31241512298584
2873,1448.0,149800.0,-6.489724159240723,-0.7433534264564514,7.314457893371582
2874,1449.0,149900.0,-6.497302055358888,-0.7153589725494385,7.310520648956299
2875,1450.0,150000.0,-6.497302055358888,-0.7153589725494385,7.310520648956299
2876,1451.0,150100.0,-6.4788899421691895,-0.7470332980155945,7.32368278503418
2877,1452.0,150200.0,-6.4788899421691895,-0.7470332980155945,7.32368278503418
2878,1453.0,150300.0,-6.481139183044434,-0.7346963882446289,7.322939872741699
2879,1454.0,150400.0,-6.481139183044434,-0.7346963882446289,7.322939872741699
2880,1440.0,149000.0,-6.5039472579956055,-0.7084236145019531,7.305285930633545
2881,1441.0,149100.0,-6.5039472579956055,-0.7084236145019531,7.305285930633545
2882,1442.0,149200.0,-6.495794296264648,-0.7258324027061462,7.310828685760497
2883,1443.0,149300.0,-6.495794296264648,-0.7258324027061462,7.310828685760497
2884,1444.0,149400.0,-6.486935138702393,-0.7228139638900757,7.318989276885986
2885,1445.0,149500.0,-6.486935138702393,-0.7228139638900757,7.318989276885986
2886,1446.0,149600.0,-6.492005348205566,-0.7435337901115417,7.31241512298584
2887,1447.0,149700.0,-6.492005348205566,-0.7435337901115417,7.31241512298584
2888,1448.0,149800.0,-6.489724159240723,-0.7433534264564514,7.314457893371582
2889,1449.0,149900.0,-6.497302055358888,-0.7153589725494385,7.310520648956299
2890,1450.0,150000.0,-6.497302055358888,-0.7153589725494385,7.310520648956299
2891,1451.0,150100.0,-6.4788899421691895,-0.7470332980155945,7.32368278503418
2892,1452.0,150200.0,-6.4788899421691895,-0.7470332980155945,7.32368278503418
2893,1453.0,150300.0,-6.481139183044434,-0.7346963882446289,7.322939872741699
2894,1454.0,150400.0,-6.481139183044434,-0.7346963882446289,7.322939872741699
2895,1455.0,150500.0,-6.490684986114503,-0.7466151118278503,7.3132734298706055
2896,1456.0,150600.0,-6.490684986114503,-0.7466151118278503,7.3132734298706055
2897,1457.0,150700.0,-6.482649326324463,-0.7690300345420837,7.318075656890869
2898,1458.0,150800.0,-6.468056201934815,-0.7471104860305786,7.333243370056152
2899,1459.0,150900.0,-6.468056201934815,-0.7471104860305786,7.333243370056152
2900,1460.0,151000.0,-6.479219913482666,-0.7724445462226868,7.320753574371338
2901,1461.0,151100.0,-6.479219913482666,-0.7724445462226868,7.320753574371338
2902,1462.0,151200.0,-6.478901386260986,-0.7646461129188538,7.3218536376953125
2903,1463.0,151300.0,-6.478901386260986,-0.7646461129188538,7.3218536376953125
2904,1464.0,151400.0,-6.466639518737793,-0.7703025341033936,7.332093715667725
2905,1465.0,151500.0,-6.466639518737793,-0.7703025341033936,7.332093715667725
2906,1466.0,151600.0,-6.472156047821045,-0.7678934335708618,7.32747745513916
2907,1467.0,151700.0,-6.460480213165282,-0.7673486471176147,7.337830543518066
2908,1468.0,151800.0,-6.460480213165282,-0.7673486471176147,7.337830543518066
2909,1469.0,151900.0,-6.4704108238220215,-0.7688435912132263,7.32891845703125
2910,1455.0,150500.0,-6.490684986114503,-0.7466151118278503,7.3132734298706055
2911,1456.0,150600.0,-6.490684986114503,-0.7466151118278503,7.3132734298706055
2912,1457.0,150700.0,-6.482649326324463,-0.7690300345420837,7.318075656890869
2913,1458.0,150800.0,-6.468056201934815,-0.7471104860305786,7.333243370056152
2914,1459.0,150900.0,-6.468056201934815,-0.7471104860305786,7.333243370056152
2915,1460.0,151000.0,-6.479219913482666,-0.7724445462226868,7.320753574371338
2916,1461.0,151100.0,-6.479219913482666,-0.7724445462226868,7.320753574371338
2917,1462.0,151200.0,-6.478901386260986,-0.7646461129188538,7.3218536376953125
2918,1463.0,151300.0,-6.478901386260986,-0.7646461129188538,7.3218536376953125
2919,1464.0,151400.0,-6.466639518737793,-0.7703025341033936,7.332093715667725
2920,1465.0,151500.0,-6.466639518737793,-0.7703025341033936,7.332093715667725
2921,1466.0,151600.0,-6.472156047821045,-0.7678934335708618,7.32747745513916
2922,1467.0,151700.0,-6.460480213165282,-0.7673486471176147,7.337830543518066
2923,1468.0,151800.0,-6.460480213165282,-0.7673486471176147,7.337830543518066
2924,1469.0,151900.0,-6.4704108238220215,-0.7688435912132263,7.32891845703125
2925,1470.0,152000.0,-6.4704108238220215,-0.7688435912132263,7.32891845703125
2926,1471.0,152100.0,-6.462533950805664,-0.7644020915031433,7.3363304138183585
2927,1472.0,152200.0,-6.462533950805664,-0.7644020915031433,7.3363304138183585
2928,1473.0,152300.0,-6.458688735961914,-0.7801944017410278,7.338052749633789
2929,1474.0,152400.0,-6.458688735961914,-0.7801944017410278,7.338052749633789
2930,1475.0,152500.0,-6.472392082214356,-0.7645233869552612,7.3276214599609375
2931,1476.0,152600.0,-6.466507911682129,-0.7694509029388428,7.33229923248291
2932,1477.0,152700.0,-6.466507911682129,-0.7694509029388428,7.33229923248291
2933,1478.0,152800.0,-6.461289882659912,-0.8046782612800598,7.3331170082092285
2934,1479.0,152900.0,-6.461289882659912,-0.8046782612800598,7.3331170082092285
2935,1480.0,153000.0,-6.455296039581299,-0.819981038570404,7.336700916290282
2936,1481.0,153100.0,-6.455296039581299,-0.819981038570404,7.336700916290282
2937,1482.0,153200.0,-6.449461460113525,-0.8084019422531128,7.343114376068115
2938,1483.0,153300.0,-6.449461460113525,-0.8084019422531128,7.343114376068115
2939,1484.0,153400.0,-6.450877189636231,-0.8059133887290955,7.342144012451173
2940,1470.0,152000.0,-6.4704108238220215,-0.7688435912132263,7.32891845703125
2941,1471.0,152100.0,-6.462533950805664,-0.7644020915031433,7.3363304138183585
2942,1472.0,152200.0,-6.462533950805664,-0.7644020915031433,7.3363304138183585
2943,1473.0,152300.0,-6.458688735961914,-0.7801944017410278,7.338052749633789
2944,1474.0,152400.0,-6.458688735961914,-0.7801944017410278,7.338052749633789
2945,1475.0,152500.0,-6.472392082214356,-0.7645233869552612,7.3276214599609375
2946,1476.0,152600.0,-6.466507911682129,-0.7694509029388428,7.33229923248291
2947,1477.0,152700.0,-6.466507911682129,-0.7694509029388428,7.33229923248291
2948,1478.0,152800.0,-6.461289882659912,-0.8046782612800598,7.3331170082092285
2949,1479.0,152900.0,-6.461289882659912,-0.8046782612800598,7.3331170082092285
2950,1480.0,153000.0,-6.455296039581299,-0.819981038570404,7.336700916290282
2951,1481.0,153100.0,-6.455296039581299,-0.819981038570404,7.336700916290282
2952,1482.0,153200.0,-6.449461460113525,-0.8084019422531128,7.343114376068115
2953,1483.0,153300.0,-6.449461460113525,-0.8084019422531128,7.343114376068115
2954,1484.0,153400.0,-6.450877189636231,-0.8059133887290955,7.342144012451173
2955,1485.0,153500.0,-6.4718780517578125,-0.8239300847053528,7.321633815765381
2956,1486.0,153600.0,-6.4718780517578125,-0.8239300847053528,7.321633815765381
2957,1487.0,153700.0,-6.447788238525392,-0.8143576383590698,7.343925952911378
2958,1488.0,153800.0,-6.447788238525392,-0.8143576383590698,7.343925952911378
2959,1489.0,153900.0,-6.445497035980225,-0.8210051655769348,7.34519624710083
2960,1490.0,154000.0,-6.445497035980225,-0.8210051655769348,7.34519624710083
2961,1491.0,154100.0,-6.443241119384767,-0.8164911866188049,7.347677707672119
2962,1492.0,154200.0,-6.443241119384767,-0.8164911866188049,7.347677707672119
2963,1493.0,154300.0,-6.455423831939697,-0.7982339262962341,7.338986396789551
2964,1494.0,154400.0,-6.446546077728272,-0.7912684679031372,7.347538948059082
2965,1495.0,154500.0,-6.446546077728272,-0.7912684679031372,7.347538948059082
2966,1496.0,154600.0,-6.457004070281982,-0.8013935685157776,7.337250709533691
2967,1497.0,154700.0,-6.457004070281982,-0.8013935685157776,7.337250709533691
2968,1498.0,154800.0,-6.454099178314209,-0.7839326858520508,7.341691493988037
2969,1499.0,154900.0,-6.454099178314209,-0.7839326858520508,7.341691493988037
2970,1485.0,153500.0,-6.4718780517578125,-0.8239300847053528,7.321633815765381
2971,1486.0,153600.0,-6.4718780517578125,-0.8239300847053528,7.321633815765381
2972,1487.0,153700.0,-6.447788238525392,-0.8143576383590698,7.343925952911378
2973,1488.0,153800.0,-6.447788238525392,-0.8143576383590698,7.343925952911378
2974,1489.0,153900.0,-6.445497035980225,-0.8210051655769348,7.34519624710083
2975,1490.0,154000.0,-6.445497035980225,-0.8210051655769348,7.34519624710083
2976,1491.0,154100.0,-6.443241119384767,-0.8164911866188049,7.347677707672119
2977,1492.0,154200.0,-6.443241119384767,-0.8164911866188049,7.347677707672119
2978,1493.0,154300.0,-6.455423831939697,-0.7982339262962341,7.338986396789551
2979,1494.0,154400.0,-6.446546077728272,-0.7912684679031372,7.347538948059082
2980,1495.0,154500.0,-6.446546077728272,-0.7912684679031372,7.347538948059082
2981,1496.0,154600.0,-6.457004070281982,-0.8013935685157776,7.337250709533691
2982,1497.0,154700.0,-6.457004070281982,-0.8013935685157776,7.337250709533691
2983,1498.0,154800.0,-6.454099178314209,-0.7839326858520508,7.341691493988037
2984,1499.0,154900.0,-6.454099178314209,-0.7839326858520508,7.341691493988037
2985,1500.0,155000.0,-6.441189765930176,-0.7830389738082886,7.353115558624268
2986,1501.0,155100.0,-6.441189765930176,-0.7830389738082886,7.353115558624268
2987,1502.0,155200.0,-6.448812484741211,-0.7793345451354979,7.346825122833253
2988,1503.0,155300.0,-6.450005531311035,-0.8014233708381653,7.3434014320373535
2989,1504.0,155400.0,-6.450005531311035,-0.8014233708381653,7.3434014320373535
2990,1505.0,155500.0,-6.461802959442139,-0.8028268218040466,7.3328680992126465
2991,1506.0,155600.0,-6.461802959442139,-0.8028268218040466,7.3328680992126465
2992,1507.0,155700.0,-6.461996078491211,-0.7986574172973633,7.333153247833253
2993,1508.0,155800.0,-6.461996078491211,-0.7986574172973633,7.333153247833253
2994,1509.0,155900.0,-6.453786849975586,-0.8183473348617554,7.338210582733152
2995,1510.0,156000.0,-6.453786849975586,-0.8183473348617554,7.338210582733152
2996,1511.0,156100.0,-6.465254306793213,-0.7905386686325073,7.3311614990234375
2997,1512.0,156200.0,-6.476110935211183,-0.7937275767326355,7.32122802734375
2998,1513.0,156300.0,-6.476110935211183,-0.7937275767326355,7.32122802734375
2999,1514.0,156400.0,-6.472032070159912,-0.7605851292610168,7.3283491134643555
3000,1500.0,155000.0,-6.441189765930176,-0.7830389738082886,7.353115558624268
3001,1501.0,155100.0,-6.441189765930176,-0.7830389738082886,7.353115558624268
3002,1502.0,155200.0,-6.448812484741211,-0.7793345451354979,7.346825122833253
3003,1503.0,155300.0,-6.450005531311035,-0.8014233708381653,7.3434014320373535
3004,1504.0,155400.0,-6.450005531311035,-0.8014233708381653,7.3434014320373535
3005,1505.0,155500.0,-6.461802959442139,-0.8028268218040466,7.3328680992126465
3006,1506.0,155600.0,-6.461802959442139,-0.8028268218040466,7.3328680992126465
3007,1507.0,155700.0,-6.461996078491211,-0.7986574172973633,7.333153247833253
3008,1508.0,155800.0,-6.461996078491211,-0.7986574172973633,7.333153247833253
3009,1509.0,155900.0,-6.453786849975586,-0.8183473348617554,7.338210582733152
3010,1510.0,156000.0,-6.453786849975586,-0.8183473348617554,7.338210582733152
3011,1511.0,156100.0,-6.465254306793213,-0.7905386686325073,7.3311614990234375
3012,1512.0,156200.0,-6.476110935211183,-0.7937275767326355,7.32122802734375
3013,1513.0,156300.0,-6.476110935211183,-0.7937275767326355,7.32122802734375
3014,1514.0,156400.0,-6.472032070159912,-0.7605851292610168,7.3283491134643555
3015,1515.0,156500.0,-6.472032070159912,-0.7605851292610168,7.3283491134643555
3016,1516.0,156600.0,-6.482322216033936,-0.7526680827140808,7.320067882537843
3017,1517.0,156700.0,-6.482322216033936,-0.7526680827140808,7.320067882537843
3018,1518.0,156800.0,-6.483035087585449,-0.7439476251602173,7.320326805114746
3019,1519.0,156900.0,-6.483035087585449,-0.7439476251602173,7.320326805114746
3020,1520.0,157000.0,-6.4809136390686035,-0.7429261803627014,7.322309494018555
3021,1521.0,157100.0,-6.477884292602539,-0.7439923286437988,7.324880599975586
3022,1522.0,157200.0,-6.477884292602539,-0.7439923286437988,7.324880599975586
3023,1523.0,157300.0,-6.507208824157715,-0.7626546621322632,7.2969160079956055
3024,1524.0,157400.0,-6.507208824157715,-0.7626546621322632,7.2969160079956055
3025,1525.0,157500.0,-6.499502182006836,-0.7610495686531067,7.303948402404785
3026,1526.0,157600.0,-6.499502182006836,-0.7610495686531067,7.303948402404785
3027,1527.0,157700.0,-6.495036602020264,-0.7532979249954224,7.308723449707031
3028,1528.0,157800.0,-6.495036602020264,-0.7532979249954224,7.308723449707031
3029,1529.0,157900.0,-6.488624572753906,-0.750356912612915,7.314718723297119
3030,1515.0,156500.0,-6.472032070159912,-0.7605851292610168,7.3283491134643555
3031,1516.0,156600.0,-6.482322216033936,-0.7526680827140808,7.320067882537843
3032,1517.0,156700.0,-6.482322216033936,-0.7526680827140808,7.320067882537843
3033,1518.0,156800.0,-6.483035087585449,-0.7439476251602173,7.320326805114746
3034,1519.0,156900.0,-6.483035087585449,-0.7439476251602173,7.320326805114746
3035,1520.0,157000.0,-6.4809136390686035,-0.7429261803627014,7.322309494018555
3036,1521.0,157100.0,-6.477884292602539,-0.7439923286437988,7.324880599975586
3037,1522.0,157200.0,-6.477884292602539,-0.7439923286437988,7.324880599975586
3038,1523.0,157300.0,-6.507208824157715,-0.7626546621322632,7.2969160079956055
3039,1524.0,157400.0,-6.507208824157715,-0.7626546621322632,7.2969160079956055
3040,1525.0,157500.0,-6.499502182006836,-0.7610495686531067,7.303948402404785
3041,1526.0,157600.0,-6.499502182006836,-0.7610495686531067,7.303948402404785
3042,1527.0,157700.0,-6.495036602020264,-0.7532979249954224,7.308723449707031
3043,1528.0,157800.0,-6.495036602020264,-0.7532979249954224,7.308723449707031
3044,1529.0,157900.0,-6.488624572753906,-0.750356912612915,7.314718723297119
3045,1530.0,158000.0,-6.488624572753906,-0.750356912612915,7.314718723297119
3046,1531.0,158100.0,-6.488552570343018,-0.7424050569534302,7.315593719482423
3047,1532.0,158200.0,-6.476957321166992,-0.758978009223938,7.324162483215332
3048,1533.0,158300.0,-6.476957321166992,-0.758978009223938,7.324162483215332
3049,1534.0,158400.0,-6.468282699584961,-0.736017107963562,7.334166526794434
3050,1535.0,158500.0,-6.468282699584961,-0.736017107963562,7.334166526794434
3051,1536.0,158600.0,-6.4543046951293945,-0.7351943850517273,7.346551895141602
3052,1537.0,158700.0,-6.4543046951293945,-0.7351943850517273,7.346551895141602
3053,1538.0,158800.0,-6.443570613861084,-0.724411129951477,7.357037544250487
3054,1539.0,158900.0,-6.443570613861084,-0.724411129951477,7.357037544250487
3055,1540.0,159000.0,-6.440555572509767,-0.7321022748947144,7.358916759490968
3056,1541.0,159100.0,-6.435451507568359,-0.7068214416503906,7.365850448608397
3057,1542.0,159200.0,-6.435451507568359,-0.7068214416503906,7.365850448608397
3058,1543.0,159300.0,-6.423316955566406,-0.7182760238647461,7.375328540802003
3059,1544.0,159400.0,-6.423316955566406,-0.7182760238647461,7.375328540802003
3060,1530.0,158000.0,-6.488624572753906,-0.750356912612915,7.314718723297119
3061,1531.0,158100.0,-6.488552570343018,-0.7424050569534302,7.315593719482423
3062,1532.0,158200.0,-6.476957321166992,-0.758978009223938,7.324162483215332
3063,1533.0,158300.0,-6.476957321166992,-0.758978009223938,7.324162483215332
3064,1534.0,158400.0,-6.468282699584961,-0.736017107963562,7.334166526794434
3065,1535.0,158500.0,-6.468282699584961,-0.736017107963562,7.334166526794434
3066,1536.0,158600.0,-6.4543046951293945,-0.7351943850517273,7.346551895141602
3067,1537.0,158700.0,-6.4543046951293945,-0.7351943850517273,7.346551895141602
3068,1538.0,158800.0,-6.443570613861084,-0.724411129951477,7.357037544250487
3069,1539.0,158900.0,-6.443570613861084,-0.724411129951477,7.357037544250487
3070,1540.0,159000.0,-6.440555572509767,-0.7321022748947144,7.358916759490968
3071,1541.0,159100.0,-6.435451507568359,-0.7068214416503906,7.365850448608397
3072,1542.0,159200.0,-6.435451507568359,-0.7068214416503906,7.365850448608397
3073,1543.0,159300.0,-6.423316955566406,-0.7182760238647461,7.375328540802003
3074,1544.0,159400.0,-6.423316955566406,-0.7182760238647461,7.375328540802003
3075,1545.0,159500.0,-6.416476726531982,-0.7173910140991211,7.381365299224853
3076,1546.0,159600.0,-6.416476726531982,-0.7173910140991211,7.381365299224853
3077,1547.0,159700.0,-6.422221183776856,-0.7054232358932495,7.3775224685668945
3078,1548.0,159800.0,-6.422221183776856,-0.7054232358932495,7.3775224685668945
3079,1549.0,159900.0,-6.411440849304199,-0.687418520450592,7.388589859008789
3080,1550.0,160000.0,-6.393634796142577,-0.6853437423706055,7.404196262359619
3081,1551.0,160100.0,-6.393634796142577,-0.6853437423706055,7.404196262359619
3082,1552.0,160200.0,-6.387442588806152,-0.6870470643043518,7.40938138961792
3083,1553.0,160300.0,-6.387442588806152,-0.6870470643043518,7.40938138961792
3084,1554.0,160400.0,-6.396180152893066,-0.7121332883834839,7.399468421936035
3085,1555.0,160500.0,-6.396180152893066,-0.7121332883834839,7.399468421936035
3086,1556.0,160600.0,-6.4004082679748535,-0.7143561840057373,7.395597457885742
3087,1557.0,160700.0,-6.4004082679748535,-0.7143561840057373,7.395597457885742
3088,1558.0,160800.0,-6.408589839935303,-0.6966039538383484,7.3902039527893075
3089,1559.0,160900.0,-6.395790576934815,-0.7498810887336731,7.396074295043945
3090,1545.0,159500.0,-6.416476726531982,-0.7173910140991211,7.381365299224853
3091,1546.0,159600.0,-6.416476726531982,-0.7173910140991211,7.381365299224853
3092,1547.0,159700.0,-6.422221183776856,-0.7054232358932495,7.3775224685668945
3093,1548.0,159800.0,-6.422221183776856,-0.7054232358932495,7.3775224685668945
3094,1549.0,159900.0,-6.411440849304199,-0.687418520450592,7.388589859008789
3095,1550.0,160000.0,-6.393634796142577,-0.6853437423706055,7.404196262359619
3096,1551.0,160100.0,-6.393634796142577,-0.6853437423706055,7.404196262359619
3097,1552.0,160200.0,-6.387442588806152,-0.6870470643043518,7.40938138961792
3098,1553.0,160300.0,-6.387442588806152,-0.6870470643043518,7.40938138961792
3099,1554.0,160400.0,-6.396180152893066,-0.7121332883834839,7.399468421936035
3100,1555.0,160500.0,-6.396180152893066,-0.7121332883834839,7.399468421936035
3101,1556.0,160600.0,-6.4004082679748535,-0.7143561840057373,7.395597457885742
3102,1557.0,160700.0,-6.4004082679748535,-0.7143561840057373,7.395597457885742
3103,1558.0,160800.0,-6.408589839935303,-0.6966039538383484,7.3902039527893075
3104,1559.0,160900.0,-6.395790576934815,-0.7498810887336731,7.396074295043945
3105,1560.0,161000.0,-6.395790576934815,-0.7498810887336731,7.396074295043945
3106,1561.0,161100.0,-6.446207046508789,-0.7874629497528076,7.348244667053223
3107,1562.0,161200.0,-6.446207046508789,-0.7874629497528076,7.348244667053223
3108,1563.0,161300.0,-6.494356155395508,-0.7544161081314087,7.309211254119872
3109,1564.0,161400.0,-6.494356155395508,-0.7544161081314087,7.309211254119872
3110,1565.0,161500.0,-6.420207500457764,-0.7705044746398926,7.3727641105651855
3111,1566.0,161600.0,-6.420207500457764,-0.7705044746398926,7.3727641105651855
3112,1567.0,161700.0,-6.434550285339356,-0.7590388059616089,7.361440658569336
3113,1568.0,161800.0,-6.430543899536133,-0.7676476240158081,7.364048480987549
3114,1569.0,161900.0,-6.430543899536133,-0.7676476240158081,7.364048480987549
3115,1570.0,162000.0,-6.406502723693848,-0.7536597251892091,7.386414051055907
3116,1571.0,162100.0,-6.406502723693848,-0.7536597251892091,7.386414051055907
3117,1572.0,162200.0,-6.409609794616699,-0.7407459020614624,7.385024547576902
3118,1573.0,162300.0,-6.409609794616699,-0.7407459020614624,7.385024547576902
3119,1574.0,162400.0,-6.399892807006836,-0.7639786005020142,7.391081809997559
3120,1560.0,161000.0,-6.395790576934815,-0.7498810887336731,7.396074295043945
3121,1561.0,161100.0,-6.446207046508789,-0.7874629497528076,7.348244667053223
3122,1562.0,161200.0,-6.446207046508789,-0.7874629497528076,7.348244667053223
3123,1563.0,161300.0,-6.494356155395508,-0.7544161081314087,7.309211254119872
3124,1564.0,161400.0,-6.494356155395508,-0.7544161081314087,7.309211254119872
3125,1565.0,161500.0,-6.420207500457764,-0.7705044746398926,7.3727641105651855
3126,1566.0,161600.0,-6.420207500457764,-0.7705044746398926,7.3727641105651855
3127,1567.0,161700.0,-6.434550285339356,-0.7590388059616089,7.361440658569336
3128,1568.0,161800.0,-6.430543899536133,-0.7676476240158081,7.364048480987549
3129,1569.0,161900.0,-6.430543899536133,-0.7676476240158081,7.364048480987549
3130,1570.0,162000.0,-6.406502723693848,-0.7536597251892091,7.386414051055907
3131,1571.0,162100.0,-6.406502723693848,-0.7536597251892091,7.386414051055907
3132,1572.0,162200.0,-6.409609794616699,-0.7407459020614624,7.385024547576902
3133,1573.0,162300.0,-6.409609794616699,-0.7407459020614624,7.385024547576902
3134,1574.0,162400.0,-6.399892807006836,-0.7639786005020142,7.391081809997559
3135,1575.0,162500.0,-6.399892807006836,-0.7639786005020142,7.391081809997559
3136,1576.0,162600.0,-6.406117916107178,-0.7931643724441528,7.382609844207764
3137,1577.0,162700.0,-6.41525936126709,-0.7633575201034546,7.377812385559082
3138,1578.0,162800.0,-6.41525936126709,-0.7633575201034546,7.377812385559082
3139,1579.0,162900.0,-6.409762382507324,-0.7613850831985474,7.382793426513673
3140,1580.0,163000.0,-6.409762382507324,-0.7613850831985474,7.382793426513673
3141,1581.0,163100.0,-6.434643745422362,-0.7507342100143433,7.362210750579834
3142,1582.0,163200.0,-6.434643745422362,-0.7507342100143433,7.362210750579834
3143,1583.0,163300.0,-6.435108184814452,-0.7382721900939941,7.363065719604492
3144,1584.0,163400.0,-6.435108184814452,-0.7382721900939941,7.363065719604492
3145,1585.0,163500.0,-6.428128719329834,-0.7429372668266296,7.368690013885497
3146,1586.0,163600.0,-6.430287837982178,-0.7556196451187134,7.365516662597656
3147,1587.0,163700.0,-6.430287837982178,-0.7556196451187134,7.365516662597656
3148,1588.0,163800.0,-6.443467140197754,-0.757893443107605,7.353755474090576
3149,1589.0,163900.0,-6.443467140197754,-0.757893443107605,7.353755474090576
3150,1575.0,162500.0,-6.399892807006836,-0.7639786005020142,7.391081809997559
3151,1576.0,162600.0,-6.406117916107178,-0.7931643724441528,7.382609844207764
3152,1577.0,162700.0,-6.41525936126709,-0.7633575201034546,7.377812385559082
3153,1578.0,162800.0,-6.41525936126709,-0.7633575201034546,7.377812385559082
3154,1579.0,162900.0,-6.409762382507324,-0.7613850831985474,7.382793426513673
3155,1580.0,163000.0,-6.409762382507324,-0.7613850831985474,7.382793426513673
3156,1581.0,163100.0,-6.434643745422362,-0.7507342100143433,7.362210750579834
3157,1582.0,163200.0,-6.434643745422362,-0.7507342100143433,7.362210750579834
3158,1583.0,163300.0,-6.435108184814452,-0.7382721900939941,7.363065719604492
3159,1584.0,163400.0,-6.435108184814452,-0.7382721900939941,7.363065719604492
3160,1585.0,163500.0,-6.428128719329834,-0.7429372668266296,7.368690013885497
3161,1586.0,163600.0,-6.430287837982178,-0.7556196451187134,7.365516662597656
3162,1587.0,163700.0,-6.430287837982178,-0.7556196451187134,7.365516662597656
3163,1588.0,163800.0,-6.443467140197754,-0.757893443107605,7.353755474090576
3164,1589.0,163900.0,-6.443467140197754,-0.757893443107605,7.353755474090576
3165,1590.0,164000.0,-6.441061496734619,-0.7570359110832214,7.3559508323669425
3166,1591.0,164100.0,-6.441061496734619,-0.7570359110832214,7.3559508323669425
3167,1592.0,164200.0,-6.4407196044921875,-0.7583332657814026,7.35611629486084
3168,1593.0,164300.0,-6.4407196044921875,-0.7583332657814026,7.35611629486084
3169,1594.0,164400.0,-6.437205314636231,-0.7401946783065796,7.361039161682129
3170,1595.0,164500.0,-6.433531284332275,-0.7532833218574524,7.362923145294189
3171,1596.0,164600.0,-6.433531284332275,-0.7532833218574524,7.362923145294189
3172,1597.0,164700.0,-6.439640522003174,-0.7599220275878906,7.3568973541259775
3173,1598.0,164800.0,-6.439640522003174,-0.7599220275878906,7.3568973541259775
3174,1599.0,164900.0,-6.44510555267334,-0.7797335386276245,7.350035667419434
3175,1600.0,165000.0,-6.44510555267334,-0.7797335386276245,7.350035667419434
3176,1601.0,165100.0,-6.479873180389402,-0.7640922665596008,7.321051597595215
3177,1602.0,165200.0,-6.479873180389402,-0.7640922665596008,7.321051597595215
3178,1603.0,165300.0,-6.459157466888428,-0.781255304813385,7.337527275085449
3179,1604.0,165400.0,-6.4578070640563965,-0.7893375158309937,7.337850570678711
3180,1590.0,164000.0,-6.441061496734619,-0.7570359110832214,7.3559508323669425
3181,1591.0,164100.0,-6.441061496734619,-0.7570359110832214,7.3559508323669425
3182,1592.0,164200.0,-6.4407196044921875,-0.7583332657814026,7.35611629486084
3183,1593.0,164300.0,-6.4407196044921875,-0.7583332657814026,7.35611629486084
3184,1594.0,164400.0,-6.437205314636231,-0.7401946783065796,7.361039161682129
3185,1595.0,164500.0,-6.433531284332275,-0.7532833218574524,7.362923145294189
3186,1596.0,164600.0,-6.433531284332275,-0.7532833218574524,7.362923145294189
3187,1597.0,164700.0,-6.439640522003174,-0.7599220275878906,7.3568973541259775
3188,1598.0,164800.0,-6.439640522003174,-0.7599220275878906,7.3568973541259775
3189,1599.0,164900.0,-6.44510555267334,-0.7797335386276245,7.350035667419434
3190,1600.0,165000.0,-6.44510555267334,-0.7797335386276245,7.350035667419434
3191,1601.0,165100.0,-6.479873180389402,-0.7640922665596008,7.321051597595215
3192,1602.0,165200.0,-6.479873180389402,-0.7640922665596008,7.321051597595215
3193,1603.0,165300.0,-6.459157466888428,-0.781255304813385,7.337527275085449
3194,1604.0,165400.0,-6.4578070640563965,-0.7893375158309937,7.337850570678711
3195,1605.0,165500.0,-6.4578070640563965,-0.7893375158309937,7.337850570678711
3196,1606.0,165600.0,-6.4554386138916025,-0.7752072811126709,7.3414411544799805
3197,1607.0,165700.0,-6.4554386138916025,-0.7752072811126709,7.3414411544799805
3198,1608.0,165800.0,-6.469337463378906,-0.7597299814224243,7.330817699432372
3199,1609.0,165900.0,-6.469337463378906,-0.7597299814224243,7.330817699432372
3200,1610.0,166000.0,-6.479276657104492,-0.7637298703193665,7.321617126464844
3201,1611.0,166100.0,-6.479276657104492,-0.7637298703193665,7.321617126464844
3202,1612.0,166200.0,-6.4797115325927725,-0.772660493850708,7.3202948570251465
3203,1613.0,166300.0,-6.502962589263916,-0.7665373682975769,7.300293922424316
3204,1614.0,166400.0,-6.502962589263916,-0.7665373682975769,7.300293922424316
3205,1615.0,166500.0,-6.491074562072754,-0.7763850688934326,7.309826374053955
3206,1616.0,166600.0,-6.491074562072754,-0.7763850688934326,7.309826374053955
3207,1617.0,166700.0,-6.485793113708496,-0.7821721434593201,7.313897609710692
3208,1618.0,166800.0,-6.485793113708496,-0.7821721434593201,7.313897609710692
3209,1619.0,166900.0,-6.484785556793213,-0.7700345516204834,7.316078186035156
3210,1605.0,165500.0,-6.4578070640563965,-0.7893375158309937,7.337850570678711
3211,1606.0,165600.0,-6.4554386138916025,-0.7752072811126709,7.3414411544799805
3212,1607.0,165700.0,-6.4554386138916025,-0.7752072811126709,7.3414411544799805
3213,1608.0,165800.0,-6.469337463378906,-0.7597299814224243,7.330817699432372
3214,1609.0,165900.0,-6.469337463378906,-0.7597299814224243,7.330817699432372
3215,1610.0,166000.0,-6.479276657104492,-0.7637298703193665,7.321617126464844
3216,1611.0,166100.0,-6.479276657104492,-0.7637298703193665,7.321617126464844
3217,1612.0,166200.0,-6.4797115325927725,-0.772660493850708,7.3202948570251465
3218,1613.0,166300.0,-6.502962589263916,-0.7665373682975769,7.300293922424316
3219,1614.0,166400.0,-6.502962589263916,-0.7665373682975769,7.300293922424316
3220,1615.0,166500.0,-6.491074562072754,-0.7763850688934326,7.309826374053955
3221,1616.0,166600.0,-6.491074562072754,-0.7763850688934326,7.309826374053955
3222,1617.0,166700.0,-6.485793113708496,-0.7821721434593201,7.313897609710692
3223,1618.0,166800.0,-6.485793113708496,-0.7821721434593201,7.313897609710692
3224,1619.0,166900.0,-6.484785556793213,-0.7700345516204834,7.316078186035156
3225,1620.0,167000.0,-6.484785556793213,-0.7700345516204834,7.316078186035156
3226,1621.0,167100.0,-6.476714134216309,-0.7725617289543152,7.322957038879394
3227,1622.0,167200.0,-6.468160152435303,-0.7723811268806458,7.330533027648926
3228,1623.0,167300.0,-6.468160152435303,-0.7723811268806458,7.330533027648926
3229,1624.0,167400.0,-6.459682941436768,-0.7702426314353943,7.338229179382324
3230,1625.0,167500.0,-6.459682941436768,-0.7702426314353943,7.338229179382324
3231,1626.0,167600.0,-6.4713215827941895,-0.7593994736671448,7.329099178314209
3232,1627.0,167700.0,-6.4713215827941895,-0.7593994736671448,7.329099178314209
3233,1628.0,167800.0,-6.472142219543457,-0.7924857139587402,7.3248701095581055
3234,1629.0,167900.0,-6.472142219543457,-0.7924857139587402,7.3248701095581055
3235,1630.0,168000.0,-6.489158630371094,-0.7855311036109924,7.310549736022949
3236,1631.0,168100.0,-6.490395545959473,-0.8177642822265625,7.305916786193848
3237,1632.0,168200.0,-6.490395545959473,-0.8177642822265625,7.305916786193848
3238,1633.0,168300.0,-6.487162590026856,-0.7907508611679077,7.3117594718933105
3239,1634.0,168400.0,-6.487162590026856,-0.7907508611679077,7.3117594718933105
3240,1620.0,167000.0,-6.484785556793213,-0.7700345516204834,7.316078186035156
3241,1621.0,167100.0,-6.476714134216309,-0.7725617289543152,7.322957038879394
3242,1622.0,167200.0,-6.468160152435303,-0.7723811268806458,7.330533027648926
3243,1623.0,167300.0,-6.468160152435303,-0.7723811268806458,7.330533027648926
3244,1624.0,167400.0,-6.459682941436768,-0.7702426314353943,7.338229179382324
3245,1625.0,167500.0,-6.459682941436768,-0.7702426314353943,7.338229179382324
3246,1626.0,167600.0,-6.4713215827941895,-0.7593994736671448,7.329099178314209
3247,1627.0,167700.0,-6.4713215827941895,-0.7593994736671448,7.329099178314209
3248,1628.0,167800.0,-6.472142219543457,-0.7924857139587402,7.3248701095581055
3249,1629.0,167900.0,-6.472142219543457,-0.7924857139587402,7.3248701095581055
3250,1630.0,168000.0,-6.489158630371094,-0.7855311036109924,7.310549736022949
3251,1631.0,168100.0,-6.490395545959473,-0.8177642822265625,7.305916786193848
3252,1632.0,168200.0,-6.490395545959473,-0.8177642822265625,7.305916786193848
3253,1633.0,168300.0,-6.487162590026856,-0.7907508611679077,7.3117594718933105
3254,1634.0,168400.0,-6.487162590026856,-0.7907508611679077,7.3117594718933105
3255,1635.0,168500.0,-6.5403685569763175,-0.7958598732948303,7.26364803314209
3256,1636.0,168600.0,-6.5403685569763175,-0.7958598732948303,7.26364803314209
3257,1637.0,168700.0,-6.534046649932861,-0.8412594199180603,7.264220714569093
3258,1638.0,168800.0,-6.534046649932861,-0.8412594199180603,7.264220714569093
3259,1639.0,168900.0,-6.508840560913086,-0.8642986416816711,7.284117698669434
3260,1640.0,169000.0,-6.541966915130615,-0.8565551638603209,7.255299568176269
3261,1641.0,169100.0,-6.541966915130615,-0.8565551638603209,7.255299568176269
3262,1642.0,169200.0,-6.5474467277526855,-0.8129416704177856,7.255373954772949
3263,1643.0,169300.0,-6.5474467277526855,-0.8129416704177856,7.255373954772949
3264,1644.0,169400.0,-6.529077053070068,-0.8085483908653259,7.27239990234375
3265,1645.0,169500.0,-6.529077053070068,-0.8085483908653259,7.27239990234375
3266,1646.0,169600.0,-6.5193681716918945,-0.7992980480194092,7.282125949859619
3267,1647.0,169700.0,-6.5193681716918945,-0.7992980480194092,7.282125949859619
3268,1648.0,169800.0,-6.511987209320068,-0.791303813457489,7.289598941802978
3269,1649.0,169900.0,-6.512435436248777,-0.7872045636177063,7.289642810821532
3270,1635.0,168500.0,-6.5403685569763175,-0.7958598732948303,7.26364803314209
3271,1636.0,168600.0,-6.5403685569763175,-0.7958598732948303,7.26364803314209
3272,1637.0,168700.0,-6.534046649932861,-0.8412594199180603,7.264220714569093
3273,1638.0,168800.0,-6.534046649932861,-0.8412594199180603,7.264220714569093
3274,1639.0,168900.0,-6.508840560913086,-0.8642986416816711,7.284117698669434
3275,1640.0,169000.0,-6.541966915130615,-0.8565551638603209,7.255299568176269
3276,1641.0,169100.0,-6.541966915130615,-0.8565551638603209,7.255299568176269
3277,1642.0,169200.0,-6.5474467277526855,-0.8129416704177856,7.255373954772949
3278,1643.0,169300.0,-6.5474467277526855,-0.8129416704177856,7.255373954772949
3279,1644.0,169400.0,-6.529077053070068,-0.8085483908653259,7.27239990234375
3280,1645.0,169500.0,-6.529077053070068,-0.8085483908653259,7.27239990234375
3281,1646.0,169600.0,-6.5193681716918945,-0.7992980480194092,7.282125949859619
3282,1647.0,169700.0,-6.5193681716918945,-0.7992980480194092,7.282125949859619
3283,1648.0,169800.0,-6.511987209320068,-0.791303813457489,7.289598941802978
3284,1649.0,169900.0,-6.512435436248777,-0.7872045636177063,7.289642810821532
3285,1650.0,170000.0,-6.512435436248777,-0.7872045636177063,7.289642810821532
3286,1651.0,170100.0,-6.516695976257324,-0.803252637386322,7.28408145904541
3287,1652.0,170200.0,-6.516695976257324,-0.803252637386322,7.28408145904541
3288,1653.0,170300.0,-6.519498825073242,-0.7904062867164612,7.282978057861327
3289,1654.0,170400.0,-6.519498825073242,-0.7904062867164612,7.282978057861327
3290,1655.0,170500.0,-6.535494804382324,-0.7894964814186096,7.268726348876952
3291,1656.0,170600.0,-6.535494804382324,-0.7894964814186096,7.268726348876952
3292,1657.0,170700.0,-6.520776748657228,-0.7664359211921692,7.284397125244141
3293,1658.0,170800.0,-6.527836322784424,-0.7792635560035706,7.276708602905272
3294,1659.0,170900.0,-6.527836322784424,-0.7792635560035706,7.276708602905272
3295,1660.0,171000.0,-6.529890537261963,-0.7724512219429016,7.275591850280763
3296,1661.0,171100.0,-6.529890537261963,-0.7724512219429016,7.275591850280763
3297,1662.0,171200.0,-6.538416385650635,-0.7759548425674438,7.267557144165039
3298,1663.0,171300.0,-6.538416385650635,-0.7759548425674438,7.267557144165039
3299,1664.0,171400.0,-6.5356059074401855,-0.7742798924446106,7.270263671875
3300,1650.0,170000.0,-6.512435436248777,-0.7872045636177063,7.289642810821532
3301,1651.0,170100.0,-6.516695976257324,-0.803252637386322,7.28408145904541
3302,1652.0,170200.0,-6.516695976257324,-0.803252637386322,7.28408145904541
3303,1653.0,170300.0,-6.519498825073242,-0.7904062867164612,7.282978057861327
3304,1654.0,170400.0,-6.519498825073242,-0.7904062867164612,7.282978057861327
3305,1655.0,170500.0,-6.535494804382324,-0.7894964814186096,7.268726348876952
3306,1656.0,170600.0,-6.535494804382324,-0.7894964814186096,7.268726348876952
3307,1657.0,170700.0,-6.520776748657228,-0.7664359211921692,7.284397125244141
3308,1658.0,170800.0,-6.527836322784424,-0.7792635560035706,7.276708602905272
3309,1659.0,170900.0,-6.527836322784424,-0.7792635560035706,7.276708602905272
3310,1660.0,171000.0,-6.529890537261963,-0.7724512219429016,7.275591850280763
3311,1661.0,171100.0,-6.529890537261963,-0.7724512219429016,7.275591850280763
3312,1662.0,171200.0,-6.538416385650635,-0.7759548425674438,7.267557144165039
3313,1663.0,171300.0,-6.538416385650635,-0.7759548425674438,7.267557144165039
3314,1664.0,171400.0,-6.5356059074401855,-0.7742798924446106,7.270263671875
3315,1665.0,171500.0,-6.5356059074401855,-0.7742798924446106,7.270263671875
3316,1666.0,171600.0,-6.524338722229004,-0.7782339453697205,7.27995491027832
3317,1667.0,171700.0,-6.529828071594237,-0.7286302447319031,7.2801666259765625
3318,1668.0,171800.0,-6.529828071594237,-0.7286302447319031,7.2801666259765625
3319,1669.0,171900.0,-6.530597686767577,-0.746250331401825,7.277691841125487
3320,1670.0,172000.0,-6.530597686767577,-0.746250331401825,7.277691841125487
3321,1671.0,172100.0,-6.531805515289308,-0.7558791637420654,7.275614261627197
3322,1672.0,172200.0,-6.531805515289308,-0.7558791637420654,7.275614261627197
3323,1673.0,172300.0,-6.541216850280763,-0.7266677021980286,7.270132064819336
3324,1674.0,172400.0,-6.541216850280763,-0.7266677021980286,7.270132064819336
3325,1675.0,172500.0,-6.536576271057129,-0.7411918640136719,7.2728400230407715
3326,1676.0,172600.0,-6.553286552429199,-0.7325512170791626,7.2586631774902335
3327,1677.0,172700.0,-6.553286552429199,-0.7325512170791626,7.2586631774902335
3328,1678.0,172800.0,-6.547914981842041,-0.7407087683677673,7.262682437896728
3329,1679.0,172900.0,-6.547914981842041,-0.7407087683677673,7.262682437896728
3330,1665.0,171500.0,-6.5356059074401855,-0.7742798924446106,7.270263671875
3331,1666.0,171600.0,-6.524338722229004,-0.7782339453697205,7.27995491027832
3332,1667.0,171700.0,-6.529828071594237,-0.7286302447319031,7.2801666259765625
3333,1668.0,171800.0,-6.529828071594237,-0.7286302447319031,7.2801666259765625
3334,1669.0,171900.0,-6.530597686767577,-0.746250331401825,7.277691841125487
3335,1670.0,172000.0,-6.530597686767577,-0.746250331401825,7.277691841125487
3336,1671.0,172100.0,-6.531805515289308,-0.7558791637420654,7.275614261627197
3337,1672.0,172200.0,-6.531805515289308,-0.7558791637420654,7.275614261627197
3338,1673.0,172300.0,-6.541216850280763,-0.7266677021980286,7.270132064819336
3339,1674.0,172400.0,-6.541216850280763,-0.7266677021980286,7.270132064819336
3340,1675.0,172500.0,-6.536576271057129,-0.7411918640136719,7.2728400230407715
3341,1676.0,172600.0,-6.553286552429199,-0.7325512170791626,7.2586631774902335
3342,1677.0,172700.0,-6.553286552429199,-0.7325512170791626,7.2586631774902335
3343,1678.0,172800.0,-6.547914981842041,-0.7407087683677673,7.262682437896728
3344,1679.0,172900.0,-6.547914981842041,-0.7407087683677673,7.262682437896728
3345,1680.0,173000.0,-6.5394744873046875,-0.738768458366394,7.270479679107666
3346,1681.0,173100.0,-6.5394744873046875,-0.738768458366394,7.270479679107666
3347,1682.0,173200.0,-6.5282840728759775,-0.7327622175216675,7.281136989593506
3348,1683.0,173300.0,-6.5282840728759775,-0.7327622175216675,7.281136989593506
3349,1684.0,173400.0,-6.531065464019775,-0.6814952492713928,7.283621788024902
3350,1685.0,173500.0,-6.514198303222656,-0.7299299240112305,7.294026851654053
3351,1686.0,173600.0,-6.514198303222656,-0.7299299240112305,7.294026851654053
3352,1687.0,173700.0,-6.530292510986327,-0.7159332633018494,7.281010150909424
3353,1688.0,173800.0,-6.530292510986327,-0.7159332633018494,7.281010150909424
3354,1689.0,173900.0,-6.516467571258545,-0.7044441699981691,7.294504642486572
3355,1690.0,174000.0,-6.516467571258545,-0.7044441699981691,7.294504642486572
3356,1691.0,174100.0,-6.507658958435059,-0.7017053961753845,7.302627086639402
3357,1692.0,174200.0,-6.507658958435059,-0.7017053961753845,7.302627086639402
3358,1693.0,174300.0,-6.497439861297607,-0.7158791422843933,7.310347557067871
3359,1694.0,174400.0,-6.48656702041626,-0.7237915396690369,7.319219589233397
3360,1680.0,173000.0,-6.5394744873046875,-0.738768458366394,7.270479679107666
3361,1681.0,173100.0,-6.5394744873046875,-0.738768458366394,7.270479679107666
3362,1682.0,173200.0,-6.5282840728759775,-0.7327622175216675,7.281136989593506
3363,1683.0,173300.0,-6.5282840728759775,-0.7327622175216675,7.281136989593506
3364,1684.0,173400.0,-6.531065464019775,-0.6814952492713928,7.283621788024902
3365,1685.0,173500.0,-6.514198303222656,-0.7299299240112305,7.294026851654053
3366,1686.0,173600.0,-6.514198303222656,-0.7299299240112305,7.294026851654053
3367,1687.0,173700.0,-6.530292510986327,-0.7159332633018494,7.281010150909424
3368,1688.0,173800.0,-6.530292510986327,-0.7159332633018494,7.281010150909424
3369,1689.0,173900.0,-6.516467571258545,-0.7044441699981691,7.294504642486572
3370,1690.0,174000.0,-6.516467571258545,-0.7044441699981691,7.294504642486572
3371,1691.0,174100.0,-6.507658958435059,-0.7017053961753845,7.302627086639402
3372,1692.0,174200.0,-6.507658958435059,-0.7017053961753845,7.302627086639402
3373,1693.0,174300.0,-6.497439861297607,-0.7158791422843933,7.310347557067871
3374,1694.0,174400.0,-6.48656702041626,-0.7237915396690369,7.319219589233397
3375,1695.0,174500.0,-6.48656702041626,-0.7237915396690369,7.319219589233397
3376,1696.0,174600.0,-6.483333587646484,-0.7129220962524414,7.323149681091309
3377,1697.0,174700.0,-6.483333587646484,-0.7129220962524414,7.323149681091309
3378,1698.0,174800.0,-6.499743461608888,-0.7480246424674988,7.305079460144043
3379,1699.0,174900.0,-6.499743461608888,-0.7480246424674988,7.305079460144043
3380,1700.0,175000.0,-6.504069805145264,-0.718094527721405,7.304232597351074
3381,1701.0,175100.0,-6.504069805145264,-0.718094527721405,7.304232597351074
3382,1702.0,175200.0,-6.5046019554138175,-0.7261006832122803,7.302967071533202
3383,1703.0,175300.0,-6.483067989349365,-0.7145628333091736,7.323224067687987
3384,1704.0,175400.0,-6.483067989349365,-0.7145628333091736,7.323224067687987
3385,1705.0,175500.0,-6.4723992347717285,-0.7327893972396851,7.330856800079348
3386,1706.0,175600.0,-6.4723992347717285,-0.7327893972396851,7.330856800079348
3387,1707.0,175700.0,-6.47824239730835,-0.7495368123054504,7.3239994049072275
3388,1708.0,175800.0,-6.47824239730835,-0.7495368123054504,7.3239994049072275
3389,1709.0,175900.0,-6.4868245124816895,-0.798315167427063,7.311236381530763
3390,1695.0,174500.0,-6.48656702041626,-0.7237915396690369,7.319219589233397
3391,1696.0,174600.0,-6.483333587646484,-0.7129220962524414,7.323149681091309
3392,1697.0,174700.0,-6.483333587646484,-0.7129220962524414,7.323149681091309
3393,1698.0,174800.0,-6.499743461608888,-0.7480246424674988,7.305079460144043
3394,1699.0,174900.0,-6.499743461608888,-0.7480246424674988,7.305079460144043
3395,1700.0,175000.0,-6.504069805145264,-0.718094527721405,7.304232597351074
3396,1701.0,175100.0,-6.504069805145264,-0.718094527721405,7.304232597351074
3397,1702.0,175200.0,-6.5046019554138175,-0.7261006832122803,7.302967071533202
3398,1703.0,175300.0,-6.483067989349365,-0.7145628333091736,7.323224067687987
3399,1704.0,175400.0,-6.483067989349365,-0.7145628333091736,7.323224067687987
3400,1705.0,175500.0,-6.4723992347717285,-0.7327893972396851,7.330856800079348
3401,1706.0,175600.0,-6.4723992347717285,-0.7327893972396851,7.330856800079348
3402,1707.0,175700.0,-6.47824239730835,-0.7495368123054504,7.3239994049072275
3403,1708.0,175800.0,-6.47824239730835,-0.7495368123054504,7.3239994049072275
3404,1709.0,175900.0,-6.4868245124816895,-0.798315167427063,7.311236381530763
3405,1710.0,176000.0,-6.4868245124816895,-0.798315167427063,7.311236381530763
3406,1711.0,176100.0,-6.54971170425415,-0.7642585635185242,7.2586212158203125
3407,1712.0,176200.0,-6.532707214355469,-0.843063235282898,7.265216827392577
3408,1713.0,176300.0,-6.532707214355469,-0.843063235282898,7.265216827392577
3409,1714.0,176400.0,-6.538522720336914,-0.8328320384025574,7.2611637115478525
3410,1715.0,176500.0,-6.538522720336914,-0.8328320384025574,7.2611637115478525
3411,1716.0,176600.0,-6.510936737060548,-0.8270432353019714,7.286569118499756
3412,1717.0,176700.0,-6.510936737060548,-0.8270432353019714,7.286569118499756
3413,1718.0,176800.0,-6.5059452056884775,-0.7969608306884766,7.294376373291016
3414,1719.0,176900.0,-6.5059452056884775,-0.7969608306884766,7.294376373291016
3415,1720.0,177000.0,-6.4798502922058105,-0.8241589069366455,7.314553260803223
3416,1721.0,177100.0,-6.4798502922058105,-0.8241589069366455,7.314553260803223
3417,1722.0,177200.0,-6.480949878692628,-0.8343509435653687,7.3124237060546875
3418,1723.0,177300.0,-6.488346576690674,-0.814919114112854,7.308053970336914
3419,1724.0,177400.0,-6.488346576690674,-0.814919114112854,7.308053970336914
3420,1710.0,176000.0,-6.4868245124816895,-0.798315167427063,7.311236381530763
3421,1711.0,176100.0,-6.54971170425415,-0.7642585635185242,7.2586212158203125
3422,1712.0,176200.0,-6.532707214355469,-0.843063235282898,7.265216827392577
3423,1713.0,176300.0,-6.532707214355469,-0.843063235282898,7.265216827392577
3424,1714.0,176400.0,-6.538522720336914,-0.8328320384025574,7.2611637115478525
3425,1715.0,176500.0,-6.538522720336914,-0.8328320384025574,7.2611637115478525
3426,1716.0,176600.0,-6.510936737060548,-0.8270432353019714,7.286569118499756
3427,1717.0,176700.0,-6.510936737060548,-0.8270432353019714,7.286569118499756
3428,1718.0,176800.0,-6.5059452056884775,-0.7969608306884766,7.294376373291016
3429,1719.0,176900.0,-6.5059452056884775,-0.7969608306884766,7.294376373291016
3430,1720.0,177000.0,-6.4798502922058105,-0.8241589069366455,7.314553260803223
3431,1721.0,177100.0,-6.4798502922058105,-0.8241589069366455,7.314553260803223
3432,1722.0,177200.0,-6.480949878692628,-0.8343509435653687,7.3124237060546875
3433,1723.0,177300.0,-6.488346576690674,-0.814919114112854,7.308053970336914
3434,1724.0,177400.0,-6.488346576690674,-0.814919114112854,7.308053970336914
3435,1725.0,177500.0,-6.489808559417725,-0.8218795657157898,7.305976390838622
3436,1726.0,177600.0,-6.489808559417725,-0.8218795657157898,7.305976390838622
3437,1727.0,177700.0,-6.493948459625244,-0.8080819249153137,7.3038368225097665
3438,1728.0,177800.0,-6.493948459625244,-0.8080819249153137,7.3038368225097665
3439,1729.0,177900.0,-6.479359149932861,-0.8199018836021423,7.31546688079834
3440,1730.0,178000.0,-6.4797000885009775,-0.8151867985725403,7.315691947937013
3441,1731.0,178100.0,-6.4797000885009775,-0.8151867985725403,7.315691947937013
3442,1732.0,178200.0,-6.471550464630128,-0.8099600076675415,7.32348108291626
3443,1733.0,178300.0,-6.471550464630128,-0.8099600076675415,7.32348108291626
3444,1734.0,178400.0,-6.479949951171875,-0.8342945575714111,7.313315868377685
3445,1735.0,178500.0,-6.479949951171875,-0.8342945575714111,7.313315868377685
3446,1736.0,178600.0,-6.488332748413086,-0.8186220526695251,7.307652473449707
3447,1737.0,178700.0,-6.488332748413086,-0.8186220526695251,7.307652473449707
3448,1738.0,178800.0,-6.488993167877197,-0.8124144077301025,7.307758808135986
3449,1739.0,178900.0,-6.488993167877197,-0.8124144077301025,7.307758808135986
3450,1725.0,177500.0,-6.489808559417725,-0.8218795657157898,7.305976390838622
3451,1726.0,177600.0,-6.489808559417725,-0.8218795657157898,7.305976390838622
3452,1727.0,177700.0,-6.493948459625244,-0.8080819249153137,7.3038368225097665
3453,1728.0,177800.0,-6.493948459625244,-0.8080819249153137,7.3038368225097665
3454,1729.0,177900.0,-6.479359149932861,-0.8199018836021423,7.31546688079834
3455,1730.0,178000.0,-6.4797000885009775,-0.8151867985725403,7.315691947937013
3456,1731.0,178100.0,-6.4797000885009775,-0.8151867985725403,7.315691947937013
3457,1732.0,178200.0,-6.471550464630128,-0.8099600076675415,7.32348108291626
3458,1733.0,178300.0,-6.471550464630128,-0.8099600076675415,7.32348108291626
3459,1734.0,178400.0,-6.479949951171875,-0.8342945575714111,7.313315868377685
3460,1735.0,178500.0,-6.479949951171875,-0.8342945575714111,7.313315868377685
3461,1736.0,178600.0,-6.488332748413086,-0.8186220526695251,7.307652473449707
3462,1737.0,178700.0,-6.488332748413086,-0.8186220526695251,7.307652473449707
3463,1738.0,178800.0,-6.488993167877197,-0.8124144077301025,7.307758808135986
3464,1739.0,178900.0,-6.488993167877197,-0.8124144077301025,7.307758808135986
3465,1740.0,179000.0,-6.493003845214844,-0.8159075379371643,7.3038063049316415
3466,1741.0,179100.0,-6.511621475219728,-0.794833779335022,7.289542198181152
3467,1742.0,179200.0,-6.511621475219728,-0.794833779335022,7.289542198181152
3468,1743.0,179300.0,-6.5117149353027335,-0.7948585748672485,7.289454460144043
3469,1744.0,179400.0,-6.5117149353027335,-0.7948585748672485,7.289454460144043
3470,1745.0,179500.0,-6.5132293701171875,-0.8077902793884277,7.286681175231934
3471,1746.0,179600.0,-6.5132293701171875,-0.8077902793884277,7.286681175231934
3472,1747.0,179700.0,-6.513053894042969,-0.8043149709701538,7.2872209548950195
3473,1748.0,179800.0,-6.513053894042969,-0.8043149709701538,7.2872209548950195
3474,1749.0,179900.0,-6.5102949142456055,-0.8016799688339233,7.289976596832275
3475,1750.0,180000.0,-6.506032466888428,-0.8008283376693726,7.293874740600586
3476,1751.0,180100.0,-6.506032466888428,-0.8008283376693726,7.293874740600586
3477,1752.0,180200.0,-6.508298397064209,-0.7756766080856323,7.294571399688723
3478,1753.0,180300.0,-6.508298397064209,-0.7756766080856323,7.294571399688723
3479,1754.0,180400.0,-6.529974937438965,-0.7763973474502563,7.275096416473389
3480,1740.0,179000.0,-6.493003845214844,-0.8159075379371643,7.3038063049316415
3481,1741.0,179100.0,-6.511621475219728,-0.794833779335022,7.289542198181152
3482,1742.0,179200.0,-6.511621475219728,-0.794833779335022,7.289542198181152
3483,1743.0,179300.0,-6.5117149353027335,-0.7948585748672485,7.289454460144043
3484,1744.0,179400.0,-6.5117149353027335,-0.7948585748672485,7.289454460144043
3485,1745.0,179500.0,-6.5132293701171875,-0.8077902793884277,7.286681175231934
3486,1746.0,179600.0,-6.5132293701171875,-0.8077902793884277,7.286681175231934
3487,1747.0,179700.0,-6.513053894042969,-0.8043149709701538,7.2872209548950195
3488,1748.0,179800.0,-6.513053894042969,-0.8043149709701538,7.2872209548950195
3489,1749.0,179900.0,-6.5102949142456055,-0.8016799688339233,7.289976596832275
3490,1750.0,180000.0,-6.506032466888428,-0.8008283376693726,7.293874740600586
3491,1751.0,180100.0,-6.506032466888428,-0.8008283376693726,7.293874740600586
3492,1752.0,180200.0,-6.508298397064209,-0.7756766080856323,7.294571399688723
3493,1753.0,180300.0,-6.508298397064209,-0.7756766080856323,7.294571399688723
3494,1754.0,180400.0,-6.529974937438965,-0.7763973474502563,7.275096416473389
3495,1755.0,180500.0,-6.529974937438965,-0.7763973474502563,7.275096416473389
3496,1756.0,180600.0,-6.51582145690918,-0.792108416557312,7.286084175109862
3497,1757.0,180700.0,-6.51582145690918,-0.792108416557312,7.286084175109862
3498,1758.0,180800.0,-6.51959228515625,-0.795742392539978,7.282314777374268
3499,1759.0,180900.0,-6.5044755935668945,-0.8136293292045593,7.293846607208253
3500,1760.0,181000.0,-6.5044755935668945,-0.8136293292045593,7.293846607208253
3501,1761.0,181100.0,-6.5036163330078125,-0.7981880307197571,7.296318531036378
3502,1762.0,181200.0,-6.5036163330078125,-0.7981880307197571,7.296318531036378
3503,1763.0,181300.0,-6.498150825500487,-0.7939467430114746,7.301648139953612
3504,1764.0,181400.0,-6.498150825500487,-0.7939467430114746,7.301648139953612
3505,1765.0,181500.0,-6.504105091094973,-0.7785893082618713,7.2980003356933585
3506,1766.0,181600.0,-6.504105091094973,-0.7785893082618713,7.2980003356933585
3507,1767.0,181700.0,-6.480360507965088,-0.7761275768280029,7.319354057312013
3508,1768.0,181800.0,-6.495016574859619,-0.7931433320045471,7.304523468017577
3509,1769.0,181900.0,-6.495016574859619,-0.7931433320045471,7.304523468017577
3510,1755.0,180500.0,-6.529974937438965,-0.7763973474502563,7.275096416473389
3511,1756.0,180600.0,-6.51582145690918,-0.792108416557312,7.286084175109862
3512,1757.0,180700.0,-6.51582145690918,-0.792108416557312,7.286084175109862
3513,1758.0,180800.0,-6.51959228515625,-0.795742392539978,7.282314777374268
3514,1759.0,180900.0,-6.5044755935668945,-0.8136293292045593,7.293846607208253
3515,1760.0,181000.0,-6.5044755935668945,-0.8136293292045593,7.293846607208253
3516,1761.0,181100.0,-6.5036163330078125,-0.7981880307197571,7.296318531036378
3517,1762.0,181200.0,-6.5036163330078125,-0.7981880307197571,7.296318531036378
3518,1763.0,181300.0,-6.498150825500487,-0.7939467430114746,7.301648139953612
3519,1764.0,181400.0,-6.498150825500487,-0.7939467430114746,7.301648139953612
3520,1765.0,181500.0,-6.504105091094973,-0.7785893082618713,7.2980003356933585
3521,1766.0,181600.0,-6.504105091094973,-0.7785893082618713,7.2980003356933585
3522,1767.0,181700.0,-6.480360507965088,-0.7761275768280029,7.319354057312013
3523,1768.0,181800.0,-6.495016574859619,-0.7931433320045471,7.304523468017577
3524,1769.0,181900.0,-6.495016574859619,-0.7931433320045471,7.304523468017577
3525,1770.0,182000.0,-6.481331825256348,-0.8048503994941711,7.315389633178711
3526,1771.0,182100.0,-6.481331825256348,-0.8048503994941711,7.315389633178711
3527,1772.0,182200.0,-6.495260715484619,-0.7755419015884399,7.306196212768555
3528,1773.0,182300.0,-6.495260715484619,-0.7755419015884399,7.306196212768555
3529,1774.0,182400.0,-6.491748332977295,-0.7829606533050537,7.30852746963501
3530,1775.0,182500.0,-6.491748332977295,-0.7829606533050537,7.30852746963501
3531,1776.0,182600.0,-6.499451637268066,-0.7568158507347107,7.304433345794678
3532,1777.0,182700.0,-6.4951701164245605,-0.7240422964096069,7.3115601539611825
3533,1778.0,182800.0,-6.4951701164245605,-0.7240422964096069,7.3115601539611825
3534,1779.0,182900.0,-6.4758620262146,-0.7441495656967163,7.326653480529785
3535,1780.0,183000.0,-6.4758620262146,-0.7441495656967163,7.326653480529785
3536,1781.0,183100.0,-6.4735474586486825,-0.7323814034461975,7.329883575439452
3537,1782.0,183200.0,-6.4735474586486825,-0.7323814034461975,7.329883575439452
3538,1783.0,183300.0,-6.456315994262695,-0.7482348084449768,7.343467712402344
3539,1784.0,183400.0,-6.456315994262695,-0.7482348084449768,7.343467712402344
3540,1770.0,182000.0,-6.481331825256348,-0.8048503994941711,7.315389633178711
3541,1771.0,182100.0,-6.481331825256348,-0.8048503994941711,7.315389633178711
3542,1772.0,182200.0,-6.495260715484619,-0.7755419015884399,7.306196212768555
3543,1773.0,182300.0,-6.495260715484619,-0.7755419015884399,7.306196212768555
3544,1774.0,182400.0,-6.491748332977295,-0.7829606533050537,7.30852746963501
3545,1775.0,182500.0,-6.491748332977295,-0.7829606533050537,7.30852746963501
3546,1776.0,182600.0,-6.499451637268066,-0.7568158507347107,7.304433345794678
3547,1777.0,182700.0,-6.4951701164245605,-0.7240422964096069,7.3115601539611825
3548,1778.0,182800.0,-6.4951701164245605,-0.7240422964096069,7.3115601539611825
3549,1779.0,182900.0,-6.4758620262146,-0.7441495656967163,7.326653480529785
3550,1780.0,183000.0,-6.4758620262146,-0.7441495656967163,7.326653480529785
3551,1781.0,183100.0,-6.4735474586486825,-0.7323814034461975,7.329883575439452
3552,1782.0,183200.0,-6.4735474586486825,-0.7323814034461975,7.329883575439452
3553,1783.0,183300.0,-6.456315994262695,-0.7482348084449768,7.343467712402344
3554,1784.0,183400.0,-6.456315994262695,-0.7482348084449768,7.343467712402344
3555,1785.0,183500.0,-6.453139305114746,-0.7329545021057129,7.347800254821777
3556,1786.0,183600.0,-6.445169448852539,-0.7513330578804016,7.352936744689941
3557,1787.0,183700.0,-6.445169448852539,-0.7513330578804016,7.352936744689941
3558,1788.0,183800.0,-6.432755470275879,-0.836086094379425,7.354659080505371
3559,1789.0,183900.0,-6.432755470275879,-0.836086094379425,7.354659080505371
3560,1790.0,184000.0,-6.447804927825928,-0.873987078666687,7.337052345275879
3561,1791.0,184100.0,-6.447804927825928,-0.873987078666687,7.337052345275879
3562,1792.0,184200.0,-6.397228717803955,-0.9296069741249084,7.374393939971924
3563,1793.0,184300.0,-6.397228717803955,-0.9296069741249084,7.374393939971924
3564,1794.0,184400.0,-6.411944389343263,-0.9006372094154358,7.365202903747559
3565,1795.0,184500.0,-6.478789329528809,-0.957720160484314,7.299208641052246
3566,1796.0,184600.0,-6.478789329528809,-0.957720160484314,7.299208641052246
3567,1797.0,184700.0,-6.507951259613037,-0.9015987515449524,7.280390739440918
3568,1798.0,184800.0,-6.507951259613037,-0.9015987515449524,7.280390739440918
3569,1799.0,184900.0,-6.464911937713622,-0.9028633236885072,7.318479537963867
3570,1785.0,183500.0,-6.453139305114746,-0.7329545021057129,7.347800254821777
3571,1786.0,183600.0,-6.445169448852539,-0.7513330578804016,7.352936744689941
3572,1787.0,183700.0,-6.445169448852539,-0.7513330578804016,7.352936744689941
3573,1788.0,183800.0,-6.432755470275879,-0.836086094379425,7.354659080505371
3574,1789.0,183900.0,-6.432755470275879,-0.836086094379425,7.354659080505371
3575,1790.0,184000.0,-6.447804927825928,-0.873987078666687,7.337052345275879
3576,1791.0,184100.0,-6.447804927825928,-0.873987078666687,7.337052345275879
3577,1792.0,184200.0,-6.397228717803955,-0.9296069741249084,7.374393939971924
3578,1793.0,184300.0,-6.397228717803955,-0.9296069741249084,7.374393939971924
3579,1794.0,184400.0,-6.411944389343263,-0.9006372094154358,7.365202903747559
3580,1795.0,184500.0,-6.478789329528809,-0.957720160484314,7.299208641052246
3581,1796.0,184600.0,-6.478789329528809,-0.957720160484314,7.299208641052246
3582,1797.0,184700.0,-6.507951259613037,-0.9015987515449524,7.280390739440918
3583,1798.0,184800.0,-6.507951259613037,-0.9015987515449524,7.280390739440918
3584,1799.0,184900.0,-6.464911937713622,-0.9028633236885072,7.318479537963867
3585,1800.0,185000.0,-6.464911937713622,-0.9028633236885072,7.318479537963867
3586,1801.0,185100.0,-6.442231178283691,-0.8634174466133118,7.343197822570801
3587,1802.0,185200.0,-6.442231178283691,-0.8634174466133118,7.343197822570801
3588,1803.0,185300.0,-6.436341762542725,-0.850544810295105,7.349862098693848
3589,1804.0,185400.0,-6.4394941329956055,-0.8533952236175537,7.3467698097229
3590,1805.0,185500.0,-6.4394941329956055,-0.8533952236175537,7.3467698097229
3591,1806.0,185600.0,-6.446844100952148,-0.8078680038452148,7.345470905303955
3592,1807.0,185700.0,-6.446844100952148,-0.8078680038452148,7.345470905303955
3593,1808.0,185800.0,-6.4236817359924325,-0.8225918412208557,7.364105224609375
3594,1809.0,185900.0,-6.4236817359924325,-0.8225918412208557,7.364105224609375
3595,1810.0,186000.0,-6.4247703552246085,-0.8207052946090698,7.36336612701416
3596,1811.0,186100.0,-6.4247703552246085,-0.8207052946090698,7.36336612701416
3597,1812.0,186200.0,-6.425138473510742,-0.8267667889595032,7.362367153167725
3598,1813.0,186300.0,-6.435434341430664,-0.8222337961196899,7.353877067565918
3599,1814.0,186400.0,-6.435434341430664,-0.8222337961196899,7.353877067565918
3600,1800.0,185000.0,-6.464911937713622,-0.9028633236885072,7.318479537963867
3601,1801.0,185100.0,-6.442231178283691,-0.8634174466133118,7.343197822570801
3602,1802.0,185200.0,-6.442231178283691,-0.8634174466133118,7.343197822570801
3603,1803.0,185300.0,-6.436341762542725,-0.850544810295105,7.349862098693848
3604,1804.0,185400.0,-6.4394941329956055,-0.8533952236175537,7.3467698097229
3605,1805.0,185500.0,-6.4394941329956055,-0.8533952236175537,7.3467698097229
3606,1806.0,185600.0,-6.446844100952148,-0.8078680038452148,7.345470905303955
3607,1807.0,185700.0,-6.446844100952148,-0.8078680038452148,7.345470905303955
3608,1808.0,185800.0,-6.4236817359924325,-0.8225918412208557,7.364105224609375
3609,1809.0,185900.0,-6.4236817359924325,-0.8225918412208557,7.364105224609375
3610,1810.0,186000.0,-6.4247703552246085,-0.8207052946090698,7.36336612701416
3611,1811.0,186100.0,-6.4247703552246085,-0.8207052946090698,7.36336612701416
3612,1812.0,186200.0,-6.425138473510742,-0.8267667889595032,7.362367153167725
3613,1813.0,186300.0,-6.435434341430664,-0.8222337961196899,7.353877067565918
3614,1814.0,186400.0,-6.435434341430664,-0.8222337961196899,7.353877067565918
3615,1815.0,186500.0,-6.436263084411621,-0.8395026326179504,7.3512001037597665
3616,1816.0,186600.0,-6.436263084411621,-0.8395026326179504,7.3512001037597665
3617,1817.0,186700.0,-6.456040859222412,-0.8132271766662598,7.336796283721924
3618,1818.0,186800.0,-6.456040859222412,-0.8132271766662598,7.336796283721924
3619,1819.0,186900.0,-6.464186668395996,-0.7864409089088441,7.33254337310791
3620,1820.0,187000.0,-6.464186668395996,-0.7864409089088441,7.33254337310791
3621,1821.0,187100.0,-6.439051151275635,-0.8000932931900024,7.3531532287597665
3622,1822.0,187200.0,-6.434415340423584,-0.8071092963218689,7.356442928314209
3623,1823.0,187300.0,-6.434415340423584,-0.8071092963218689,7.356442928314209
3624,1824.0,187400.0,-6.4370012283325195,-0.8137173056602478,7.353453159332275
3625,1825.0,187500.0,-6.4370012283325195,-0.8137173056602478,7.353453159332275
3626,1826.0,187600.0,-6.438932418823242,-0.8058990240097046,7.352622509002685
3627,1827.0,187700.0,-6.438932418823242,-0.8058990240097046,7.352622509002685
3628,1828.0,187800.0,-6.428640842437744,-0.8140808939933777,7.36072301864624
3629,1829.0,187900.0,-6.428640842437744,-0.8140808939933777,7.36072301864624
3630,1815.0,186500.0,-6.436263084411621,-0.8395026326179504,7.3512001037597665
3631,1816.0,186600.0,-6.436263084411621,-0.8395026326179504,7.3512001037597665
3632,1817.0,186700.0,-6.456040859222412,-0.8132271766662598,7.336796283721924
3633,1818.0,186800.0,-6.456040859222412,-0.8132271766662598,7.336796283721924
3634,1819.0,186900.0,-6.464186668395996,-0.7864409089088441,7.33254337310791
3635,1820.0,187000.0,-6.464186668395996,-0.7864409089088441,7.33254337310791
3636,1821.0,187100.0,-6.439051151275635,-0.8000932931900024,7.3531532287597665
3637,1822.0,187200.0,-6.434415340423584,-0.8071092963218689,7.356442928314209
3638,1823.0,187300.0,-6.434415340423584,-0.8071092963218689,7.356442928314209
3639,1824.0,187400.0,-6.4370012283325195,-0.8137173056602478,7.353453159332275
3640,1825.0,187500.0,-6.4370012283325195,-0.8137173056602478,7.353453159332275
3641,1826.0,187600.0,-6.438932418823242,-0.8058990240097046,7.352622509002685
3642,1827.0,187700.0,-6.438932418823242,-0.8058990240097046,7.352622509002685
3643,1828.0,187800.0,-6.428640842437744,-0.8140808939933777,7.36072301864624
3644,1829.0,187900.0,-6.428640842437744,-0.8140808939933777,7.36072301864624
3645,1830.0,188000.0,-6.4278645515441895,-0.8151792287826538,7.361278057098389
3646,1831.0,188100.0,-6.424746513366699,-0.8166095614433289,7.363841533660889
3647,1832.0,188200.0,-6.424746513366699,-0.8166095614433289,7.363841533660889
3648,1833.0,188300.0,-6.4006099700927725,-0.8026493787765503,7.386361598968506
3649,1834.0,188400.0,-6.4006099700927725,-0.8026493787765503,7.386361598968506
3650,1835.0,188500.0,-6.404831886291504,-0.7946239113807678,7.38356876373291
3651,1836.0,188600.0,-6.404831886291504,-0.7946239113807678,7.38356876373291
3652,1837.0,188700.0,-6.396878719329834,-0.8142039179801941,7.38832950592041
3653,1838.0,188800.0,-6.396878719329834,-0.8142039179801941,7.38832950592041
3654,1839.0,188900.0,-6.412699222564697,-0.8100114464759827,7.375063419342041
3655,1840.0,189000.0,-6.405134677886963,-0.8199737668037415,7.380533695220947
3656,1841.0,189100.0,-6.405134677886963,-0.8199737668037415,7.380533695220947
3657,1842.0,189200.0,-6.408857822418213,-0.832423210144043,7.375907897949219
3658,1843.0,189300.0,-6.408857822418213,-0.832423210144043,7.375907897949219
3659,1844.0,189400.0,-6.41778039932251,-0.8290189504623413,7.368527889251709
3660,1830.0,188000.0,-6.4278645515441895,-0.8151792287826538,7.361278057098389
3661,1831.0,188100.0,-6.424746513366699,-0.8166095614433289,7.363841533660889
3662,1832.0,188200.0,-6.424746513366699,-0.8166095614433289,7.363841533660889
3663,1833.0,188300.0,-6.4006099700927725,-0.8026493787765503,7.386361598968506
3664,1834.0,188400.0,-6.4006099700927725,-0.8026493787765503,7.386361598968506
3665,1835.0,188500.0,-6.404831886291504,-0.7946239113807678,7.38356876373291
3666,1836.0,188600.0,-6.404831886291504,-0.7946239113807678,7.38356876373291
3667,1837.0,188700.0,-6.396878719329834,-0.8142039179801941,7.38832950592041
3668,1838.0,188800.0,-6.396878719329834,-0.8142039179801941,7.38832950592041
3669,1839.0,188900.0,-6.412699222564697,-0.8100114464759827,7.375063419342041
3670,1840.0,189000.0,-6.405134677886963,-0.8199737668037415,7.380533695220947
3671,1841.0,189100.0,-6.405134677886963,-0.8199737668037415,7.380533695220947
3672,1842.0,189200.0,-6.408857822418213,-0.832423210144043,7.375907897949219
3673,1843.0,189300.0,-6.408857822418213,-0.832423210144043,7.375907897949219
3674,1844.0,189400.0,-6.41778039932251,-0.8290189504623413,7.368527889251709
3675,1845.0,189500.0,-6.41778039932251,-0.8290189504623413,7.368527889251709
3676,1846.0,189600.0,-6.420065879821777,-0.8296271562576294,7.366468906402588
3677,1847.0,189700.0,-6.420065879821777,-0.8296271562576294,7.366468906402588
3678,1848.0,189800.0,-6.384511947631836,-0.8138155341148376,7.3990607261657715
3679,1849.0,189900.0,-6.393889904022218,-0.7764683961868286,7.394974708557129
3680,1850.0,190000.0,-6.393889904022218,-0.7764683961868286,7.394974708557129
3681,1851.0,190100.0,-6.42763090133667,-0.7993918657302856,7.363214015960692
3682,1852.0,190200.0,-6.42763090133667,-0.7993918657302856,7.363214015960692
3683,1853.0,190300.0,-6.396788120269775,-0.7698124051094055,7.393165111541747
3684,1854.0,190400.0,-6.396788120269775,-0.7698124051094055,7.393165111541747
3685,1855.0,190500.0,-6.418459415435791,-0.7713780403137207,7.3741936683654785
3686,1856.0,190600.0,-6.418459415435791,-0.7713780403137207,7.3741936683654785
3687,1857.0,190700.0,-6.424694061279298,-0.7556474208831787,7.370392799377441
3688,1858.0,190800.0,-6.412435531616211,-0.7634297609329224,7.380260467529298
3689,1859.0,190900.0,-6.412435531616211,-0.7634297609329224,7.380260467529298
3690,1845.0,189500.0,-6.41778039932251,-0.8290189504623413,7.368527889251709
3691,1846.0,189600.0,-6.420065879821777,-0.8296271562576294,7.366468906402588
3692,1847.0,189700.0,-6.420065879821777,-0.8296271562576294,7.366468906402588
3693,1848.0,189800.0,-6.384511947631836,-0.8138155341148376,7.3990607261657715
3694,1849.0,189900.0,-6.393889904022218,-0.7764683961868286,7.394974708557129
3695,1850.0,190000.0,-6.393889904022218,-0.7764683961868286,7.394974708557129
3696,1851.0,190100.0,-6.42763090133667,-0.7993918657302856,7.363214015960692
3697,1852.0,190200.0,-6.42763090133667,-0.7993918657302856,7.363214015960692
3698,1853.0,190300.0,-6.396788120269775,-0.7698124051094055,7.393165111541747
3699,1854.0,190400.0,-6.396788120269775,-0.7698124051094055,7.393165111541747
3700,1855.0,190500.0,-6.418459415435791,-0.7713780403137207,7.3741936683654785
3701,1856.0,190600.0,-6.418459415435791,-0.7713780403137207,7.3741936683654785
3702,1857.0,190700.0,-6.424694061279298,-0.7556474208831787,7.370392799377441
3703,1858.0,190800.0,-6.412435531616211,-0.7634297609329224,7.380260467529298
3704,1859.0,190900.0,-6.412435531616211,-0.7634297609329224,7.380260467529298
3705,1860.0,191000.0,-6.408594131469728,-0.7389402985572815,7.386086940765381
3706,1861.0,191100.0,-6.408594131469728,-0.7389402985572815,7.386086940765381
3707,1862.0,191200.0,-6.410027503967285,-0.7546960711479187,7.383249282836914
3708,1863.0,191300.0,-6.410027503967285,-0.7546960711479187,7.383249282836914
3709,1864.0,191400.0,-6.404680252075195,-0.7512047290802002,7.388243198394775
3710,1865.0,191500.0,-6.404680252075195,-0.7512047290802002,7.388243198394775
3711,1866.0,191600.0,-6.403231620788574,-0.736659824848175,7.390963554382324
3712,1867.0,191700.0,-6.394273281097412,-0.7485244274139404,7.397524833679199
3713,1868.0,191800.0,-6.394273281097412,-0.7485244274139404,7.397524833679199
3714,1869.0,191900.0,-6.382683277130128,-0.7601786255836487,7.4063401222229
3715,1870.0,192000.0,-6.382683277130128,-0.7601786255836487,7.4063401222229
3716,1871.0,192100.0,-6.3827104568481445,-0.75731360912323,7.40661096572876
3717,1872.0,192200.0,-6.3827104568481445,-0.75731360912323,7.40661096572876
3718,1873.0,192300.0,-6.373215198516848,-0.7168623208999634,7.418801784515381
3719,1874.0,192400.0,-6.373215198516848,-0.7168623208999634,7.418801784515381
3720,1860.0,191000.0,-6.408594131469728,-0.7389402985572815,7.386086940765381
3721,1861.0,191100.0,-6.408594131469728,-0.7389402985572815,7.386086940765381
3722,1862.0,191200.0,-6.410027503967285,-0.7546960711479187,7.383249282836914
3723,1863.0,191300.0,-6.410027503967285,-0.7546960711479187,7.383249282836914
3724,1864.0,191400.0,-6.404680252075195,-0.7512047290802002,7.388243198394775
3725,1865.0,191500.0,-6.404680252075195,-0.7512047290802002,7.388243198394775
3726,1866.0,191600.0,-6.403231620788574,-0.736659824848175,7.390963554382324
3727,1867.0,191700.0,-6.394273281097412,-0.7485244274139404,7.397524833679199
3728,1868.0,191800.0,-6.394273281097412,-0.7485244274139404,7.397524833679199
3729,1869.0,191900.0,-6.382683277130128,-0.7601786255836487,7.4063401222229
3730,1870.0,192000.0,-6.382683277130128,-0.7601786255836487,7.4063401222229
3731,1871.0,192100.0,-6.3827104568481445,-0.75731360912323,7.40661096572876
3732,1872.0,192200.0,-6.3827104568481445,-0.75731360912323,7.40661096572876
3733,1873.0,192300.0,-6.373215198516848,-0.7168623208999634,7.418801784515381
3734,1874.0,192400.0,-6.373215198516848,-0.7168623208999634,7.418801784515381
3735,1875.0,192500.0,-6.3582024574279785,-0.7356106042861938,7.429840564727782
3736,1876.0,192600.0,-6.360161781311035,-0.7322206497192383,7.428497791290282
3737,1877.0,192700.0,-6.360161781311035,-0.7322206497192383,7.428497791290282
3738,1878.0,192800.0,-6.351395130157473,-0.7436211705207825,7.434864521026611
3739,1879.0,192900.0,-6.351395130157473,-0.7436211705207825,7.434864521026611
3740,1880.0,193000.0,-6.335777759552003,-0.7719254493713379,7.445296764373777
3741,1881.0,193100.0,-6.335777759552003,-0.7719254493713379,7.445296764373777
3742,1882.0,193200.0,-6.366213798522949,-0.7721437811851501,7.4192657470703125
3743,1883.0,193300.0,-6.366213798522949,-0.7721437811851501,7.4192657470703125
3744,1884.0,193400.0,-6.3593525886535645,-1.1626769304275513,7.37408971786499
3745,1885.0,193500.0,-6.375022411346436,-1.0546423196792605,7.37680196762085
3746,1886.0,193600.0,-6.375022411346436,-1.0546423196792605,7.37680196762085
3747,1887.0,193700.0,-6.347988605499268,-1.0154203176498413,7.405562400817871
3748,1888.0,193800.0,-6.347988605499268,-1.0154203176498413,7.405562400817871
3749,1889.0,193900.0,-6.343358516693115,-0.952211618423462,7.417916774749756
3750,1875.0,192500.0,-6.3582024574279785,-0.7356106042861938,7.429840564727782
3751,1876.0,192600.0,-6.360161781311035,-0.7322206497192383,7.428497791290282
3752,1877.0,192700.0,-6.360161781311035,-0.7322206497192383,7.428497791290282
3753,1878.0,192800.0,-6.351395130157473,-0.7436211705207825,7.434864521026611
3754,1879.0,192900.0,-6.351395130157473,-0.7436211705207825,7.434864521026611
3755,1880.0,193000.0,-6.335777759552003,-0.7719254493713379,7.445296764373777
3756,1881.0,193100.0,-6.335777759552003,-0.7719254493713379,7.445296764373777
3757,1882.0,193200.0,-6.366213798522949,-0.7721437811851501,7.4192657470703125
3758,1883.0,193300.0,-6.366213798522949,-0.7721437811851501,7.4192657470703125
3759,1884.0,193400.0,-6.3593525886535645,-1.1626769304275513,7.37408971786499
3760,1885.0,193500.0,-6.375022411346436,-1.0546423196792605,7.37680196762085
3761,1886.0,193600.0,-6.375022411346436,-1.0546423196792605,7.37680196762085
3762,1887.0,193700.0,-6.347988605499268,-1.0154203176498413,7.405562400817871
3763,1888.0,193800.0,-6.347988605499268,-1.0154203176498413,7.405562400817871
3764,1889.0,193900.0,-6.343358516693115,-0.952211618423462,7.417916774749756
3765,1890.0,194000.0,-6.343358516693115,-0.952211618423462,7.417916774749756
3766,1891.0,194100.0,-6.360370635986327,-0.9791703224182128,7.39981746673584
3767,1892.0,194200.0,-6.360370635986327,-0.9791703224182128,7.39981746673584
3768,1893.0,194300.0,-6.373843193054199,-1.0290496349334717,7.381434917449951
3769,1894.0,194400.0,-6.315999507904053,-1.0714794397354126,7.424989223480225
3770,1895.0,194500.0,-6.315999507904053,-1.0714794397354126,7.424989223480225
3771,1896.0,194600.0,-6.32543420791626,-1.041779398918152,7.4211835861206055
3772,1897.0,194700.0,-6.32543420791626,-1.041779398918152,7.4211835861206055
3773,1898.0,194800.0,-6.332073211669923,-1.0046560764312744,7.42064094543457
3774,1899.0,194900.0,-6.332073211669923,-1.0046560764312744,7.42064094543457
3775,1900.0,195000.0,-6.332144260406494,-0.990339696407318,7.42250394821167
3776,1901.0,195100.0,-6.332144260406494,-0.990339696407318,7.42250394821167
3777,1902.0,195200.0,-6.372982501983643,-0.9780539274215698,7.389106273651122
3778,1903.0,195300.0,-6.350994110107423,-0.988921046257019,7.406571865081787
3779,1904.0,195400.0,-6.350994110107423,-0.988921046257019,7.406571865081787
3780,1890.0,194000.0,-6.343358516693115,-0.952211618423462,7.417916774749756
3781,1891.0,194100.0,-6.360370635986327,-0.9791703224182128,7.39981746673584
3782,1892.0,194200.0,-6.360370635986327,-0.9791703224182128,7.39981746673584
3783,1893.0,194300.0,-6.373843193054199,-1.0290496349334717,7.381434917449951
3784,1894.0,194400.0,-6.315999507904053,-1.0714794397354126,7.424989223480225
3785,1895.0,194500.0,-6.315999507904053,-1.0714794397354126,7.424989223480225
3786,1896.0,194600.0,-6.32543420791626,-1.041779398918152,7.4211835861206055
3787,1897.0,194700.0,-6.32543420791626,-1.041779398918152,7.4211835861206055
3788,1898.0,194800.0,-6.332073211669923,-1.0046560764312744,7.42064094543457
3789,1899.0,194900.0,-6.332073211669923,-1.0046560764312744,7.42064094543457
3790,1900.0,195000.0,-6.332144260406494,-0.990339696407318,7.42250394821167
3791,1901.0,195100.0,-6.332144260406494,-0.990339696407318,7.42250394821167
3792,1902.0,195200.0,-6.372982501983643,-0.9780539274215698,7.389106273651122
3793,1903.0,195300.0,-6.350994110107423,-0.988921046257019,7.406571865081787
3794,1904.0,195400.0,-6.350994110107423,-0.988921046257019,7.406571865081787
3795,1905.0,195500.0,-6.3702335357666025,-0.9162687659263612,7.39939022064209
3796,1906.0,195600.0,-6.3702335357666025,-0.9162687659263612,7.39939022064209
3797,1907.0,195700.0,-6.347546100616455,-0.9213991165161132,7.4182257652282715
3798,1908.0,195800.0,-6.347546100616455,-0.9213991165161132,7.4182257652282715
3799,1909.0,195900.0,-6.338313102722168,-0.912695586681366,7.427190780639647
3800,1910.0,196000.0,-6.338313102722168,-0.912695586681366,7.427190780639647
3801,1911.0,196100.0,-6.343456268310548,-0.884174108505249,7.426249980926514
3802,1912.0,196200.0,-6.349100112915039,-0.8995847702026367,7.419572830200195
3803,1913.0,196300.0,-6.349100112915039,-0.8995847702026367,7.419572830200195
3804,1914.0,196400.0,-6.360002517700195,-0.8833072781562805,7.412187576293945
3805,1915.0,196500.0,-6.360002517700195,-0.8833072781562805,7.412187576293945
3806,1916.0,196600.0,-6.352307319641112,-0.9132111072540284,7.415161609649657
3807,1917.0,196700.0,-6.352307319641112,-0.9132111072540284,7.415161609649657
3808,1918.0,196800.0,-6.361311912536621,-0.8754229545593262,7.411999702453612
3809,1919.0,196900.0,-6.361311912536621,-0.8754229545593262,7.411999702453612
3810,1905.0,195500.0,-6.3702335357666025,-0.9162687659263612,7.39939022064209
3811,1906.0,195600.0,-6.3702335357666025,-0.9162687659263612,7.39939022064209
3812,1907.0,195700.0,-6.347546100616455,-0.9213991165161132,7.4182257652282715
3813,1908.0,195800.0,-6.347546100616455,-0.9213991165161132,7.4182257652282715
3814,1909.0,195900.0,-6.338313102722168,-0.912695586681366,7.427190780639647
3815,1910.0,196000.0,-6.338313102722168,-0.912695586681366,7.427190780639647
3816,1911.0,196100.0,-6.343456268310548,-0.884174108505249,7.426249980926514
3817,1912.0,196200.0,-6.349100112915039,-0.8995847702026367,7.419572830200195
3818,1913.0,196300.0,-6.349100112915039,-0.8995847702026367,7.419572830200195
3819,1914.0,196400.0,-6.360002517700195,-0.8833072781562805,7.412187576293945
3820,1915.0,196500.0,-6.360002517700195,-0.8833072781562805,7.412187576293945
3821,1916.0,196600.0,-6.352307319641112,-0.9132111072540284,7.415161609649657
3822,1917.0,196700.0,-6.352307319641112,-0.9132111072540284,7.415161609649657
3823,1918.0,196800.0,-6.361311912536621,-0.8754229545593262,7.411999702453612
3824,1919.0,196900.0,-6.361311912536621,-0.8754229545593262,7.411999702453612
3825,1920.0,197000.0,-6.371573925018311,-0.89850252866745,7.40041446685791
3826,1921.0,197100.0,-6.363739013671875,-0.8911501169204712,7.408040523529053
3827,1922.0,197200.0,-6.363739013671875,-0.8911501169204712,7.408040523529053
3828,1923.0,197300.0,-6.3750877380371085,-0.8841212391853333,7.399120330810548
3829,1924.0,197400.0,-6.3750877380371085,-0.8841212391853333,7.399120330810548
3830,1925.0,197500.0,-6.377146720886231,-0.9046592712402344,7.394862651824951
3831,1926.0,197600.0,-6.377146720886231,-0.9046592712402344,7.394862651824951
3832,1927.0,197700.0,-6.37752628326416,-0.9066235423088074,7.3942933082580575
3833,1928.0,197800.0,-6.37752628326416,-0.9066235423088074,7.3942933082580575
3834,1929.0,197900.0,-6.371598720550537,-0.9154744148254396,7.398312568664551
3835,1930.0,198000.0,-6.369304656982423,-0.8855831027030945,7.403923034667969
3836,1931.0,198100.0,-6.369304656982423,-0.8855831027030945,7.403923034667969
3837,1932.0,198200.0,-6.385336875915527,-0.8994327783584595,7.388428688049316
3838,1933.0,198300.0,-6.385336875915527,-0.8994327783584595,7.388428688049316
3839,1934.0,198400.0,-6.3797526359558105,-0.8747346997261047,7.396214008331299
3840,1920.0,197000.0,-6.371573925018311,-0.89850252866745,7.40041446685791
3841,1921.0,197100.0,-6.363739013671875,-0.8911501169204712,7.408040523529053
3842,1922.0,197200.0,-6.363739013671875,-0.8911501169204712,7.408040523529053
3843,1923.0,197300.0,-6.3750877380371085,-0.8841212391853333,7.399120330810548
3844,1924.0,197400.0,-6.3750877380371085,-0.8841212391853333,7.399120330810548
3845,1925.0,197500.0,-6.377146720886231,-0.9046592712402344,7.394862651824951
3846,1926.0,197600.0,-6.377146720886231,-0.9046592712402344,7.394862651824951
3847,1927.0,197700.0,-6.37752628326416,-0.9066235423088074,7.3942933082580575
3848,1928.0,197800.0,-6.37752628326416,-0.9066235423088074,7.3942933082580575
3849,1929.0,197900.0,-6.371598720550537,-0.9154744148254396,7.398312568664551
3850,1930.0,198000.0,-6.369304656982423,-0.8855831027030945,7.403923034667969
3851,1931.0,198100.0,-6.369304656982423,-0.8855831027030945,7.403923034667969
3852,1932.0,198200.0,-6.385336875915527,-0.8994327783584595,7.388428688049316
3853,1933.0,198300.0,-6.385336875915527,-0.8994327783584595,7.388428688049316
3854,1934.0,198400.0,-6.3797526359558105,-0.8747346997261047,7.396214008331299
3855,1935.0,198500.0,-6.3797526359558105,-0.8747346997261047,7.396214008331299
3856,1936.0,198600.0,-6.383194446563723,-0.8854720592498779,7.391964912414551
3857,1937.0,198700.0,-6.383194446563723,-0.8854720592498779,7.391964912414551
3858,1938.0,198800.0,-6.386990547180176,-0.8617728948593141,7.391487598419189
3859,1939.0,198900.0,-6.387223720550537,-0.870315670967102,7.3902854919433585
3860,1940.0,199000.0,-6.387223720550537,-0.870315670967102,7.3902854919433585
3861,1941.0,199100.0,-6.384759426116943,-0.8614888191223145,7.393448352813723
3862,1942.0,199200.0,-6.384759426116943,-0.8614888191223145,7.393448352813723
3863,1943.0,199300.0,-6.378479480743407,-0.856505811214447,7.399445056915282
3864,1944.0,199400.0,-6.378479480743407,-0.856505811214447,7.399445056915282
3865,1945.0,199500.0,-6.399864673614503,-0.8517895936965942,7.381502151489258
3866,1946.0,199600.0,-6.399864673614503,-0.8517895936965942,7.381502151489258
3867,1947.0,199700.0,-6.40130615234375,-0.853310763835907,7.380075931549072
3868,1948.0,199800.0,-6.40130615234375,-0.853310763835907,7.380075931549072
3869,1949.0,199900.0,-6.390408515930176,-0.8193886280059814,7.393353462219237
3870,1935.0,198500.0,-6.3797526359558105,-0.8747346997261047,7.396214008331299
3871,1936.0,198600.0,-6.383194446563723,-0.8854720592498779,7.391964912414551
3872,1937.0,198700.0,-6.383194446563723,-0.8854720592498779,7.391964912414551
3873,1938.0,198800.0,-6.386990547180176,-0.8617728948593141,7.391487598419189
3874,1939.0,198900.0,-6.387223720550537,-0.870315670967102,7.3902854919433585
3875,1940.0,199000.0,-6.387223720550537,-0.870315670967102,7.3902854919433585
3876,1941.0,199100.0,-6.384759426116943,-0.8614888191223145,7.393448352813723
3877,1942.0,199200.0,-6.384759426116943,-0.8614888191223145,7.393448352813723
3878,1943.0,199300.0,-6.378479480743407,-0.856505811214447,7.399445056915282
3879,1944.0,199400.0,-6.378479480743407,-0.856505811214447,7.399445056915282
3880,1945.0,199500.0,-6.399864673614503,-0.8517895936965942,7.381502151489258
3881,1946.0,199600.0,-6.399864673614503,-0.8517895936965942,7.381502151489258
3882,1947.0,199700.0,-6.40130615234375,-0.853310763835907,7.380075931549072
3883,1948.0,199800.0,-6.40130615234375,-0.853310763835907,7.380075931549072
3884,1949.0,199900.0,-6.390408515930176,-0.8193886280059814,7.393353462219237
3885,1950.0,200000.0,-6.405252933502197,-0.8248726129531859,7.379886150360107
3886,1951.0,200100.0,-6.405252933502197,-0.8248726129531859,7.379886150360107
3887,1952.0,200200.0,-6.398378849029541,-0.8149731755256653,7.3869452476501465
3888,1953.0,200300.0,-6.398378849029541,-0.8149731755256653,7.3869452476501465
3889,1954.0,200400.0,-6.389660358428955,-0.8492836952209473,7.390625953674316
3890,1955.0,200500.0,-6.389660358428955,-0.8492836952209473,7.390625953674316
3891,1956.0,200600.0,-6.403847217559815,-0.7951868176460266,7.38436222076416
3892,1957.0,200700.0,-6.403847217559815,-0.7951868176460266,7.38436222076416
3893,1958.0,200800.0,-6.3688697814941415,-0.9696674942970276,7.393755912780763
3894,1959.0,200900.0,-6.412577629089356,-0.9546844363212584,7.357840061187744
3895,1960.0,201000.0,-6.412577629089356,-0.9546844363212584,7.357840061187744
3896,1961.0,201100.0,-6.3936710357666025,-0.9563944339752196,7.374054908752441
3897,1962.0,201200.0,-6.3936710357666025,-0.9563944339752196,7.374054908752441
3898,1963.0,201300.0,-6.379794597625732,-0.9415692090988159,7.387967109680176
3899,1964.0,201400.0,-6.379794597625732,-0.9415692090988159,7.387967109680176
3900,1950.0,200000.0,-6.405252933502197,-0.8248726129531859,7.379886150360107
3901,1951.0,200100.0,-6.405252933502197,-0.8248726129531859,7.379886150360107
3902,1952.0,200200.0,-6.398378849029541,-0.8149731755256653,7.3869452476501465
3903,1953.0,200300.0,-6.398378849029541,-0.8149731755256653,7.3869452476501465
3904,1954.0,200400.0,-6.389660358428955,-0.8492836952209473,7.390625953674316
3905,1955.0,200500.0,-6.389660358428955,-0.8492836952209473,7.390625953674316
3906,1956.0,200600.0,-6.403847217559815,-0.7951868176460266,7.38436222076416
3907,1957.0,200700.0,-6.403847217559815,-0.7951868176460266,7.38436222076416
3908,1958.0,200800.0,-6.3688697814941415,-0.9696674942970276,7.393755912780763
3909,1959.0,200900.0,-6.412577629089356,-0.9546844363212584,7.357840061187744
3910,1960.0,201000.0,-6.412577629089356,-0.9546844363212584,7.357840061187744
3911,1961.0,201100.0,-6.3936710357666025,-0.9563944339752196,7.374054908752441
3912,1962.0,201200.0,-6.3936710357666025,-0.9563944339752196,7.374054908752441
3913,1963.0,201300.0,-6.379794597625732,-0.9415692090988159,7.387967109680176
3914,1964.0,201400.0,-6.379794597625732,-0.9415692090988159,7.387967109680176
3915,1965.0,201500.0,-6.344289779663086,-0.9551005959510804,7.416749000549316
3916,1966.0,201600.0,-6.344289779663086,-0.9551005959510804,7.416749000549316
3917,1967.0,201700.0,-6.355145454406737,-0.9116986989974976,7.412916660308838
3918,1968.0,201800.0,-6.382887840270996,-0.9007102251052856,7.390389919281006
3919,1969.0,201900.0,-6.382887840270996,-0.9007102251052856,7.390389919281006
3920,1970.0,202000.0,-6.386640548706055,-0.884182333946228,7.3891425132751465
3921,1971.0,202100.0,-6.386640548706055,-0.884182333946228,7.3891425132751465
3922,1972.0,202200.0,-6.387128829956055,-0.884041428565979,7.388737678527832
3923,1973.0,202300.0,-6.387128829956055,-0.884041428565979,7.388737678527832
3924,1974.0,202400.0,-6.3774476051330575,-0.8869056105613708,7.39675235748291
3925,1975.0,202500.0,-6.3774476051330575,-0.8869056105613708,7.39675235748291
3926,1976.0,202600.0,-6.393038749694824,-0.8940320611000061,7.382421970367432
3927,1977.0,202700.0,-6.406044483184815,-0.876320481300354,7.373265743255615
3928,1978.0,202800.0,-6.406044483184815,-0.876320481300354,7.373265743255615
3929,1979.0,202900.0,-6.404134273529053,-0.8883508443832397,7.373485565185548
3930,1965.0,201500.0,-6.344289779663086,-0.9551005959510804,7.416749000549316
3931,1966.0,201600.0,-6.344289779663086,-0.9551005959510804,7.416749000549316
3932,1967.0,201700.0,-6.355145454406737,-0.9116986989974976,7.412916660308838
3933,1968.0,201800.0,-6.382887840270996,-0.9007102251052856,7.390389919281006
3934,1969.0,201900.0,-6.382887840270996,-0.9007102251052856,7.390389919281006
3935,1970.0,202000.0,-6.386640548706055,-0.884182333946228,7.3891425132751465
3936,1971.0,202100.0,-6.386640548706055,-0.884182333946228,7.3891425132751465
3937,1972.0,202200.0,-6.387128829956055,-0.884041428565979,7.388737678527832
3938,1973.0,202300.0,-6.387128829956055,-0.884041428565979,7.388737678527832
3939,1974.0,202400.0,-6.3774476051330575,-0.8869056105613708,7.39675235748291
3940,1975.0,202500.0,-6.3774476051330575,-0.8869056105613708,7.39675235748291
3941,1976.0,202600.0,-6.393038749694824,-0.8940320611000061,7.382421970367432
3942,1977.0,202700.0,-6.406044483184815,-0.876320481300354,7.373265743255615
3943,1978.0,202800.0,-6.406044483184815,-0.876320481300354,7.373265743255615
3944,1979.0,202900.0,-6.404134273529053,-0.8883508443832397,7.373485565185548
3945,1980.0,203000.0,-6.404134273529053,-0.8883508443832397,7.373485565185548
3946,1981.0,203100.0,-6.407722473144531,-0.8704390525817871,7.372503280639647
3947,1982.0,203200.0,-6.407722473144531,-0.8704390525817871,7.372503280639647
3948,1983.0,203300.0,-6.405566215515138,-0.8704437017440796,7.374377250671388
3949,1984.0,203400.0,-6.405566215515138,-0.8704437017440796,7.374377250671388
3950,1985.0,203500.0,-6.402819633483888,-0.8824728727340698,7.375333309173584
3951,1986.0,203600.0,-6.414491653442383,-0.9036188125610352,7.362618923187256
3952,1987.0,203700.0,-6.414491653442383,-0.9036188125610352,7.362618923187256
3953,1988.0,203800.0,-6.415580749511719,-0.910336434841156,7.360842227935791
3954,1989.0,203900.0,-6.415580749511719,-0.910336434841156,7.360842227935791
3955,1990.0,204000.0,-6.429403781890869,-0.8927385210990906,7.350929737091064
3956,1991.0,204100.0,-6.429403781890869,-0.8927385210990906,7.350929737091064
3957,1992.0,204200.0,-6.422980785369872,-0.8995099663734436,7.355717182159424
3958,1993.0,204300.0,-6.422980785369872,-0.8995099663734436,7.355717182159424
3959,1994.0,204400.0,-6.423871040344237,-0.9029597640037536,7.354518413543701
3960,1980.0,203000.0,-6.404134273529053,-0.8883508443832397,7.373485565185548
3961,1981.0,203100.0,-6.407722473144531,-0.8704390525817871,7.372503280639647
3962,1982.0,203200.0,-6.407722473144531,-0.8704390525817871,7.372503280639647
3963,1983.0,203300.0,-6.405566215515138,-0.8704437017440796,7.374377250671388
3964,1984.0,203400.0,-6.405566215515138,-0.8704437017440796,7.374377250671388
3965,1985.0,203500.0,-6.402819633483888,-0.8824728727340698,7.375333309173584
3966,1986.0,203600.0,-6.414491653442383,-0.9036188125610352,7.362618923187256
3967,1987.0,203700.0,-6.414491653442383,-0.9036188125610352,7.362618923187256
3968,1988.0,203800.0,-6.415580749511719,-0.910336434841156,7.360842227935791
3969,1989.0,203900.0,-6.415580749511719,-0.910336434841156,7.360842227935791
3970,1990.0,204000.0,-6.429403781890869,-0.8927385210990906,7.350929737091064
3971,1991.0,204100.0,-6.429403781890869,-0.8927385210990906,7.350929737091064
3972,1992.0,204200.0,-6.422980785369872,-0.8995099663734436,7.355717182159424
3973,1993.0,204300.0,-6.422980785369872,-0.8995099663734436,7.355717182159424
3974,1994.0,204400.0,-6.423871040344237,-0.9029597640037536,7.354518413543701
3975,1995.0,204500.0,-6.432976245880128,-0.8838371634483337,7.348879814147949
3976,1996.0,204600.0,-6.432976245880128,-0.8838371634483337,7.348879814147949
3977,1997.0,204700.0,-6.41788911819458,-0.8819406628608704,7.362286567687987
3978,1998.0,204800.0,-6.41788911819458,-0.8819406628608704,7.362286567687987
3979,1999.0,204900.0,-6.4018073081970215,-0.8811778426170349,7.37636661529541
3980,2000.0,205000.0,-6.4018073081970215,-0.8811778426170349,7.37636661529541
3981,2001.0,205100.0,-6.41452693939209,-0.8714081645011902,7.366469860076902
3982,2002.0,205200.0,-6.41452693939209,-0.8714081645011902,7.366469860076902
3983,2003.0,205300.0,-6.406959533691406,-0.8701467514038086,7.373201370239258
3984,2004.0,205400.0,-6.42372989654541,-0.8682929873466492,7.358814716339111
3985,2005.0,205500.0,-6.42372989654541,-0.8682929873466492,7.358814716339111
3986,2006.0,205600.0,-6.423974990844728,-0.8653692007064819,7.358945369720459
3987,2007.0,205700.0,-6.423974990844728,-0.8653692007064819,7.358945369720459
3988,2008.0,205800.0,-6.418670654296875,-0.8684598207473755,7.363207817077638
3989,2009.0,205900.0,-6.418670654296875,-0.8684598207473755,7.363207817077638
3990,1995.0,204500.0,-6.432976245880128,-0.8838371634483337,7.348879814147949
3991,1996.0,204600.0,-6.432976245880128,-0.8838371634483337,7.348879814147949
3992,1997.0,204700.0,-6.41788911819458,-0.8819406628608704,7.362286567687987
3993,1998.0,204800.0,-6.41788911819458,-0.8819406628608704,7.362286567687987
3994,1999.0,204900.0,-6.4018073081970215,-0.8811778426170349,7.37636661529541
3995,2000.0,205000.0,-6.4018073081970215,-0.8811778426170349,7.37636661529541
3996,2001.0,205100.0,-6.41452693939209,-0.8714081645011902,7.366469860076902
3997,2002.0,205200.0,-6.41452693939209,-0.8714081645011902,7.366469860076902
3998,2003.0,205300.0,-6.406959533691406,-0.8701467514038086,7.373201370239258
3999,2004.0,205400.0,-6.42372989654541,-0.8682929873466492,7.358814716339111
4000,2005.0,205500.0,-6.42372989654541,-0.8682929873466492,7.358814716339111
4001,2006.0,205600.0,-6.423974990844728,-0.8653692007064819,7.358945369720459
4002,2007.0,205700.0,-6.423974990844728,-0.8653692007064819,7.358945369720459
4003,2008.0,205800.0,-6.418670654296875,-0.8684598207473755,7.363207817077638
4004,2009.0,205900.0,-6.418670654296875,-0.8684598207473755,7.363207817077638
4005,2010.0,206000.0,-6.414182662963867,-0.8732172846794128,7.366555213928223
4006,2011.0,206100.0,-6.414182662963867,-0.8732172846794128,7.366555213928223
4007,2012.0,206200.0,-6.417707920074463,-0.8198168277740479,7.369620323181152
4008,2013.0,206300.0,-6.409324645996094,-0.8237745761871338,7.376472473144531
4009,2014.0,206400.0,-6.409324645996094,-0.8237745761871338,7.376472473144531
4010,2015.0,206500.0,-6.39141845703125,-0.8403323292732239,7.3901286125183105
4011,2016.0,206600.0,-6.39141845703125,-0.8403323292732239,7.3901286125183105
4012,2017.0,206700.0,-6.406955242156982,-0.8435633182525635,7.376294136047362
4013,2018.0,206800.0,-6.406955242156982,-0.8435633182525635,7.376294136047362
4014,2019.0,206900.0,-6.40057897567749,-0.876025915145874,7.378044605255128
4015,2020.0,207000.0,-6.40057897567749,-0.876025915145874,7.378044605255128
4016,2021.0,207100.0,-6.408493518829348,-0.8883402943611145,7.369697570800781
4017,2022.0,207200.0,-6.438680648803711,-0.8626479506492615,7.346402168273926
4018,2023.0,207300.0,-6.438680648803711,-0.8626479506492615,7.346402168273926
4019,2024.0,207400.0,-6.418724060058594,-0.8203247785568237,7.368680000305176
4020,2010.0,206000.0,-6.414182662963867,-0.8732172846794128,7.366555213928223
4021,2011.0,206100.0,-6.414182662963867,-0.8732172846794128,7.366555213928223
4022,2012.0,206200.0,-6.417707920074463,-0.8198168277740479,7.369620323181152
4023,2013.0,206300.0,-6.409324645996094,-0.8237745761871338,7.376472473144531
4024,2014.0,206400.0,-6.409324645996094,-0.8237745761871338,7.376472473144531
4025,2015.0,206500.0,-6.39141845703125,-0.8403323292732239,7.3901286125183105
4026,2016.0,206600.0,-6.39141845703125,-0.8403323292732239,7.3901286125183105
4027,2017.0,206700.0,-6.406955242156982,-0.8435633182525635,7.376294136047362
4028,2018.0,206800.0,-6.406955242156982,-0.8435633182525635,7.376294136047362
4029,2019.0,206900.0,-6.40057897567749,-0.876025915145874,7.378044605255128
4030,2020.0,207000.0,-6.40057897567749,-0.876025915145874,7.378044605255128
4031,2021.0,207100.0,-6.408493518829348,-0.8883402943611145,7.369697570800781
4032,2022.0,207200.0,-6.438680648803711,-0.8626479506492615,7.346402168273926
4033,2023.0,207300.0,-6.438680648803711,-0.8626479506492615,7.346402168273926
4034,2024.0,207400.0,-6.418724060058594,-0.8203247785568237,7.368680000305176
4035,2025.0,207500.0,-6.418724060058594,-0.8203247785568237,7.368680000305176
4036,2026.0,207600.0,-6.410069465637207,-0.7951575517654419,7.378965377807617
4037,2027.0,207700.0,-6.410069465637207,-0.7951575517654419,7.378965377807617
4038,2028.0,207800.0,-6.441765785217285,-0.7798413634300232,7.352950572967527
4039,2029.0,207900.0,-6.441765785217285,-0.7798413634300232,7.352950572967527
4040,2030.0,208000.0,-6.434659481048584,-0.6998100876808167,7.3672118186950675
4041,2031.0,208100.0,-6.435645580291747,-0.6712693572044373,7.369006156921388
4042,2032.0,208200.0,-6.435645580291747,-0.6712693572044373,7.369006156921388
4043,2033.0,208300.0,-6.398588180541992,-0.6355053782463074,7.40436315536499
4044,2034.0,208400.0,-6.398588180541992,-0.6355053782463074,7.40436315536499
4045,2035.0,208500.0,-6.419231414794923,-0.6498656272888184,7.385223865509032
4046,2036.0,208600.0,-6.419231414794923,-0.6498656272888184,7.385223865509032
4047,2037.0,208700.0,-6.414847373962402,-0.7722498774528503,7.377245426177978
4048,2038.0,208800.0,-6.414847373962402,-0.7722498774528503,7.377245426177978
4049,2039.0,208900.0,-6.434104919433594,-0.7939923405647278,7.358142375946045
4050,2025.0,207500.0,-6.418724060058594,-0.8203247785568237,7.368680000305176
4051,2026.0,207600.0,-6.410069465637207,-0.7951575517654419,7.378965377807617
4052,2027.0,207700.0,-6.410069465637207,-0.7951575517654419,7.378965377807617
4053,2028.0,207800.0,-6.441765785217285,-0.7798413634300232,7.352950572967527
4054,2029.0,207900.0,-6.441765785217285,-0.7798413634300232,7.352950572967527
4055,2030.0,208000.0,-6.434659481048584,-0.6998100876808167,7.3672118186950675
4056,2031.0,208100.0,-6.435645580291747,-0.6712693572044373,7.369006156921388
4057,2032.0,208200.0,-6.435645580291747,-0.6712693572044373,7.369006156921388
4058,2033.0,208300.0,-6.398588180541992,-0.6355053782463074,7.40436315536499
4059,2034.0,208400.0,-6.398588180541992,-0.6355053782463074,7.40436315536499
4060,2035.0,208500.0,-6.419231414794923,-0.6498656272888184,7.385223865509032
4061,2036.0,208600.0,-6.419231414794923,-0.6498656272888184,7.385223865509032
4062,2037.0,208700.0,-6.414847373962402,-0.7722498774528503,7.377245426177978
4063,2038.0,208800.0,-6.414847373962402,-0.7722498774528503,7.377245426177978
4064,2039.0,208900.0,-6.434104919433594,-0.7939923405647278,7.358142375946045
4065,2040.0,209000.0,-6.517528057098389,-0.9412038922309875,7.266798496246338
4066,2041.0,209100.0,-6.517528057098389,-0.9412038922309875,7.266798496246338
4067,2042.0,209200.0,-6.585453987121582,-0.9274497628211976,7.2070817947387695
4068,2043.0,209300.0,-6.585453987121582,-0.9274497628211976,7.2070817947387695
4069,2044.0,209400.0,-6.555007457733152,-0.8822206854820251,7.240438938140869
4070,2045.0,209500.0,-6.555007457733152,-0.8822206854820251,7.240438938140869
4071,2046.0,209600.0,-6.4678144454956055,-0.8887345790863037,7.317643642425537
4072,2047.0,209700.0,-6.4678144454956055,-0.8887345790863037,7.317643642425537
4073,2048.0,209800.0,-6.472867965698242,-0.8367232084274292,7.319307804107666
4074,2049.0,209900.0,-6.4730401039123535,-0.833929181098938,7.319474220275879
4075,2050.0,210000.0,-6.4730401039123535,-0.833929181098938,7.319474220275879
4076,2051.0,210100.0,-6.480520725250244,-0.8327385187149048,7.312987327575684
4077,2052.0,210200.0,-6.480520725250244,-0.8327385187149048,7.312987327575684
4078,2053.0,210300.0,-6.487643718719482,-0.8303545713424683,7.306940078735352
4079,2054.0,210400.0,-6.487643718719482,-0.8303545713424683,7.306940078735352
4080,2040.0,209000.0,-6.517528057098389,-0.9412038922309875,7.266798496246338
4081,2041.0,209100.0,-6.517528057098389,-0.9412038922309875,7.266798496246338
4082,2042.0,209200.0,-6.585453987121582,-0.9274497628211976,7.2070817947387695
4083,2043.0,209300.0,-6.585453987121582,-0.9274497628211976,7.2070817947387695
4084,2044.0,209400.0,-6.555007457733152,-0.8822206854820251,7.240438938140869
4085,2045.0,209500.0,-6.555007457733152,-0.8822206854820251,7.240438938140869
4086,2046.0,209600.0,-6.4678144454956055,-0.8887345790863037,7.317643642425537
4087,2047.0,209700.0,-6.4678144454956055,-0.8887345790863037,7.317643642425537
4088,2048.0,209800.0,-6.472867965698242,-0.8367232084274292,7.319307804107666
4089,2049.0,209900.0,-6.4730401039123535,-0.833929181098938,7.319474220275879
4090,2050.0,210000.0,-6.4730401039123535,-0.833929181098938,7.319474220275879
4091,2051.0,210100.0,-6.480520725250244,-0.8327385187149048,7.312987327575684
4092,2052.0,210200.0,-6.480520725250244,-0.8327385187149048,7.312987327575684
4093,2053.0,210300.0,-6.487643718719482,-0.8303545713424683,7.306940078735352
4094,2054.0,210400.0,-6.487643718719482,-0.8303545713424683,7.306940078735352
4095,2055.0,210500.0,-6.4961748123168945,-0.8294669985771179,7.299458026885986
4096,2056.0,210600.0,-6.4961748123168945,-0.8294669985771179,7.299458026885986
4097,2057.0,210700.0,-6.487326622009277,-0.8627423644065857,7.303467750549316
4098,2058.0,210800.0,-6.485331058502197,-0.8432470560073853,7.307517051696777
4099,2059.0,210900.0,-6.485331058502197,-0.8432470560073853,7.307517051696777
4100,2060.0,211000.0,-6.495833873748777,-0.8497624397277832,7.297426223754883
4101,2061.0,211100.0,-6.495833873748777,-0.8497624397277832,7.297426223754883
4102,2062.0,211200.0,-6.464869499206543,-0.8606167435646057,7.323605060577393
4103,2063.0,211300.0,-6.464869499206543,-0.8606167435646057,7.323605060577393
4104,2064.0,211400.0,-6.471080780029298,-0.8229597806930542,7.322447776794434
4105,2065.0,211500.0,-6.471080780029298,-0.8229597806930542,7.322447776794434
4106,2066.0,211600.0,-6.44807243347168,-0.8344409465789795,7.3414201736450195
4107,2067.0,211700.0,-6.461905002593994,-0.8394140601158142,7.328680992126465
4108,2068.0,211800.0,-6.461905002593994,-0.8394140601158142,7.328680992126465
4109,2069.0,211900.0,-6.456023693084718,-0.8473644256591797,7.332947731018066
4110,2055.0,210500.0,-6.4961748123168945,-0.8294669985771179,7.299458026885986
4111,2056.0,210600.0,-6.4961748123168945,-0.8294669985771179,7.299458026885986
4112,2057.0,210700.0,-6.487326622009277,-0.8627423644065857,7.303467750549316
4113,2058.0,210800.0,-6.485331058502197,-0.8432470560073853,7.307517051696777
4114,2059.0,210900.0,-6.485331058502197,-0.8432470560073853,7.307517051696777
4115,2060.0,211000.0,-6.495833873748777,-0.8497624397277832,7.297426223754883
4116,2061.0,211100.0,-6.495833873748777,-0.8497624397277832,7.297426223754883
4117,2062.0,211200.0,-6.464869499206543,-0.8606167435646057,7.323605060577393
4118,2063.0,211300.0,-6.464869499206543,-0.8606167435646057,7.323605060577393
4119,2064.0,211400.0,-6.471080780029298,-0.8229597806930542,7.322447776794434
4120,2065.0,211500.0,-6.471080780029298,-0.8229597806930542,7.322447776794434
4121,2066.0,211600.0,-6.44807243347168,-0.8344409465789795,7.3414201736450195
4122,2067.0,211700.0,-6.461905002593994,-0.8394140601158142,7.328680992126465
4123,2068.0,211800.0,-6.461905002593994,-0.8394140601158142,7.328680992126465
4124,2069.0,211900.0,-6.456023693084718,-0.8473644256591797,7.332947731018066
4125,2070.0,212000.0,-6.456023693084718,-0.8473644256591797,7.332947731018066
4126,2071.0,212100.0,-6.456846714019775,-0.8625842332839966,7.330447196960449
4127,2072.0,212200.0,-6.456846714019775,-0.8625842332839966,7.330447196960449
4128,2073.0,212300.0,-6.441821098327638,-0.8594006299972534,7.344028472900391
4129,2074.0,212400.0,-6.441821098327638,-0.8594006299972534,7.344028472900391
4130,2075.0,212500.0,-6.43355655670166,-0.8911427855491638,7.347488880157473
4131,2076.0,212600.0,-6.461150646209718,-0.8985449075698853,7.322330951690674
4132,2077.0,212700.0,-6.461150646209718,-0.8985449075698853,7.322330951690674
4133,2078.0,212800.0,-6.4729814529418945,-0.8976622819900513,7.311983108520508
4134,2079.0,212900.0,-6.4729814529418945,-0.8976622819900513,7.311983108520508
4135,2080.0,213000.0,-6.478271484375,-0.8926140666007996,7.307916164398192
4136,2081.0,213100.0,-6.478271484375,-0.8926140666007996,7.307916164398192
4137,2082.0,213200.0,-6.468297004699707,-0.9018263816833496,7.315615177154541
4138,2083.0,213300.0,-6.468297004699707,-0.9018263816833496,7.315615177154541
4139,2084.0,213400.0,-6.452530384063723,-0.8979408144950867,7.330002784729004
4140,2070.0,212000.0,-6.456023693084718,-0.8473644256591797,7.332947731018066
4141,2071.0,212100.0,-6.456846714019775,-0.8625842332839966,7.330447196960449
4142,2072.0,212200.0,-6.456846714019775,-0.8625842332839966,7.330447196960449
4143,2073.0,212300.0,-6.441821098327638,-0.8594006299972534,7.344028472900391
4144,2074.0,212400.0,-6.441821098327638,-0.8594006299972534,7.344028472900391
4145,2075.0,212500.0,-6.43355655670166,-0.8911427855491638,7.347488880157473
4146,2076.0,212600.0,-6.461150646209718,-0.8985449075698853,7.322330951690674
4147,2077.0,212700.0,-6.461150646209718,-0.8985449075698853,7.322330951690674
4148,2078.0,212800.0,-6.4729814529418945,-0.8976622819900513,7.311983108520508
4149,2079.0,212900.0,-6.4729814529418945,-0.8976622819900513,7.311983108520508
4150,2080.0,213000.0,-6.478271484375,-0.8926140666007996,7.307916164398192
4151,2081.0,213100.0,-6.478271484375,-0.8926140666007996,7.307916164398192
4152,2082.0,213200.0,-6.468297004699707,-0.9018263816833496,7.315615177154541
4153,2083.0,213300.0,-6.468297004699707,-0.9018263816833496,7.315615177154541
4154,2084.0,213400.0,-6.452530384063723,-0.8979408144950867,7.330002784729004
4155,2085.0,213500.0,-6.460947513580322,-0.9012494683265686,7.322178363800049
4156,2086.0,213600.0,-6.460947513580322,-0.9012494683265686,7.322178363800049
4157,2087.0,213700.0,-6.460474014282228,-0.8972685933113098,7.323086261749268
4158,2088.0,213800.0,-6.460474014282228,-0.8972685933113098,7.323086261749268
4159,2089.0,213900.0,-6.467418193817139,-0.9278399348258972,7.31313943862915
4160,2090.0,214000.0,-6.467418193817139,-0.9278399348258972,7.31313943862915
4161,2091.0,214100.0,-6.472703456878662,-0.9222618937492372,7.309168338775635
4162,2092.0,214200.0,-6.472703456878662,-0.9222618937492372,7.309168338775635
4163,2093.0,214300.0,-6.4744815826416025,-0.9381968379020692,7.305563926696777
4164,2094.0,214400.0,-6.470038890838622,-0.9791516065597534,7.304126262664795
4165,2095.0,214500.0,-6.470038890838622,-0.9791516065597534,7.304126262664795
4166,2096.0,214600.0,-6.464991092681885,-0.9828478693962096,7.3080973625183105
4167,2097.0,214700.0,-6.464991092681885,-0.9828478693962096,7.3080973625183105
4168,2098.0,214800.0,-6.478611946105957,-0.9806637763977052,7.296319007873535
4169,2099.0,214900.0,-6.478611946105957,-0.9806637763977052,7.296319007873535
4170,2085.0,213500.0,-6.460947513580322,-0.9012494683265686,7.322178363800049
4171,2086.0,213600.0,-6.460947513580322,-0.9012494683265686,7.322178363800049
4172,2087.0,213700.0,-6.460474014282228,-0.8972685933113098,7.323086261749268
4173,2088.0,213800.0,-6.460474014282228,-0.8972685933113098,7.323086261749268
4174,2089.0,213900.0,-6.467418193817139,-0.9278399348258972,7.31313943862915
4175,2090.0,214000.0,-6.467418193817139,-0.9278399348258972,7.31313943862915
4176,2091.0,214100.0,-6.472703456878662,-0.9222618937492372,7.309168338775635
4177,2092.0,214200.0,-6.472703456878662,-0.9222618937492372,7.309168338775635
4178,2093.0,214300.0,-6.4744815826416025,-0.9381968379020692,7.305563926696777
4179,2094.0,214400.0,-6.470038890838622,-0.9791516065597534,7.304126262664795
4180,2095.0,214500.0,-6.470038890838622,-0.9791516065597534,7.304126262664795
4181,2096.0,214600.0,-6.464991092681885,-0.9828478693962096,7.3080973625183105
4182,2097.0,214700.0,-6.464991092681885,-0.9828478693962096,7.3080973625183105
4183,2098.0,214800.0,-6.478611946105957,-0.9806637763977052,7.296319007873535
4184,2099.0,214900.0,-6.478611946105957,-0.9806637763977052,7.296319007873535
4185,2100.0,215000.0,-6.4735941886901855,-0.9740049242973328,7.301663398742676
4186,2101.0,215100.0,-6.4735941886901855,-0.9740049242973328,7.301663398742676
4187,2102.0,215200.0,-6.4791622161865225,-0.9842954277992249,7.2953410148620605
4188,2103.0,215300.0,-6.470825672149657,-0.9919187426567078,7.301705360412598
4189,2104.0,215400.0,-6.470825672149657,-0.9919187426567078,7.301705360412598
4190,2105.0,215500.0,-6.469422340393066,-0.9524828195571899,7.308197021484375
4191,2106.0,215600.0,-6.469422340393066,-0.9524828195571899,7.308197021484375
4192,2107.0,215700.0,-6.466611385345459,-0.9435554146766664,7.311841011047362
4193,2108.0,215800.0,-6.466611385345459,-0.9435554146766664,7.311841011047362
4194,2109.0,215900.0,-6.464141368865968,-0.9462538361549376,7.3136773109436035
4195,2110.0,216000.0,-6.464141368865968,-0.9462538361549376,7.3136773109436035
4196,2111.0,216100.0,-6.464506149291992,-0.9288917779922484,7.315579891204834
4197,2112.0,216200.0,-6.459079265594482,-0.9222811460494996,7.321207523345947
4198,2113.0,216300.0,-6.459079265594482,-0.9222811460494996,7.321207523345947
4199,2114.0,216400.0,-6.470454216003418,-0.9390099048614502,7.309026718139647
4200,2100.0,215000.0,-6.4735941886901855,-0.9740049242973328,7.301663398742676
4201,2101.0,215100.0,-6.4735941886901855,-0.9740049242973328,7.301663398742676
4202,2102.0,215200.0,-6.4791622161865225,-0.9842954277992249,7.2953410148620605
4203,2103.0,215300.0,-6.470825672149657,-0.9919187426567078,7.301705360412598
4204,2104.0,215400.0,-6.470825672149657,-0.9919187426567078,7.301705360412598
4205,2105.0,215500.0,-6.469422340393066,-0.9524828195571899,7.308197021484375
4206,2106.0,215600.0,-6.469422340393066,-0.9524828195571899,7.308197021484375
4207,2107.0,215700.0,-6.466611385345459,-0.9435554146766664,7.311841011047362
4208,2108.0,215800.0,-6.466611385345459,-0.9435554146766664,7.311841011047362
4209,2109.0,215900.0,-6.464141368865968,-0.9462538361549376,7.3136773109436035
4210,2110.0,216000.0,-6.464141368865968,-0.9462538361549376,7.3136773109436035
4211,2111.0,216100.0,-6.464506149291992,-0.9288917779922484,7.315579891204834
4212,2112.0,216200.0,-6.459079265594482,-0.9222811460494996,7.321207523345947
4213,2113.0,216300.0,-6.459079265594482,-0.9222811460494996,7.321207523345947
4214,2114.0,216400.0,-6.470454216003418,-0.9390099048614502,7.309026718139647
4215,2115.0,216500.0,-6.470454216003418,-0.9390099048614502,7.309026718139647
4216,2116.0,216600.0,-6.465879440307617,-0.9188845157623292,7.315629482269287
4217,2117.0,216700.0,-6.465879440307617,-0.9188845157623292,7.315629482269287
4218,2118.0,216800.0,-6.46755313873291,-0.920693576335907,7.313923835754394
4219,2119.0,216900.0,-6.46755313873291,-0.920693576335907,7.313923835754394
4220,2120.0,217000.0,-6.4388933181762695,-0.9840090274810792,7.3309454917907715
4221,2121.0,217100.0,-6.4533233642578125,-0.9829039573669434,7.3183956146240225
4222,2122.0,217200.0,-6.4533233642578125,-0.9829039573669434,7.3183956146240225
4223,2123.0,217300.0,-6.501582622528076,-0.9919342398643494,7.274330139160156
4224,2124.0,217400.0,-6.501582622528076,-0.9919342398643494,7.274330139160156
4225,2125.0,217500.0,-6.486372470855713,-1.0581498146057131,7.2785773277282715
4226,2126.0,217600.0,-6.486372470855713,-1.0581498146057131,7.2785773277282715
4227,2127.0,217700.0,-6.538585662841798,-1.0635671615600586,7.2309136390686035
4228,2128.0,217800.0,-6.538585662841798,-1.0635671615600586,7.2309136390686035
4229,2129.0,217900.0,-6.552733421325684,-0.9612918496131896,7.232425689697266
4230,2115.0,216500.0,-6.470454216003418,-0.9390099048614502,7.309026718139647
4231,2116.0,216600.0,-6.465879440307617,-0.9188845157623292,7.315629482269287
4232,2117.0,216700.0,-6.465879440307617,-0.9188845157623292,7.315629482269287
4233,2118.0,216800.0,-6.46755313873291,-0.920693576335907,7.313923835754394
4234,2119.0,216900.0,-6.46755313873291,-0.920693576335907,7.313923835754394
4235,2120.0,217000.0,-6.4388933181762695,-0.9840090274810792,7.3309454917907715
4236,2121.0,217100.0,-6.4533233642578125,-0.9829039573669434,7.3183956146240225
4237,2122.0,217200.0,-6.4533233642578125,-0.9829039573669434,7.3183956146240225
4238,2123.0,217300.0,-6.501582622528076,-0.9919342398643494,7.274330139160156
4239,2124.0,217400.0,-6.501582622528076,-0.9919342398643494,7.274330139160156
4240,2125.0,217500.0,-6.486372470855713,-1.0581498146057131,7.2785773277282715
4241,2126.0,217600.0,-6.486372470855713,-1.0581498146057131,7.2785773277282715
4242,2127.0,217700.0,-6.538585662841798,-1.0635671615600586,7.2309136390686035
4243,2128.0,217800.0,-6.538585662841798,-1.0635671615600586,7.2309136390686035
4244,2129.0,217900.0,-6.552733421325684,-0.9612918496131896,7.232425689697266
4245,2130.0,218000.0,-6.494391441345215,-0.9467957019805908,7.286758899688723
4246,2131.0,218100.0,-6.494391441345215,-0.9467957019805908,7.286758899688723
4247,2132.0,218200.0,-6.491006374359131,-0.8781453967094421,7.298361301422119
4248,2133.0,218300.0,-6.491006374359131,-0.8781453967094421,7.298361301422119
4249,2134.0,218400.0,-6.507721900939941,-0.8713871240615845,7.284273147583008
4250,2135.0,218500.0,-6.507721900939941,-0.8713871240615845,7.284273147583008
4251,2136.0,218600.0,-6.5137672424316415,-0.8574214577674866,7.280525207519531
4252,2137.0,218700.0,-6.5137672424316415,-0.8574214577674866,7.280525207519531
4253,2138.0,218800.0,-6.505537986755371,-0.8516732454299927,7.2885541915893555
4254,2139.0,218900.0,-6.49710750579834,-0.8490881919860841,7.296371936798098
4255,2140.0,219000.0,-6.49710750579834,-0.8490881919860841,7.296371936798098
4256,2141.0,219100.0,-6.502612113952638,-0.8623793721199036,7.289905548095702
4257,2142.0,219200.0,-6.502612113952638,-0.8623793721199036,7.289905548095702
4258,2143.0,219300.0,-6.520036220550537,-0.8072901964187622,7.280645847320557
4259,2144.0,219400.0,-6.520036220550537,-0.8072901964187622,7.280645847320557
4260,2130.0,218000.0,-6.494391441345215,-0.9467957019805908,7.286758899688723
4261,2131.0,218100.0,-6.494391441345215,-0.9467957019805908,7.286758899688723
4262,2132.0,218200.0,-6.491006374359131,-0.8781453967094421,7.298361301422119
4263,2133.0,218300.0,-6.491006374359131,-0.8781453967094421,7.298361301422119
4264,2134.0,218400.0,-6.507721900939941,-0.8713871240615845,7.284273147583008
4265,2135.0,218500.0,-6.507721900939941,-0.8713871240615845,7.284273147583008
4266,2136.0,218600.0,-6.5137672424316415,-0.8574214577674866,7.280525207519531
4267,2137.0,218700.0,-6.5137672424316415,-0.8574214577674866,7.280525207519531
4268,2138.0,218800.0,-6.505537986755371,-0.8516732454299927,7.2885541915893555
4269,2139.0,218900.0,-6.49710750579834,-0.8490881919860841,7.296371936798098
4270,2140.0,219000.0,-6.49710750579834,-0.8490881919860841,7.296371936798098
4271,2141.0,219100.0,-6.502612113952638,-0.8623793721199036,7.289905548095702
4272,2142.0,219200.0,-6.502612113952638,-0.8623793721199036,7.289905548095702
4273,2143.0,219300.0,-6.520036220550537,-0.8072901964187622,7.280645847320557
4274,2144.0,219400.0,-6.520036220550537,-0.8072901964187622,7.280645847320557
4275,2145.0,219500.0,-6.544643878936768,-0.8259764909744263,7.256430625915527
4276,2146.0,219600.0,-6.544643878936768,-0.8259764909744263,7.256430625915527
4277,2147.0,219700.0,-6.523289680480957,-0.7999886274337769,7.278536319732666
4278,2148.0,219800.0,-6.5277276039123535,-0.8022855520248413,7.274303913116455
4279,2149.0,219900.0,-6.5277276039123535,-0.8022855520248413,7.274303913116455
4280,2150.0,220000.0,-6.533507347106934,-0.7907070517539978,7.270382404327393
4281,2151.0,220100.0,-6.533507347106934,-0.7907070517539978,7.270382404327393
4282,2152.0,220200.0,-6.543993949890138,-0.8060831427574158,7.259253978729247
4283,2153.0,220300.0,-6.543993949890138,-0.8060831427574158,7.259253978729247
4284,2154.0,220400.0,-6.5303711891174325,-0.8016831874847412,7.271998405456543
4285,2155.0,220500.0,-6.5303711891174325,-0.8016831874847412,7.271998405456543
4286,2156.0,220600.0,-6.539633274078369,-0.8168678879737854,7.261977195739746
4287,2157.0,220700.0,-6.5472869873046875,-0.8104995489120483,7.255792140960692
4288,2158.0,220800.0,-6.5472869873046875,-0.8104995489120483,7.255792140960692
4289,2159.0,220900.0,-6.521975994110107,-0.7994035482406616,7.279778480529785
4290,2145.0,219500.0,-6.544643878936768,-0.8259764909744263,7.256430625915527
4291,2146.0,219600.0,-6.544643878936768,-0.8259764909744263,7.256430625915527
4292,2147.0,219700.0,-6.523289680480957,-0.7999886274337769,7.278536319732666
4293,2148.0,219800.0,-6.5277276039123535,-0.8022855520248413,7.274303913116455
4294,2149.0,219900.0,-6.5277276039123535,-0.8022855520248413,7.274303913116455
4295,2150.0,220000.0,-6.533507347106934,-0.7907070517539978,7.270382404327393
4296,2151.0,220100.0,-6.533507347106934,-0.7907070517539978,7.270382404327393
4297,2152.0,220200.0,-6.543993949890138,-0.8060831427574158,7.259253978729247
4298,2153.0,220300.0,-6.543993949890138,-0.8060831427574158,7.259253978729247
4299,2154.0,220400.0,-6.5303711891174325,-0.8016831874847412,7.271998405456543
4300,2155.0,220500.0,-6.5303711891174325,-0.8016831874847412,7.271998405456543
4301,2156.0,220600.0,-6.539633274078369,-0.8168678879737854,7.261977195739746
4302,2157.0,220700.0,-6.5472869873046875,-0.8104995489120483,7.255792140960692
4303,2158.0,220800.0,-6.5472869873046875,-0.8104995489120483,7.255792140960692
4304,2159.0,220900.0,-6.521975994110107,-0.7994035482406616,7.279778480529785
4305,2160.0,221000.0,-6.521975994110107,-0.7994035482406616,7.279778480529785
4306,2161.0,221100.0,-6.499164581298827,-0.7992521524429321,7.300167560577393
4307,2162.0,221200.0,-6.499164581298827,-0.7992521524429321,7.300167560577393
4308,2163.0,221300.0,-6.492227554321289,-0.8146806359291077,7.304633617401122
4309,2164.0,221400.0,-6.492227554321289,-0.8146806359291077,7.304633617401122
4310,2165.0,221500.0,-6.492523193359375,-0.8155608773231506,7.304272174835205
4311,2166.0,221600.0,-6.492523193359375,-0.8155608773231506,7.304272174835205
4312,2167.0,221700.0,-6.5094428062438965,-0.8323086500167847,7.287303447723389
4313,2168.0,221800.0,-6.505407333374023,-0.8300821781158447,7.291160106658935
4314,2169.0,221900.0,-6.505407333374023,-0.8300821781158447,7.291160106658935
4315,2170.0,222000.0,-6.5093421936035165,-0.8380830883979797,7.286731719970702
4316,2171.0,222100.0,-6.5093421936035165,-0.8380830883979797,7.286731719970702
4317,2172.0,222200.0,-6.515620231628418,-0.816188395023346,7.28360652923584
4318,2173.0,222300.0,-6.515620231628418,-0.816188395023346,7.28360652923584
4319,2174.0,222400.0,-6.541553974151611,-0.8119538426399231,7.260798454284668
4320,2160.0,221000.0,-6.521975994110107,-0.7994035482406616,7.279778480529785
4321,2161.0,221100.0,-6.499164581298827,-0.7992521524429321,7.300167560577393
4322,2162.0,221200.0,-6.499164581298827,-0.7992521524429321,7.300167560577393
4323,2163.0,221300.0,-6.492227554321289,-0.8146806359291077,7.304633617401122
4324,2164.0,221400.0,-6.492227554321289,-0.8146806359291077,7.304633617401122
4325,2165.0,221500.0,-6.492523193359375,-0.8155608773231506,7.304272174835205
4326,2166.0,221600.0,-6.492523193359375,-0.8155608773231506,7.304272174835205
4327,2167.0,221700.0,-6.5094428062438965,-0.8323086500167847,7.287303447723389
4328,2168.0,221800.0,-6.505407333374023,-0.8300821781158447,7.291160106658935
4329,2169.0,221900.0,-6.505407333374023,-0.8300821781158447,7.291160106658935
4330,2170.0,222000.0,-6.5093421936035165,-0.8380830883979797,7.286731719970702
4331,2171.0,222100.0,-6.5093421936035165,-0.8380830883979797,7.286731719970702
4332,2172.0,222200.0,-6.515620231628418,-0.816188395023346,7.28360652923584
4333,2173.0,222300.0,-6.515620231628418,-0.816188395023346,7.28360652923584
4334,2174.0,222400.0,-6.541553974151611,-0.8119538426399231,7.260798454284668
4335,2175.0,222500.0,-6.516052722930907,-0.7794780731201172,7.287240505218506
4336,2176.0,222600.0,-6.516052722930907,-0.7794780731201172,7.287240505218506
4337,2177.0,222700.0,-6.5324273109436035,-0.7906596660614014,7.271357536315918
4338,2178.0,222800.0,-6.5324273109436035,-0.7906596660614014,7.271357536315918
4339,2179.0,222900.0,-6.525015830993652,-0.7842386960983276,7.2787041664123535
4340,2180.0,223000.0,-6.525015830993652,-0.7842386960983276,7.2787041664123535
4341,2181.0,223100.0,-6.527949810028076,-0.8092954158782959,7.273327350616455
4342,2182.0,223200.0,-6.527949810028076,-0.8092954158782959,7.273327350616455
4343,2183.0,223300.0,-6.519824981689452,-0.8069567680358887,7.280871868133545
4344,2184.0,223400.0,-6.519824981689452,-0.8069567680358887,7.280871868133545
4345,2185.0,223500.0,-6.524755001068115,-0.8184057474136353,7.275176048278809
4346,2186.0,223600.0,-6.565793991088867,-0.85835200548172,7.233530044555664
4347,2187.0,223700.0,-6.565793991088867,-0.85835200548172,7.233530044555664
4348,2188.0,223800.0,-6.572781562805176,-0.8467635512351991,7.228549480438232
4349,2189.0,223900.0,-6.572781562805176,-0.8467635512351991,7.228549480438232
4350,2175.0,222500.0,-6.516052722930907,-0.7794780731201172,7.287240505218506
4351,2176.0,222600.0,-6.516052722930907,-0.7794780731201172,7.287240505218506
4352,2177.0,222700.0,-6.5324273109436035,-0.7906596660614014,7.271357536315918
4353,2178.0,222800.0,-6.5324273109436035,-0.7906596660614014,7.271357536315918
4354,2179.0,222900.0,-6.525015830993652,-0.7842386960983276,7.2787041664123535
4355,2180.0,223000.0,-6.525015830993652,-0.7842386960983276,7.2787041664123535
4356,2181.0,223100.0,-6.527949810028076,-0.8092954158782959,7.273327350616455
4357,2182.0,223200.0,-6.527949810028076,-0.8092954158782959,7.273327350616455
4358,2183.0,223300.0,-6.519824981689452,-0.8069567680358887,7.280871868133545
4359,2184.0,223400.0,-6.519824981689452,-0.8069567680358887,7.280871868133545
4360,2185.0,223500.0,-6.524755001068115,-0.8184057474136353,7.275176048278809
4361,2186.0,223600.0,-6.565793991088867,-0.85835200548172,7.233530044555664
4362,2187.0,223700.0,-6.565793991088867,-0.85835200548172,7.233530044555664
4363,2188.0,223800.0,-6.572781562805176,-0.8467635512351991,7.228549480438232
4364,2189.0,223900.0,-6.572781562805176,-0.8467635512351991,7.228549480438232
4365,2190.0,224000.0,-6.5055909156799325,-0.9865589737892152,7.271476745605469
4366,2191.0,224100.0,-6.5055909156799325,-0.9865589737892152,7.271476745605469
4367,2192.0,224200.0,-6.50678014755249,-0.9548118710517884,7.274649620056152
4368,2193.0,224300.0,-6.50678014755249,-0.9548118710517884,7.274649620056152
4369,2194.0,224400.0,-6.616568088531494,-0.9699135422706604,7.172913074493407
4370,2195.0,224500.0,-6.532436847686768,-1.0089932680130005,7.2442803382873535
4371,2196.0,224600.0,-6.532436847686768,-1.0089932680130005,7.2442803382873535
4372,2197.0,224700.0,-6.458782196044923,-0.9553104639053344,7.3172340393066415
4373,2198.0,224800.0,-6.458782196044923,-0.9553104639053344,7.3172340393066415
4374,2199.0,224900.0,-6.462977409362793,-0.9692176580429076,7.311697959899902
4375,2200.0,225000.0,-6.462977409362793,-0.9692176580429076,7.311697959899902
4376,2201.0,225100.0,-6.442621231079103,-0.9061924815177916,7.337699890136719
4377,2202.0,225200.0,-6.442621231079103,-0.9061924815177916,7.337699890136719
4378,2203.0,225300.0,-6.466536521911621,-0.9076745510101318,7.31644868850708
4379,2204.0,225400.0,-6.465878486633301,-0.9069198966026306,7.3171234130859375
4380,2190.0,224000.0,-6.5055909156799325,-0.9865589737892152,7.271476745605469
4381,2191.0,224100.0,-6.5055909156799325,-0.9865589737892152,7.271476745605469
4382,2192.0,224200.0,-6.50678014755249,-0.9548118710517884,7.274649620056152
4383,2193.0,224300.0,-6.50678014755249,-0.9548118710517884,7.274649620056152
4384,2194.0,224400.0,-6.616568088531494,-0.9699135422706604,7.172913074493407
4385,2195.0,224500.0,-6.532436847686768,-1.0089932680130005,7.2442803382873535
4386,2196.0,224600.0,-6.532436847686768,-1.0089932680130005,7.2442803382873535
4387,2197.0,224700.0,-6.458782196044923,-0.9553104639053344,7.3172340393066415
4388,2198.0,224800.0,-6.458782196044923,-0.9553104639053344,7.3172340393066415
4389,2199.0,224900.0,-6.462977409362793,-0.9692176580429076,7.311697959899902
4390,2200.0,225000.0,-6.462977409362793,-0.9692176580429076,7.311697959899902
4391,2201.0,225100.0,-6.442621231079103,-0.9061924815177916,7.337699890136719
4392,2202.0,225200.0,-6.442621231079103,-0.9061924815177916,7.337699890136719
4393,2203.0,225300.0,-6.466536521911621,-0.9076745510101318,7.31644868850708
4394,2204.0,225400.0,-6.465878486633301,-0.9069198966026306,7.3171234130859375
4395,2205.0,225500.0,-6.465878486633301,-0.9069198966026306,7.3171234130859375
4396,2206.0,225600.0,-6.460391044616699,-0.8943529725074768,7.323514461517334
4397,2207.0,225700.0,-6.460391044616699,-0.8943529725074768,7.323514461517334
4398,2208.0,225800.0,-6.4607834815979,-0.8907955884933472,7.323601722717285
4399,2209.0,225900.0,-6.4607834815979,-0.8907955884933472,7.323601722717285
4400,2210.0,226000.0,-6.466867923736572,-0.8800705075263977,7.319527626037598
4401,2211.0,226100.0,-6.466867923736572,-0.8800705075263977,7.319527626037598
4402,2212.0,226200.0,-6.4625606536865225,-0.8903811573982239,7.322083950042725
4403,2213.0,226300.0,-6.462480068206787,-0.8737696409225464,7.324156284332275
4404,2214.0,226400.0,-6.462480068206787,-0.8737696409225464,7.324156284332275
4405,2215.0,226500.0,-6.455393314361572,-0.8776488304138184,7.3299407958984375
4406,2216.0,226600.0,-6.455393314361572,-0.8776488304138184,7.3299407958984375
4407,2217.0,226700.0,-6.461818218231201,-0.8923851847648621,7.32249641418457
4408,2218.0,226800.0,-6.461818218231201,-0.8923851847648621,7.32249641418457
4409,2219.0,226900.0,-6.4548115730285645,-0.8930454254150391,7.328592300415039
4410,2205.0,225500.0,-6.465878486633301,-0.9069198966026306,7.3171234130859375
4411,2206.0,225600.0,-6.460391044616699,-0.8943529725074768,7.323514461517334
4412,2207.0,225700.0,-6.460391044616699,-0.8943529725074768,7.323514461517334
4413,2208.0,225800.0,-6.4607834815979,-0.8907955884933472,7.323601722717285
4414,2209.0,225900.0,-6.4607834815979,-0.8907955884933472,7.323601722717285
4415,2210.0,226000.0,-6.466867923736572,-0.8800705075263977,7.319527626037598
4416,2211.0,226100.0,-6.466867923736572,-0.8800705075263977,7.319527626037598
4417,2212.0,226200.0,-6.4625606536865225,-0.8903811573982239,7.322083950042725
4418,2213.0,226300.0,-6.462480068206787,-0.8737696409225464,7.324156284332275
4419,2214.0,226400.0,-6.462480068206787,-0.8737696409225464,7.324156284332275
4420,2215.0,226500.0,-6.455393314361572,-0.8776488304138184,7.3299407958984375
4421,2216.0,226600.0,-6.455393314361572,-0.8776488304138184,7.3299407958984375
4422,2217.0,226700.0,-6.461818218231201,-0.8923851847648621,7.32249641418457
4423,2218.0,226800.0,-6.461818218231201,-0.8923851847648621,7.32249641418457
4424,2219.0,226900.0,-6.4548115730285645,-0.8930454254150391,7.328592300415039
4425,2220.0,227000.0,-6.4548115730285645,-0.8930454254150391,7.328592300415039
4426,2221.0,227100.0,-6.4720191955566415,-0.8877338767051697,7.314047336578369
4427,2222.0,227200.0,-6.472858905792236,-0.8931260704994202,7.312647342681885
4428,2223.0,227300.0,-6.472858905792236,-0.8931260704994202,7.312647342681885
4429,2224.0,227400.0,-6.463868618011475,-0.8862488865852356,7.321431159973144
4430,2225.0,227500.0,-6.463868618011475,-0.8862488865852356,7.321431159973144
4431,2226.0,227600.0,-6.471208095550537,-0.8422799706459045,7.320137977600098
4432,2227.0,227700.0,-6.471208095550537,-0.8422799706459045,7.320137977600098
4433,2228.0,227800.0,-6.496294975280763,-0.8543912768363953,7.296475410461426
4434,2229.0,227900.0,-6.496294975280763,-0.8543912768363953,7.296475410461426
4435,2230.0,228000.0,-6.476107120513916,-0.8546297550201416,7.314372539520264
4436,2231.0,228100.0,-6.478989124298098,-0.853281557559967,7.311976909637451
4437,2232.0,228200.0,-6.478989124298098,-0.853281557559967,7.311976909637451
4438,2233.0,228300.0,-6.478610515594482,-0.8466440439224243,7.313083171844482
4439,2234.0,228400.0,-6.478610515594482,-0.8466440439224243,7.313083171844482
4440,2220.0,227000.0,-6.4548115730285645,-0.8930454254150391,7.328592300415039
4441,2221.0,227100.0,-6.4720191955566415,-0.8877338767051697,7.314047336578369
4442,2222.0,227200.0,-6.472858905792236,-0.8931260704994202,7.312647342681885
4443,2223.0,227300.0,-6.472858905792236,-0.8931260704994202,7.312647342681885
4444,2224.0,227400.0,-6.463868618011475,-0.8862488865852356,7.321431159973144
4445,2225.0,227500.0,-6.463868618011475,-0.8862488865852356,7.321431159973144
4446,2226.0,227600.0,-6.471208095550537,-0.8422799706459045,7.320137977600098
4447,2227.0,227700.0,-6.471208095550537,-0.8422799706459045,7.320137977600098
4448,2228.0,227800.0,-6.496294975280763,-0.8543912768363953,7.296475410461426
4449,2229.0,227900.0,-6.496294975280763,-0.8543912768363953,7.296475410461426
4450,2230.0,228000.0,-6.476107120513916,-0.8546297550201416,7.314372539520264
4451,2231.0,228100.0,-6.478989124298098,-0.853281557559967,7.311976909637451
4452,2232.0,228200.0,-6.478989124298098,-0.853281557559967,7.311976909637451
4453,2233.0,228300.0,-6.478610515594482,-0.8466440439224243,7.313083171844482
4454,2234.0,228400.0,-6.478610515594482,-0.8466440439224243,7.313083171844482
4455,2235.0,228500.0,-6.4740962982177725,-0.8724018335342407,7.314054012298584
4456,2236.0,228600.0,-6.4740962982177725,-0.8724018335342407,7.314054012298584
4457,2237.0,228700.0,-6.475893020629883,-0.8499021530151367,7.3151116371154785
4458,2238.0,228800.0,-6.475893020629883,-0.8499021530151367,7.3151116371154785
4459,2239.0,228900.0,-6.467741012573242,-0.8404282331466675,7.323413848876952
4460,2240.0,229000.0,-6.463224411010742,-0.8474220037460327,7.326594829559326
4461,2241.0,229100.0,-6.463224411010742,-0.8474220037460327,7.326594829559326
4462,2242.0,229200.0,-6.473045825958253,-0.8365384936332703,7.31917142868042
4463,2243.0,229300.0,-6.473045825958253,-0.8365384936332703,7.31917142868042
4464,2244.0,229400.0,-6.466033458709718,-0.8298881053924559,7.326123237609862
4465,2245.0,229500.0,-6.466033458709718,-0.8298881053924559,7.326123237609862
4466,2246.0,229600.0,-6.456545829772949,-0.8434218168258667,7.332942485809326
4467,2247.0,229700.0,-6.456545829772949,-0.8434218168258667,7.332942485809326
4468,2248.0,229800.0,-6.450376033782959,-0.8478516340255737,7.337859153747559
4469,2249.0,229900.0,-6.436129093170166,-0.8677598834037781,7.3480353355407715
4470,2235.0,228500.0,-6.4740962982177725,-0.8724018335342407,7.314054012298584
4471,2236.0,228600.0,-6.4740962982177725,-0.8724018335342407,7.314054012298584
4472,2237.0,228700.0,-6.475893020629883,-0.8499021530151367,7.3151116371154785
4473,2238.0,228800.0,-6.475893020629883,-0.8499021530151367,7.3151116371154785
4474,2239.0,228900.0,-6.467741012573242,-0.8404282331466675,7.323413848876952
4475,2240.0,229000.0,-6.463224411010742,-0.8474220037460327,7.326594829559326
4476,2241.0,229100.0,-6.463224411010742,-0.8474220037460327,7.326594829559326
4477,2242.0,229200.0,-6.473045825958253,-0.8365384936332703,7.31917142868042
4478,2243.0,229300.0,-6.473045825958253,-0.8365384936332703,7.31917142868042
4479,2244.0,229400.0,-6.466033458709718,-0.8298881053924559,7.326123237609862
4480,2245.0,229500.0,-6.466033458709718,-0.8298881053924559,7.326123237609862
4481,2246.0,229600.0,-6.456545829772949,-0.8434218168258667,7.332942485809326
4482,2247.0,229700.0,-6.456545829772949,-0.8434218168258667,7.332942485809326
4483,2248.0,229800.0,-6.450376033782959,-0.8478516340255737,7.337859153747559
4484,2249.0,229900.0,-6.436129093170166,-0.8677598834037781,7.3480353355407715
4485,2250.0,230000.0,-6.436129093170166,-0.8677598834037781,7.3480353355407715
4486,2251.0,230100.0,-6.4240241050720215,-0.8820701241493225,7.3569183349609375
4487,2252.0,230200.0,-6.4240241050720215,-0.8820701241493225,7.3569183349609375
4488,2253.0,230300.0,-6.421468734741211,-0.8859031200408936,7.358688831329348
4489,2254.0,230400.0,-6.421468734741211,-0.8859031200408936,7.358688831329348
4490,2255.0,230500.0,-6.419246196746826,-0.8813640475273132,7.361172676086426
4491,2256.0,230600.0,-6.419246196746826,-0.8813640475273132,7.361172676086426
4492,2257.0,230700.0,-6.410171031951902,-0.8735045790672302,7.3700127601623535
4493,2258.0,230800.0,-6.402318000793457,-0.8950839638710022,7.374248027801514
4494,2259.0,230900.0,-6.402318000793457,-0.8950839638710022,7.374248027801514
4495,2260.0,231000.0,-6.393162727355957,-0.8481655120849609,7.38772439956665
4496,2261.0,231100.0,-6.393162727355957,-0.8481655120849609,7.38772439956665
4497,2262.0,231200.0,-6.398508548736572,-0.7842583060264587,7.390156745910644
4498,2263.0,231300.0,-6.398508548736572,-0.7842583060264587,7.390156745910644
4499,2264.0,231400.0,-6.395148754119872,-0.8382883071899414,7.38713264465332
4500,2250.0,230000.0,-6.436129093170166,-0.8677598834037781,7.3480353355407715
4501,2251.0,230100.0,-6.4240241050720215,-0.8820701241493225,7.3569183349609375
4502,2252.0,230200.0,-6.4240241050720215,-0.8820701241493225,7.3569183349609375
4503,2253.0,230300.0,-6.421468734741211,-0.8859031200408936,7.358688831329348
4504,2254.0,230400.0,-6.421468734741211,-0.8859031200408936,7.358688831329348
4505,2255.0,230500.0,-6.419246196746826,-0.8813640475273132,7.361172676086426
4506,2256.0,230600.0,-6.419246196746826,-0.8813640475273132,7.361172676086426
4507,2257.0,230700.0,-6.410171031951902,-0.8735045790672302,7.3700127601623535
4508,2258.0,230800.0,-6.402318000793457,-0.8950839638710022,7.374248027801514
4509,2259.0,230900.0,-6.402318000793457,-0.8950839638710022,7.374248027801514
4510,2260.0,231000.0,-6.393162727355957,-0.8481655120849609,7.38772439956665
4511,2261.0,231100.0,-6.393162727355957,-0.8481655120849609,7.38772439956665
4512,2262.0,231200.0,-6.398508548736572,-0.7842583060264587,7.390156745910644
4513,2263.0,231300.0,-6.398508548736572,-0.7842583060264587,7.390156745910644
4514,2264.0,231400.0,-6.395148754119872,-0.8382883071899414,7.38713264465332
4515,2265.0,231500.0,-6.395148754119872,-0.8382883071899414,7.38713264465332
4516,2266.0,231600.0,-6.405851364135742,-0.8196654319763184,7.379946708679199
4517,2267.0,231700.0,-6.380361557006836,-0.7652835249900818,7.407814979553223
4518,2268.0,231800.0,-6.380361557006836,-0.7652835249900818,7.407814979553223
4519,2269.0,231900.0,-6.37921142578125,-0.731514573097229,7.412214756011963
4520,2270.0,232000.0,-6.37921142578125,-0.731514573097229,7.412214756011963
4521,2271.0,232100.0,-6.369719982147218,-0.7195870876312256,7.421540260314941
4522,2272.0,232200.0,-6.369719982147218,-0.7195870876312256,7.421540260314941
4523,2273.0,232300.0,-6.385986328125,-0.7116548418998718,7.408313751220702
4524,2274.0,232400.0,-6.385986328125,-0.7116548418998718,7.408313751220702
4525,2275.0,232500.0,-6.389596939086914,-0.7228603959083557,7.404114723205566
4526,2276.0,232600.0,-6.395750999450684,-0.7075640559196472,7.400278091430664
4527,2277.0,232700.0,-6.395750999450684,-0.7075640559196472,7.400278091430664
4528,2278.0,232800.0,-6.389833450317383,-0.7359086871147156,7.402626037597656
4529,2279.0,232900.0,-6.389833450317383,-0.7359086871147156,7.402626037597656
4530,2265.0,231500.0,-6.395148754119872,-0.8382883071899414,7.38713264465332
4531,2266.0,231600.0,-6.405851364135742,-0.8196654319763184,7.379946708679199
4532,2267.0,231700.0,-6.380361557006836,-0.7652835249900818,7.407814979553223
4533,2268.0,231800.0,-6.380361557006836,-0.7652835249900818,7.407814979553223
4534,2269.0,231900.0,-6.37921142578125,-0.731514573097229,7.412214756011963
4535,2270.0,232000.0,-6.37921142578125,-0.731514573097229,7.412214756011963
4536,2271.0,232100.0,-6.369719982147218,-0.7195870876312256,7.421540260314941
4537,2272.0,232200.0,-6.369719982147218,-0.7195870876312256,7.421540260314941
4538,2273.0,232300.0,-6.385986328125,-0.7116548418998718,7.408313751220702
4539,2274.0,232400.0,-6.385986328125,-0.7116548418998718,7.408313751220702
4540,2275.0,232500.0,-6.389596939086914,-0.7228603959083557,7.404114723205566
4541,2276.0,232600.0,-6.395750999450684,-0.7075640559196472,7.400278091430664
4542,2277.0,232700.0,-6.395750999450684,-0.7075640559196472,7.400278091430664
4543,2278.0,232800.0,-6.389833450317383,-0.7359086871147156,7.402626037597656
4544,2279.0,232900.0,-6.389833450317383,-0.7359086871147156,7.402626037597656
4545,2280.0,233000.0,-6.382211208343506,-0.6918494701385498,7.4134416580200195
4546,2281.0,233100.0,-6.382211208343506,-0.6918494701385498,7.4134416580200195
4547,2282.0,233200.0,-6.384867191314697,-0.7140098810195923,7.409051895141602
4548,2283.0,233300.0,-6.384867191314697,-0.7140098810195923,7.409051895141602
4549,2284.0,233400.0,-6.3766913414001465,-0.6952551603317261,7.417870998382567
4550,2285.0,233500.0,-6.383755207061768,-0.6950152516365051,7.411816120147705
4551,2286.0,233600.0,-6.383755207061768,-0.6950152516365051,7.411816120147705
4552,2287.0,233700.0,-6.396620750427246,-0.6963175535202026,7.400592803955077
4553,2288.0,233800.0,-6.396620750427246,-0.6963175535202026,7.400592803955077
4554,2289.0,233900.0,-6.411581039428711,-0.6957917809486389,7.387684822082519
4555,2290.0,234000.0,-6.411581039428711,-0.6957917809486389,7.387684822082519
4556,2291.0,234100.0,-6.4121994972229,-0.7081064581871033,7.3859782218933105
4557,2292.0,234200.0,-6.4121994972229,-0.7081064581871033,7.3859782218933105
4558,2293.0,234300.0,-6.418662071228027,-0.706996500492096,7.38046932220459
4559,2294.0,234400.0,-6.4169745445251465,-0.739858865737915,7.378715515136719
4560,2280.0,233000.0,-6.382211208343506,-0.6918494701385498,7.4134416580200195
4561,2281.0,233100.0,-6.382211208343506,-0.6918494701385498,7.4134416580200195
4562,2282.0,233200.0,-6.384867191314697,-0.7140098810195923,7.409051895141602
4563,2283.0,233300.0,-6.384867191314697,-0.7140098810195923,7.409051895141602
4564,2284.0,233400.0,-6.3766913414001465,-0.6952551603317261,7.417870998382567
4565,2285.0,233500.0,-6.383755207061768,-0.6950152516365051,7.411816120147705
4566,2286.0,233600.0,-6.383755207061768,-0.6950152516365051,7.411816120147705
4567,2287.0,233700.0,-6.396620750427246,-0.6963175535202026,7.400592803955077
4568,2288.0,233800.0,-6.396620750427246,-0.6963175535202026,7.400592803955077
4569,2289.0,233900.0,-6.411581039428711,-0.6957917809486389,7.387684822082519
4570,2290.0,234000.0,-6.411581039428711,-0.6957917809486389,7.387684822082519
4571,2291.0,234100.0,-6.4121994972229,-0.7081064581871033,7.3859782218933105
4572,2292.0,234200.0,-6.4121994972229,-0.7081064581871033,7.3859782218933105
4573,2293.0,234300.0,-6.418662071228027,-0.706996500492096,7.38046932220459
4574,2294.0,234400.0,-6.4169745445251465,-0.739858865737915,7.378715515136719
4575,2295.0,234500.0,-6.4169745445251465,-0.739858865737915,7.378715515136719
4576,2296.0,234600.0,-6.415209770202638,-0.7299076914787292,7.381239891052246
4577,2297.0,234700.0,-6.415209770202638,-0.7299076914787292,7.381239891052246
4578,2298.0,234800.0,-6.40797758102417,-0.7518591284751892,7.385318279266357
4579,2299.0,234900.0,-6.40797758102417,-0.7518591284751892,7.385318279266357
4580,2300.0,235000.0,-6.424652576446532,-0.7435852289199829,7.3716559410095215
4581,2301.0,235100.0,-6.424652576446532,-0.7435852289199829,7.3716559410095215
4582,2302.0,235200.0,-6.408895015716553,-0.7659493088722229,7.383073806762695
4583,2303.0,235300.0,-6.418149471282959,-0.7571437954902649,7.37593936920166
4584,2304.0,235400.0,-6.418149471282959,-0.7571437954902649,7.37593936920166
4585,2305.0,235500.0,-6.41724157333374,-0.7494894862174988,7.377510070800781
4586,2306.0,235600.0,-6.41724157333374,-0.7494894862174988,7.377510070800781
4587,2307.0,235700.0,-6.417713642120361,-0.7559133768081665,7.376444339752197
4588,2308.0,235800.0,-6.417713642120361,-0.7559133768081665,7.376444339752197
4589,2309.0,235900.0,-6.416018486022949,-0.7544540762901306,7.378067970275879
4590,2295.0,234500.0,-6.4169745445251465,-0.739858865737915,7.378715515136719
4591,2296.0,234600.0,-6.415209770202638,-0.7299076914787292,7.381239891052246
4592,2297.0,234700.0,-6.415209770202638,-0.7299076914787292,7.381239891052246
4593,2298.0,234800.0,-6.40797758102417,-0.7518591284751892,7.385318279266357
4594,2299.0,234900.0,-6.40797758102417,-0.7518591284751892,7.385318279266357
4595,2300.0,235000.0,-6.424652576446532,-0.7435852289199829,7.3716559410095215
4596,2301.0,235100.0,-6.424652576446532,-0.7435852289199829,7.3716559410095215
4597,2302.0,235200.0,-6.408895015716553,-0.7659493088722229,7.383073806762695
4598,2303.0,235300.0,-6.418149471282959,-0.7571437954902649,7.37593936920166
4599,2304.0,235400.0,-6.418149471282959,-0.7571437954902649,7.37593936920166
4600,2305.0,235500.0,-6.41724157333374,-0.7494894862174988,7.377510070800781
4601,2306.0,235600.0,-6.41724157333374,-0.7494894862174988,7.377510070800781
4602,2307.0,235700.0,-6.417713642120361,-0.7559133768081665,7.376444339752197
4603,2308.0,235800.0,-6.417713642120361,-0.7559133768081665,7.376444339752197
4604,2309.0,235900.0,-6.416018486022949,-0.7544540762901306,7.378067970275879
4605,2310.0,236000.0,-6.416018486022949,-0.7544540762901306,7.378067970275879
4606,2311.0,236100.0,-6.39916467666626,-0.7550456523895264,7.39263105392456
4607,2312.0,236200.0,-6.406790256500244,-0.7570981979370117,7.385812282562256
4608,2313.0,236300.0,-6.406790256500244,-0.7570981979370117,7.385812282562256
4609,2314.0,236400.0,-6.42133378982544,-0.7655500769615173,7.372298717498777
4610,2315.0,236500.0,-6.42133378982544,-0.7655500769615173,7.372298717498777
4611,2316.0,236600.0,-6.409409046173098,-0.7390703558921814,7.385366439819336
4612,2317.0,236700.0,-6.409409046173098,-0.7390703558921814,7.385366439819336
4613,2318.0,236800.0,-6.414927959442139,-0.7641139030456543,7.378023147583008
4614,2319.0,236900.0,-6.414927959442139,-0.7641139030456543,7.378023147583008
4615,2320.0,237000.0,-6.417815685272218,-0.7571978569030762,7.376224040985107
4616,2321.0,237100.0,-6.417135238647461,-0.7421134114265442,7.378349304199219
4617,2322.0,237200.0,-6.417135238647461,-0.7421134114265442,7.378349304199219
4618,2323.0,237300.0,-6.415179252624513,-0.7609376311302185,7.378131866455077
4619,2324.0,237400.0,-6.415179252624513,-0.7609376311302185,7.378131866455077
4620,2310.0,236000.0,-6.416018486022949,-0.7544540762901306,7.378067970275879
4621,2311.0,236100.0,-6.39916467666626,-0.7550456523895264,7.39263105392456
4622,2312.0,236200.0,-6.406790256500244,-0.7570981979370117,7.385812282562256
4623,2313.0,236300.0,-6.406790256500244,-0.7570981979370117,7.385812282562256
4624,2314.0,236400.0,-6.42133378982544,-0.7655500769615173,7.372298717498777
4625,2315.0,236500.0,-6.42133378982544,-0.7655500769615173,7.372298717498777
4626,2316.0,236600.0,-6.409409046173098,-0.7390703558921814,7.385366439819336
4627,2317.0,236700.0,-6.409409046173098,-0.7390703558921814,7.385366439819336
4628,2318.0,236800.0,-6.414927959442139,-0.7641139030456543,7.378023147583008
4629,2319.0,236900.0,-6.414927959442139,-0.7641139030456543,7.378023147583008
4630,2320.0,237000.0,-6.417815685272218,-0.7571978569030762,7.376224040985107
4631,2321.0,237100.0,-6.417135238647461,-0.7421134114265442,7.378349304199219
4632,2322.0,237200.0,-6.417135238647461,-0.7421134114265442,7.378349304199219
4633,2323.0,237300.0,-6.415179252624513,-0.7609376311302185,7.378131866455077
4634,2324.0,237400.0,-6.415179252624513,-0.7609376311302185,7.378131866455077
4635,2325.0,237500.0,-6.413928508758545,-0.7510167956352234,7.380236148834228
4636,2326.0,237600.0,-6.413928508758545,-0.7510167956352234,7.380236148834228
4637,2327.0,237700.0,-6.412384033203125,-0.7530009746551514,7.381375312805176
4638,2328.0,237800.0,-6.412384033203125,-0.7530009746551514,7.381375312805176
4639,2329.0,237900.0,-6.40578556060791,-0.7567530274391174,7.386720180511475
4640,2330.0,238000.0,-6.398886203765869,-0.7533227801322937,7.39304780960083
4641,2331.0,238100.0,-6.398886203765869,-0.7533227801322937,7.39304780960083
4642,2332.0,238200.0,-6.395209312438965,-0.7692787647247314,7.394585609436035
4643,2333.0,238300.0,-6.395209312438965,-0.7692787647247314,7.394585609436035
4644,2334.0,238400.0,-6.401434898376465,-0.7428349852561951,7.39190149307251
4645,2335.0,238500.0,-6.401434898376465,-0.7428349852561951,7.39190149307251
4646,2336.0,238600.0,-6.406444072723389,-0.748315155506134,7.387007713317871
4647,2337.0,238700.0,-6.406444072723389,-0.748315155506134,7.387007713317871
4648,2338.0,238800.0,-6.42055082321167,-0.7446037530899048,7.375124931335449
4649,2339.0,238900.0,-6.422671794891357,-0.7431669831275941,7.3734235763549805
4650,2325.0,237500.0,-6.413928508758545,-0.7510167956352234,7.380236148834228
4651,2326.0,237600.0,-6.413928508758545,-0.7510167956352234,7.380236148834228
4652,2327.0,237700.0,-6.412384033203125,-0.7530009746551514,7.381375312805176
4653,2328.0,237800.0,-6.412384033203125,-0.7530009746551514,7.381375312805176
4654,2329.0,237900.0,-6.40578556060791,-0.7567530274391174,7.386720180511475
4655,2330.0,238000.0,-6.398886203765869,-0.7533227801322937,7.39304780960083
4656,2331.0,238100.0,-6.398886203765869,-0.7533227801322937,7.39304780960083
4657,2332.0,238200.0,-6.395209312438965,-0.7692787647247314,7.394585609436035
4658,2333.0,238300.0,-6.395209312438965,-0.7692787647247314,7.394585609436035
4659,2334.0,238400.0,-6.401434898376465,-0.7428349852561951,7.39190149307251
4660,2335.0,238500.0,-6.401434898376465,-0.7428349852561951,7.39190149307251
4661,2336.0,238600.0,-6.406444072723389,-0.748315155506134,7.387007713317871
4662,2337.0,238700.0,-6.406444072723389,-0.748315155506134,7.387007713317871
4663,2338.0,238800.0,-6.42055082321167,-0.7446037530899048,7.375124931335449
4664,2339.0,238900.0,-6.422671794891357,-0.7431669831275941,7.3734235763549805
4665,2340.0,239000.0,-6.422671794891357,-0.7431669831275941,7.3734235763549805
4666,2341.0,239100.0,-6.420870304107666,-0.7399474382400513,7.375316143035889
4667,2342.0,239200.0,-6.420870304107666,-0.7399474382400513,7.375316143035889
4668,2343.0,239300.0,-6.417062759399414,-0.7598857879638672,7.376603126525879
4669,2344.0,239400.0,-6.417062759399414,-0.7598857879638672,7.376603126525879
4670,2345.0,239500.0,-6.416222095489503,-0.7855693697929382,7.374643325805664
4671,2346.0,239600.0,-6.416222095489503,-0.7855693697929382,7.374643325805664
4672,2347.0,239700.0,-6.428317070007324,-0.7631161212921143,7.3664631843566895
4673,2348.0,239800.0,-6.423750877380371,-0.7786676287651062,7.368819236755371
4674,2349.0,239900.0,-6.423750877380371,-0.7786676287651062,7.368819236755371
4675,2350.0,240000.0,-6.439666271209718,-0.766067385673523,7.3562374114990225
4676,2351.0,240100.0,-6.439666271209718,-0.766067385673523,7.3562374114990225
4677,2352.0,240200.0,-6.434502601623535,-0.7576616406440735,7.361624717712402
4678,2353.0,240300.0,-6.434502601623535,-0.7576616406440735,7.361624717712402
4679,2354.0,240400.0,-6.42805814743042,-0.7663319110870361,7.366355419158935
4680,2340.0,239000.0,-6.422671794891357,-0.7431669831275941,7.3734235763549805
4681,2341.0,239100.0,-6.420870304107666,-0.7399474382400513,7.375316143035889
4682,2342.0,239200.0,-6.420870304107666,-0.7399474382400513,7.375316143035889
4683,2343.0,239300.0,-6.417062759399414,-0.7598857879638672,7.376603126525879
4684,2344.0,239400.0,-6.417062759399414,-0.7598857879638672,7.376603126525879
4685,2345.0,239500.0,-6.416222095489503,-0.7855693697929382,7.374643325805664
4686,2346.0,239600.0,-6.416222095489503,-0.7855693697929382,7.374643325805664
4687,2347.0,239700.0,-6.428317070007324,-0.7631161212921143,7.3664631843566895
4688,2348.0,239800.0,-6.423750877380371,-0.7786676287651062,7.368819236755371
4689,2349.0,239900.0,-6.423750877380371,-0.7786676287651062,7.368819236755371
4690,2350.0,240000.0,-6.439666271209718,-0.766067385673523,7.3562374114990225
4691,2351.0,240100.0,-6.439666271209718,-0.766067385673523,7.3562374114990225
4692,2352.0,240200.0,-6.434502601623535,-0.7576616406440735,7.361624717712402
4693,2353.0,240300.0,-6.434502601623535,-0.7576616406440735,7.361624717712402
4694,2354.0,240400.0,-6.42805814743042,-0.7663319110870361,7.366355419158935
4695,2355.0,240500.0,-6.42805814743042,-0.7663319110870361,7.366355419158935
4696,2356.0,240600.0,-6.440201282501223,-0.7621078491210938,7.356180191040039
4697,2357.0,240700.0,-6.428537845611572,-0.7596777081489563,7.366626262664795
4698,2358.0,240800.0,-6.428537845611572,-0.7596777081489563,7.366626262664795
4699,2359.0,240900.0,-6.422076225280763,-0.7526654601097107,7.372979164123535
4700,2360.0,241000.0,-6.422076225280763,-0.7526654601097107,7.372979164123535
4701,2361.0,241100.0,-6.4105634689331055,-0.7577928900718689,7.382467269897461
4702,2362.0,241200.0,-6.4105634689331055,-0.7577928900718689,7.382467269897461
4703,2363.0,241300.0,-6.399144172668457,-0.7619596719741821,7.391939163208008
4704,2364.0,241400.0,-6.399144172668457,-0.7619596719741821,7.391939163208008
4705,2365.0,241500.0,-6.410675525665282,-0.7576683759689331,7.382381916046143
4706,2366.0,241600.0,-6.409822940826416,-0.7740700840950012,7.381421089172362
4707,2367.0,241700.0,-6.409822940826416,-0.7740700840950012,7.381421089172362
4708,2368.0,241800.0,-6.3949713706970215,-0.7375766038894653,7.3980207443237305
4709,2369.0,241900.0,-6.3949713706970215,-0.7375766038894653,7.3980207443237305
4710,2355.0,240500.0,-6.42805814743042,-0.7663319110870361,7.366355419158935
4711,2356.0,240600.0,-6.440201282501223,-0.7621078491210938,7.356180191040039
4712,2357.0,240700.0,-6.428537845611572,-0.7596777081489563,7.366626262664795
4713,2358.0,240800.0,-6.428537845611572,-0.7596777081489563,7.366626262664795
4714,2359.0,240900.0,-6.422076225280763,-0.7526654601097107,7.372979164123535
4715,2360.0,241000.0,-6.422076225280763,-0.7526654601097107,7.372979164123535
4716,2361.0,241100.0,-6.4105634689331055,-0.7577928900718689,7.382467269897461
4717,2362.0,241200.0,-6.4105634689331055,-0.7577928900718689,7.382467269897461
4718,2363.0,241300.0,-6.399144172668457,-0.7619596719741821,7.391939163208008
4719,2364.0,241400.0,-6.399144172668457,-0.7619596719741821,7.391939163208008
4720,2365.0,241500.0,-6.410675525665282,-0.7576683759689331,7.382381916046143
4721,2366.0,241600.0,-6.409822940826416,-0.7740700840950012,7.381421089172362
4722,2367.0,241700.0,-6.409822940826416,-0.7740700840950012,7.381421089172362
4723,2368.0,241800.0,-6.3949713706970215,-0.7375766038894653,7.3980207443237305
4724,2369.0,241900.0,-6.3949713706970215,-0.7375766038894653,7.3980207443237305
4725,2370.0,242000.0,-6.3840980529785165,-0.7091588973999023,7.4101805686950675
4726,2371.0,242100.0,-6.3840980529785165,-0.7091588973999023,7.4101805686950675
4727,2372.0,242200.0,-6.406051158905027,-0.7897782325744629,7.383031368255615
4728,2373.0,242300.0,-6.406051158905027,-0.7897782325744629,7.383031368255615
4729,2374.0,242400.0,-6.401461601257324,-0.8144477009773254,7.384331226348878
4730,2375.0,242500.0,-6.401461601257324,-0.8144477009773254,7.384331226348878
4731,2376.0,242600.0,-6.420192241668701,-0.7437903881072998,7.375520706176758
4732,2377.0,242700.0,-6.400003433227539,-0.7245339155197144,7.39495849609375
4733,2378.0,242800.0,-6.400003433227539,-0.7245339155197144,7.39495849609375
4734,2379.0,242900.0,-6.40289831161499,-0.712433397769928,7.393626689910889
4735,2380.0,243000.0,-6.40289831161499,-0.712433397769928,7.393626689910889
4736,2381.0,243100.0,-6.411407470703125,-0.7180185317993164,7.385708808898926
4737,2382.0,243200.0,-6.411407470703125,-0.7180185317993164,7.385708808898926
4738,2383.0,243300.0,-6.408804416656494,-0.7080792784690857,7.388927459716798
4739,2384.0,243400.0,-6.396672248840332,-0.6976666450500488,7.400420665740968
4740,2370.0,242000.0,-6.3840980529785165,-0.7091588973999023,7.4101805686950675
4741,2371.0,242100.0,-6.3840980529785165,-0.7091588973999023,7.4101805686950675
4742,2372.0,242200.0,-6.406051158905027,-0.7897782325744629,7.383031368255615
4743,2373.0,242300.0,-6.406051158905027,-0.7897782325744629,7.383031368255615
4744,2374.0,242400.0,-6.401461601257324,-0.8144477009773254,7.384331226348878
4745,2375.0,242500.0,-6.401461601257324,-0.8144477009773254,7.384331226348878
4746,2376.0,242600.0,-6.420192241668701,-0.7437903881072998,7.375520706176758
4747,2377.0,242700.0,-6.400003433227539,-0.7245339155197144,7.39495849609375
4748,2378.0,242800.0,-6.400003433227539,-0.7245339155197144,7.39495849609375
4749,2379.0,242900.0,-6.40289831161499,-0.712433397769928,7.393626689910889
4750,2380.0,243000.0,-6.40289831161499,-0.712433397769928,7.393626689910889
4751,2381.0,243100.0,-6.411407470703125,-0.7180185317993164,7.385708808898926
4752,2382.0,243200.0,-6.411407470703125,-0.7180185317993164,7.385708808898926
4753,2383.0,243300.0,-6.408804416656494,-0.7080792784690857,7.388927459716798
4754,2384.0,243400.0,-6.396672248840332,-0.6976666450500488,7.400420665740968
4755,2385.0,243500.0,-6.396672248840332,-0.6976666450500488,7.400420665740968
4756,2386.0,243600.0,-6.40329122543335,-0.6884449124336243,7.395559310913086
4757,2387.0,243700.0,-6.40329122543335,-0.6884449124336243,7.395559310913086
4758,2388.0,243800.0,-6.395148754119872,-0.6965922713279724,7.401838779449463
4759,2389.0,243900.0,-6.395148754119872,-0.6965922713279724,7.401838779449463
4760,2390.0,244000.0,-6.404212474822997,-0.6876716017723083,7.394834041595459
4761,2391.0,244100.0,-6.404212474822997,-0.6876716017723083,7.394834041595459
4762,2392.0,244200.0,-6.399172306060791,-0.7070724964141846,7.397367000579834
4763,2393.0,244300.0,-6.399172306060791,-0.7070724964141846,7.397367000579834
4764,2394.0,244400.0,-6.396561145782473,-0.7058002352714539,7.399746894836426
4765,2395.0,244500.0,-6.408167362213135,-0.6991332173347473,7.390330791473389
4766,2396.0,244600.0,-6.408167362213135,-0.6991332173347473,7.390330791473389
4767,2397.0,244700.0,-6.406489849090576,-0.7061962485313416,7.391114234924316
4768,2398.0,244800.0,-6.406489849090576,-0.7061962485313416,7.391114234924316
4769,2399.0,244900.0,-6.42249870300293,-0.7036068439483643,7.37745475769043
4770,2385.0,243500.0,-6.396672248840332,-0.6976666450500488,7.400420665740968
4771,2386.0,243600.0,-6.40329122543335,-0.6884449124336243,7.395559310913086
4772,2387.0,243700.0,-6.40329122543335,-0.6884449124336243,7.395559310913086
4773,2388.0,243800.0,-6.395148754119872,-0.6965922713279724,7.401838779449463
4774,2389.0,243900.0,-6.395148754119872,-0.6965922713279724,7.401838779449463
4775,2390.0,244000.0,-6.404212474822997,-0.6876716017723083,7.394834041595459
4776,2391.0,244100.0,-6.404212474822997,-0.6876716017723083,7.394834041595459
4777,2392.0,244200.0,-6.399172306060791,-0.7070724964141846,7.397367000579834
4778,2393.0,244300.0,-6.399172306060791,-0.7070724964141846,7.397367000579834
4779,2394.0,244400.0,-6.396561145782473,-0.7058002352714539,7.399746894836426
4780,2395.0,244500.0,-6.408167362213135,-0.6991332173347473,7.390330791473389
4781,2396.0,244600.0,-6.408167362213135,-0.6991332173347473,7.390330791473389
4782,2397.0,244700.0,-6.406489849090576,-0.7061962485313416,7.391114234924316
4783,2398.0,244800.0,-6.406489849090576,-0.7061962485313416,7.391114234924316
4784,2399.0,244900.0,-6.42249870300293,-0.7036068439483643,7.37745475769043
4785,2400.0,245000.0,-6.42249870300293,-0.7036068439483643,7.37745475769043
4786,2401.0,245100.0,-6.4197325706481925,-0.7139613628387451,7.378867149353027
4787,2402.0,245200.0,-6.4197325706481925,-0.7139613628387451,7.378867149353027
4788,2403.0,245300.0,-6.422791004180907,-0.6986886858940125,7.37766695022583
4789,2404.0,245400.0,-6.401185989379883,-0.7321136593818665,7.393187522888184
4790,2405.0,245500.0,-6.401185989379883,-0.7321136593818665,7.393187522888184
4791,2406.0,245600.0,-6.433341503143311,-0.6713964939117432,7.371006488800049
4792,2407.0,245700.0,-6.433341503143311,-0.6713964939117432,7.371006488800049
4793,2408.0,245800.0,-6.4286417961120605,-0.6918371915817261,7.37321662902832
4794,2409.0,245900.0,-6.4286417961120605,-0.6918371915817261,7.37321662902832
4795,2410.0,246000.0,-6.427769184112549,-0.6745455861091614,7.375579357147218
4796,2411.0,246100.0,-6.427769184112549,-0.6745455861091614,7.375579357147218
4797,2412.0,246200.0,-6.446196556091309,-0.6872203350067139,7.358306407928468
4798,2413.0,246300.0,-6.448744773864746,-0.6891735196113586,7.3558902740478525
4799,2414.0,246400.0,-6.448744773864746,-0.6891735196113586,7.3558902740478525
4800,2400.0,245000.0,-6.42249870300293,-0.7036068439483643,7.37745475769043
4801,2401.0,245100.0,-6.4197325706481925,-0.7139613628387451,7.378867149353027
4802,2402.0,245200.0,-6.4197325706481925,-0.7139613628387451,7.378867149353027
4803,2403.0,245300.0,-6.422791004180907,-0.6986886858940125,7.37766695022583
4804,2404.0,245400.0,-6.401185989379883,-0.7321136593818665,7.393187522888184
4805,2405.0,245500.0,-6.401185989379883,-0.7321136593818665,7.393187522888184
4806,2406.0,245600.0,-6.433341503143311,-0.6713964939117432,7.371006488800049
4807,2407.0,245700.0,-6.433341503143311,-0.6713964939117432,7.371006488800049
4808,2408.0,245800.0,-6.4286417961120605,-0.6918371915817261,7.37321662902832
4809,2409.0,245900.0,-6.4286417961120605,-0.6918371915817261,7.37321662902832
4810,2410.0,246000.0,-6.427769184112549,-0.6745455861091614,7.375579357147218
4811,2411.0,246100.0,-6.427769184112549,-0.6745455861091614,7.375579357147218
4812,2412.0,246200.0,-6.446196556091309,-0.6872203350067139,7.358306407928468
4813,2413.0,246300.0,-6.448744773864746,-0.6891735196113586,7.3558902740478525
4814,2414.0,246400.0,-6.448744773864746,-0.6891735196113586,7.3558902740478525
4815,2415.0,246500.0,-6.43688440322876,-0.6876338720321655,7.366414546966553
4816,2416.0,246600.0,-6.43688440322876,-0.6876338720321655,7.366414546966553
4817,2417.0,246700.0,-6.439450740814209,-0.6905322670936584,7.363900184631348
4818,2418.0,246800.0,-6.439450740814209,-0.6905322670936584,7.363900184631348
4819,2419.0,246900.0,-6.4280595779418945,-0.6546998620033264,7.377113342285156
4820,2420.0,247000.0,-6.4280595779418945,-0.6546998620033264,7.377113342285156
4821,2421.0,247100.0,-6.439340114593506,-0.667327880859375,7.366136074066162
4822,2422.0,247200.0,-6.446189403533936,-0.6704583168029785,7.359858512878418
4823,2423.0,247300.0,-6.446189403533936,-0.6704583168029785,7.359858512878418
4824,2424.0,247400.0,-6.4531402587890625,-0.6624290347099304,7.354492664337157
4825,2425.0,247500.0,-6.4531402587890625,-0.6624290347099304,7.354492664337157
4826,2426.0,247600.0,-6.440929889678955,-0.6647706031799316,7.364977836608888
4827,2427.0,247700.0,-6.440929889678955,-0.6647706031799316,7.364977836608888
4828,2428.0,247800.0,-6.458348751068115,-0.6718103289604187,7.349067687988281
4829,2429.0,247900.0,-6.458348751068115,-0.6718103289604187,7.349067687988281
4830,2415.0,246500.0,-6.43688440322876,-0.6876338720321655,7.366414546966553
4831,2416.0,246600.0,-6.43688440322876,-0.6876338720321655,7.366414546966553
4832,2417.0,246700.0,-6.439450740814209,-0.6905322670936584,7.363900184631348
4833,2418.0,246800.0,-6.439450740814209,-0.6905322670936584,7.363900184631348
4834,2419.0,246900.0,-6.4280595779418945,-0.6546998620033264,7.377113342285156
4835,2420.0,247000.0,-6.4280595779418945,-0.6546998620033264,7.377113342285156
4836,2421.0,247100.0,-6.439340114593506,-0.667327880859375,7.366136074066162
4837,2422.0,247200.0,-6.446189403533936,-0.6704583168029785,7.359858512878418
4838,2423.0,247300.0,-6.446189403533936,-0.6704583168029785,7.359858512878418
4839,2424.0,247400.0,-6.4531402587890625,-0.6624290347099304,7.354492664337157
4840,2425.0,247500.0,-6.4531402587890625,-0.6624290347099304,7.354492664337157
4841,2426.0,247600.0,-6.440929889678955,-0.6647706031799316,7.364977836608888
4842,2427.0,247700.0,-6.440929889678955,-0.6647706031799316,7.364977836608888
4843,2428.0,247800.0,-6.458348751068115,-0.6718103289604187,7.349067687988281
4844,2429.0,247900.0,-6.458348751068115,-0.6718103289604187,7.349067687988281
4845,2430.0,248000.0,-6.4554057121276855,-0.7559259533882141,7.343480110168457
4846,2431.0,248100.0,-6.457306861877441,-0.8504515886306763,7.331459999084473
4847,2432.0,248200.0,-6.457306861877441,-0.8504515886306763,7.331459999084473
4848,2433.0,248300.0,-6.546391487121582,-0.8126134276390076,7.2563629150390625
4849,2434.0,248400.0,-6.546391487121582,-0.8126134276390076,7.2563629150390625
4850,2435.0,248500.0,-6.488766670227051,-0.8524404168128967,7.303400039672852
4851,2436.0,248600.0,-6.488766670227051,-0.8524404168128967,7.303400039672852
4852,2437.0,248700.0,-6.476147174835205,-0.8238108158111572,7.317871570587157
4853,2438.0,248800.0,-6.476147174835205,-0.8238108158111572,7.317871570587157
4854,2439.0,248900.0,-6.475914478302003,-0.8491984009742737,7.315174579620361
4855,2440.0,249000.0,-6.474338054656982,-0.8404510021209717,7.317579746246338
4856,2441.0,249100.0,-6.474338054656982,-0.8404510021209717,7.317579746246338
4857,2442.0,249200.0,-6.493618488311768,-0.8194380402565002,7.302864074707031
4858,2443.0,249300.0,-6.493618488311768,-0.8194380402565002,7.302864074707031
4859,2444.0,249400.0,-6.505727767944336,-0.8265484571456909,7.291276454925537
4860,2430.0,248000.0,-6.4554057121276855,-0.7559259533882141,7.343480110168457
4861,2431.0,248100.0,-6.457306861877441,-0.8504515886306763,7.331459999084473
4862,2432.0,248200.0,-6.457306861877441,-0.8504515886306763,7.331459999084473
4863,2433.0,248300.0,-6.546391487121582,-0.8126134276390076,7.2563629150390625
4864,2434.0,248400.0,-6.546391487121582,-0.8126134276390076,7.2563629150390625
4865,2435.0,248500.0,-6.488766670227051,-0.8524404168128967,7.303400039672852
4866,2436.0,248600.0,-6.488766670227051,-0.8524404168128967,7.303400039672852
4867,2437.0,248700.0,-6.476147174835205,-0.8238108158111572,7.317871570587157
4868,2438.0,248800.0,-6.476147174835205,-0.8238108158111572,7.317871570587157
4869,2439.0,248900.0,-6.475914478302003,-0.8491984009742737,7.315174579620361
4870,2440.0,249000.0,-6.474338054656982,-0.8404510021209717,7.317579746246338
4871,2441.0,249100.0,-6.474338054656982,-0.8404510021209717,7.317579746246338
4872,2442.0,249200.0,-6.493618488311768,-0.8194380402565002,7.302864074707031
4873,2443.0,249300.0,-6.493618488311768,-0.8194380402565002,7.302864074707031
4874,2444.0,249400.0,-6.505727767944336,-0.8265484571456909,7.291276454925537
4875,2445.0,249500.0,-6.505727767944336,-0.8265484571456909,7.291276454925537
4876,2446.0,249600.0,-6.502922058105469,-0.8066031336784363,7.296010971069336
4877,2447.0,249700.0,-6.502922058105469,-0.8066031336784363,7.296010971069336
4878,2448.0,249800.0,-6.500333786010742,-0.8330129981040955,7.295350551605225
4879,2449.0,249900.0,-6.507856369018555,-0.80804044008255,7.291451454162598
4880,2450.0,250000.0,-6.507856369018555,-0.80804044008255,7.291451454162598
4881,2451.0,250100.0,-6.5081892013549805,-0.8220727443695068,7.289586544036865
4882,2452.0,250200.0,-6.5081892013549805,-0.8220727443695068,7.289586544036865
4883,2453.0,250300.0,-6.500648498535156,-0.8073036670684814,7.297959327697754
4884,2454.0,250400.0,-6.500648498535156,-0.8073036670684814,7.297959327697754
4885,2455.0,250500.0,-6.503673553466798,-0.8042874932289124,7.295598030090332
4886,2456.0,250600.0,-6.503673553466798,-0.8042874932289124,7.295598030090332
4887,2457.0,250700.0,-6.500012874603272,-0.7959750294685364,7.299770355224608
4888,2458.0,250800.0,-6.492684364318848,-0.8082990646362305,7.304936408996582
4889,2459.0,250900.0,-6.492684364318848,-0.8082990646362305,7.304936408996582
4890,2445.0,249500.0,-6.505727767944336,-0.8265484571456909,7.291276454925537
4891,2446.0,249600.0,-6.502922058105469,-0.8066031336784363,7.296010971069336
4892,2447.0,249700.0,-6.502922058105469,-0.8066031336784363,7.296010971069336
4893,2448.0,249800.0,-6.500333786010742,-0.8330129981040955,7.295350551605225
4894,2449.0,249900.0,-6.507856369018555,-0.80804044008255,7.291451454162598
4895,2450.0,250000.0,-6.507856369018555,-0.80804044008255,7.291451454162598
4896,2451.0,250100.0,-6.5081892013549805,-0.8220727443695068,7.289586544036865
4897,2452.0,250200.0,-6.5081892013549805,-0.8220727443695068,7.289586544036865
4898,2453.0,250300.0,-6.500648498535156,-0.8073036670684814,7.297959327697754
4899,2454.0,250400.0,-6.500648498535156,-0.8073036670684814,7.297959327697754
4900,2455.0,250500.0,-6.503673553466798,-0.8042874932289124,7.295598030090332
4901,2456.0,250600.0,-6.503673553466798,-0.8042874932289124,7.295598030090332
4902,2457.0,250700.0,-6.500012874603272,-0.7959750294685364,7.299770355224608
4903,2458.0,250800.0,-6.492684364318848,-0.8082990646362305,7.304936408996582
4904,2459.0,250900.0,-6.492684364318848,-0.8082990646362305,7.304936408996582
4905,2460.0,251000.0,-6.4946489334106445,-0.7934507727622986,7.304816722869872
4906,2461.0,251100.0,-6.4946489334106445,-0.7934507727622986,7.304816722869872
4907,2462.0,251200.0,-6.51034688949585,-0.8191276788711548,7.287991046905518
4908,2463.0,251300.0,-6.51034688949585,-0.8191276788711548,7.287991046905518
4909,2464.0,251400.0,-6.504957675933838,-0.8192176818847656,7.29279088973999
4910,2465.0,251500.0,-6.504957675933838,-0.8192176818847656,7.29279088973999
4911,2466.0,251600.0,-6.5024871826171875,-0.8274971246719359,7.29405927658081
4912,2467.0,251700.0,-6.496494293212892,-0.8169021010398865,7.30059003829956
4913,2468.0,251800.0,-6.496494293212892,-0.8169021010398865,7.30059003829956
4914,2469.0,251900.0,-6.490730285644531,-0.8242565393447876,7.30488920211792
4915,2470.0,252000.0,-6.490730285644531,-0.8242565393447876,7.30488920211792
4916,2471.0,252100.0,-6.501016139984131,-0.8274667263031006,7.29537296295166
4917,2472.0,252200.0,-6.501016139984131,-0.8274667263031006,7.29537296295166
4918,2473.0,252300.0,-6.488703727722168,-0.8215882182121277,7.306990146636963
4919,2474.0,252400.0,-6.488703727722168,-0.8215882182121277,7.306990146636963
4920,2460.0,251000.0,-6.4946489334106445,-0.7934507727622986,7.304816722869872
4921,2461.0,251100.0,-6.4946489334106445,-0.7934507727622986,7.304816722869872
4922,2462.0,251200.0,-6.51034688949585,-0.8191276788711548,7.287991046905518
4923,2463.0,251300.0,-6.51034688949585,-0.8191276788711548,7.287991046905518
4924,2464.0,251400.0,-6.504957675933838,-0.8192176818847656,7.29279088973999
4925,2465.0,251500.0,-6.504957675933838,-0.8192176818847656,7.29279088973999
4926,2466.0,251600.0,-6.5024871826171875,-0.8274971246719359,7.29405927658081
4927,2467.0,251700.0,-6.496494293212892,-0.8169021010398865,7.30059003829956
4928,2468.0,251800.0,-6.496494293212892,-0.8169021010398865,7.30059003829956
4929,2469.0,251900.0,-6.490730285644531,-0.8242565393447876,7.30488920211792
4930,2470.0,252000.0,-6.490730285644531,-0.8242565393447876,7.30488920211792
4931,2471.0,252100.0,-6.501016139984131,-0.8274667263031006,7.29537296295166
4932,2472.0,252200.0,-6.501016139984131,-0.8274667263031006,7.29537296295166
4933,2473.0,252300.0,-6.488703727722168,-0.8215882182121277,7.306990146636963
4934,2474.0,252400.0,-6.488703727722168,-0.8215882182121277,7.306990146636963
4935,2475.0,252500.0,-6.492734909057617,-0.8163459300994873,7.303997039794923
4936,2476.0,252600.0,-6.48205041885376,-0.8211746215820312,7.312939643859862
4937,2477.0,252700.0,-6.48205041885376,-0.8211746215820312,7.312939643859862
4938,2478.0,252800.0,-6.476862907409668,-0.7803764939308167,7.3219971656799325
4939,2479.0,252900.0,-6.476862907409668,-0.7803764939308167,7.3219971656799325
4940,2480.0,253000.0,-6.477854251861572,-0.7887921333312988,7.320219039916992
4941,2481.0,253100.0,-6.477854251861572,-0.7887921333312988,7.320219039916992
4942,2482.0,253200.0,-6.463968276977539,-0.7766013741493225,7.333785057067871
4943,2483.0,253300.0,-6.463968276977539,-0.7766013741493225,7.333785057067871
4944,2484.0,253400.0,-6.463083267211914,-0.7889438271522522,7.33324670791626
4945,2485.0,253500.0,-6.458579063415527,-0.8111068606376648,7.334796905517577
4946,2486.0,253600.0,-6.458579063415527,-0.8111068606376648,7.334796905517577
4947,2487.0,253700.0,-6.453885078430176,-0.7994330525398254,7.340208530426025
4948,2488.0,253800.0,-6.453885078430176,-0.7994330525398254,7.340208530426025
4949,2489.0,253900.0,-6.4573588371276855,-0.7920026183128357,7.337958812713622
4950,2475.0,252500.0,-6.492734909057617,-0.8163459300994873,7.303997039794923
4951,2476.0,252600.0,-6.48205041885376,-0.8211746215820312,7.312939643859862
4952,2477.0,252700.0,-6.48205041885376,-0.8211746215820312,7.312939643859862
4953,2478.0,252800.0,-6.476862907409668,-0.7803764939308167,7.3219971656799325
4954,2479.0,252900.0,-6.476862907409668,-0.7803764939308167,7.3219971656799325
4955,2480.0,253000.0,-6.477854251861572,-0.7887921333312988,7.320219039916992
4956,2481.0,253100.0,-6.477854251861572,-0.7887921333312988,7.320219039916992
4957,2482.0,253200.0,-6.463968276977539,-0.7766013741493225,7.333785057067871
4958,2483.0,253300.0,-6.463968276977539,-0.7766013741493225,7.333785057067871
4959,2484.0,253400.0,-6.463083267211914,-0.7889438271522522,7.33324670791626
4960,2485.0,253500.0,-6.458579063415527,-0.8111068606376648,7.334796905517577
4961,2486.0,253600.0,-6.458579063415527,-0.8111068606376648,7.334796905517577
4962,2487.0,253700.0,-6.453885078430176,-0.7994330525398254,7.340208530426025
4963,2488.0,253800.0,-6.453885078430176,-0.7994330525398254,7.340208530426025
4964,2489.0,253900.0,-6.4573588371276855,-0.7920026183128357,7.337958812713622
4965,2490.0,254000.0,-6.4573588371276855,-0.7920026183128357,7.337958812713622
4966,2491.0,254100.0,-6.444486141204834,-0.7949562072753906,7.348947048187256
4967,2492.0,254200.0,-6.444486141204834,-0.7949562072753906,7.348947048187256
4968,2493.0,254300.0,-6.450116157531737,-0.7735323309898376,7.3462934494018555
4969,2494.0,254400.0,-6.437470436096191,-0.769917368888855,7.357756614685059
4970,2495.0,254500.0,-6.437470436096191,-0.769917368888855,7.357756614685059
4971,2496.0,254600.0,-6.443028450012207,-0.7623404860496521,7.35368013381958
4972,2497.0,254700.0,-6.443028450012207,-0.7623404860496521,7.35368013381958
4973,2498.0,254800.0,-6.442943096160889,-0.7759352922439575,7.352332592010497
4974,2499.0,254900.0,-6.442943096160889,-0.7759352922439575,7.352332592010497
4975,2500.0,255000.0,-6.44218111038208,-0.7944579124450684,7.351022720336914
4976,2501.0,255100.0,-6.44218111038208,-0.7944579124450684,7.351022720336914
4977,2502.0,255200.0,-6.453129768371582,-0.7658107876777649,7.344456672668457
4978,2503.0,255300.0,-6.451552391052246,-0.7780959606170654,7.344551086425781
4979,2504.0,255400.0,-6.451552391052246,-0.7780959606170654,7.344551086425781
4980,2490.0,254000.0,-6.4573588371276855,-0.7920026183128357,7.337958812713622
4981,2491.0,254100.0,-6.444486141204834,-0.7949562072753906,7.348947048187256
4982,2492.0,254200.0,-6.444486141204834,-0.7949562072753906,7.348947048187256
4983,2493.0,254300.0,-6.450116157531737,-0.7735323309898376,7.3462934494018555
4984,2494.0,254400.0,-6.437470436096191,-0.769917368888855,7.357756614685059
4985,2495.0,254500.0,-6.437470436096191,-0.769917368888855,7.357756614685059
4986,2496.0,254600.0,-6.443028450012207,-0.7623404860496521,7.35368013381958
4987,2497.0,254700.0,-6.443028450012207,-0.7623404860496521,7.35368013381958
4988,2498.0,254800.0,-6.442943096160889,-0.7759352922439575,7.352332592010497
4989,2499.0,254900.0,-6.442943096160889,-0.7759352922439575,7.352332592010497
4990,2500.0,255000.0,-6.44218111038208,-0.7944579124450684,7.351022720336914
4991,2501.0,255100.0,-6.44218111038208,-0.7944579124450684,7.351022720336914
4992,2502.0,255200.0,-6.453129768371582,-0.7658107876777649,7.344456672668457
4993,2503.0,255300.0,-6.451552391052246,-0.7780959606170654,7.344551086425781
4994,2504.0,255400.0,-6.451552391052246,-0.7780959606170654,7.344551086425781
4995,2505.0,255500.0,-6.432639122009277,-0.7897615432739258,7.359879970550537
4996,2506.0,255600.0,-6.432639122009277,-0.7897615432739258,7.359879970550537
4997,2507.0,255700.0,-6.445091724395753,-0.7644564509391785,7.351651668548584
4998,2508.0,255800.0,-6.445091724395753,-0.7644564509391785,7.351651668548584
4999,2509.0,255900.0,-6.4150495529174805,-0.7748521566390991,7.376797199249268
5000,2510.0,256000.0,-6.4150495529174805,-0.7748521566390991,7.376797199249268
5001,2511.0,256100.0,-6.419809818267822,-0.7686845660209656,7.373299598693848
5002,2512.0,256200.0,-6.4632673263549805,-0.8134136795997621,7.330410957336426
5003,2513.0,256300.0,-6.4632673263549805,-0.8134136795997621,7.330410957336426
5004,2514.0,256400.0,-6.465970516204834,-0.8374261260032654,7.325320720672607
5005,2515.0,256500.0,-6.465970516204834,-0.8374261260032654,7.325320720672607
5006,2516.0,256600.0,-6.4689693450927725,-0.8266130685806274,7.323901653289795
5007,2517.0,256700.0,-6.4689693450927725,-0.8266130685806274,7.323901653289795
5008,2518.0,256800.0,-6.475748538970947,-0.8217471837997437,7.318457126617432
5009,2519.0,256900.0,-6.475748538970947,-0.8217471837997437,7.318457126617432
5010,2505.0,255500.0,-6.432639122009277,-0.7897615432739258,7.359879970550537
5011,2506.0,255600.0,-6.432639122009277,-0.7897615432739258,7.359879970550537
5012,2507.0,255700.0,-6.445091724395753,-0.7644564509391785,7.351651668548584
5013,2508.0,255800.0,-6.445091724395753,-0.7644564509391785,7.351651668548584
5014,2509.0,255900.0,-6.4150495529174805,-0.7748521566390991,7.376797199249268
5015,2510.0,256000.0,-6.4150495529174805,-0.7748521566390991,7.376797199249268
5016,2511.0,256100.0,-6.419809818267822,-0.7686845660209656,7.373299598693848
5017,2512.0,256200.0,-6.4632673263549805,-0.8134136795997621,7.330410957336426
5018,2513.0,256300.0,-6.4632673263549805,-0.8134136795997621,7.330410957336426
5019,2514.0,256400.0,-6.465970516204834,-0.8374261260032654,7.325320720672607
5020,2515.0,256500.0,-6.465970516204834,-0.8374261260032654,7.325320720672607
5021,2516.0,256600.0,-6.4689693450927725,-0.8266130685806274,7.323901653289795
5022,2517.0,256700.0,-6.4689693450927725,-0.8266130685806274,7.323901653289795
5023,2518.0,256800.0,-6.475748538970947,-0.8217471837997437,7.318457126617432
5024,2519.0,256900.0,-6.475748538970947,-0.8217471837997437,7.318457126617432
5025,2520.0,257000.0,-6.480274200439452,-0.7981921434402466,7.317056655883789
5026,2521.0,257100.0,-6.4806108474731445,-0.7972817420959473,7.316858768463135
5027,2522.0,257200.0,-6.4806108474731445,-0.7972817420959473,7.316858768463135
5028,2523.0,257300.0,-6.477490425109862,-0.7845993638038635,7.320991039276122
5029,2524.0,257400.0,-6.477490425109862,-0.7845993638038635,7.320991039276122
5030,2525.0,257500.0,-6.480061054229736,-0.7835983633995056,7.3188228607177725
5031,2526.0,257600.0,-6.480061054229736,-0.7835983633995056,7.3188228607177725
5032,2527.0,257700.0,-6.488349914550781,-0.7734671235084534,7.312554836273192
5033,2528.0,257800.0,-6.488349914550781,-0.7734671235084534,7.312554836273192
5034,2529.0,257900.0,-6.491103649139402,-0.7820113897323608,7.309201240539551
5035,2530.0,258000.0,-6.501375675201416,-0.7661498188972473,7.301748275756836
5036,2531.0,258100.0,-6.501375675201416,-0.7661498188972473,7.301748275756836
5037,2532.0,258200.0,-6.492804527282715,-0.7798109650611877,7.307925224304199
5038,2533.0,258300.0,-6.492804527282715,-0.7798109650611877,7.307925224304199
5039,2534.0,258400.0,-6.498960971832275,-0.7906424403190613,7.301286220550537
5040,2520.0,257000.0,-6.480274200439452,-0.7981921434402466,7.317056655883789
5041,2521.0,257100.0,-6.4806108474731445,-0.7972817420959473,7.316858768463135
5042,2522.0,257200.0,-6.4806108474731445,-0.7972817420959473,7.316858768463135
5043,2523.0,257300.0,-6.477490425109862,-0.7845993638038635,7.320991039276122
5044,2524.0,257400.0,-6.477490425109862,-0.7845993638038635,7.320991039276122
5045,2525.0,257500.0,-6.480061054229736,-0.7835983633995056,7.3188228607177725
5046,2526.0,257600.0,-6.480061054229736,-0.7835983633995056,7.3188228607177725
5047,2527.0,257700.0,-6.488349914550781,-0.7734671235084534,7.312554836273192
5048,2528.0,257800.0,-6.488349914550781,-0.7734671235084534,7.312554836273192
5049,2529.0,257900.0,-6.491103649139402,-0.7820113897323608,7.309201240539551
5050,2530.0,258000.0,-6.501375675201416,-0.7661498188972473,7.301748275756836
5051,2531.0,258100.0,-6.501375675201416,-0.7661498188972473,7.301748275756836
5052,2532.0,258200.0,-6.492804527282715,-0.7798109650611877,7.307925224304199
5053,2533.0,258300.0,-6.492804527282715,-0.7798109650611877,7.307925224304199
5054,2534.0,258400.0,-6.498960971832275,-0.7906424403190613,7.301286220550537
5055,2535.0,258500.0,-6.498960971832275,-0.7906424403190613,7.301286220550537
5056,2536.0,258600.0,-6.49886417388916,-0.7915858626365662,7.30126953125
5057,2537.0,258700.0,-6.49886417388916,-0.7915858626365662,7.30126953125
5058,2538.0,258800.0,-6.491354942321777,-0.7968629002571106,7.307373523712157
5059,2539.0,258900.0,-6.501372814178468,-0.7927852869033813,7.298906326293945
5060,2540.0,259000.0,-6.501372814178468,-0.7927852869033813,7.298906326293945
5061,2541.0,259100.0,-6.495940208435059,-0.7926675081253052,7.3037543296813965
5062,2542.0,259200.0,-6.495940208435059,-0.7926675081253052,7.3037543296813965
5063,2543.0,259300.0,-6.473418712615968,-0.8139967322349548,7.321382999420166
5064,2544.0,259400.0,-6.473418712615968,-0.8139967322349548,7.321382999420166
5065,2545.0,259500.0,-6.472522258758545,-0.7822086811065674,7.325640678405763
5066,2546.0,259600.0,-6.472522258758545,-0.7822086811065674,7.325640678405763
5067,2547.0,259700.0,-6.445475101470947,-0.7880173325538635,7.348827362060548
5068,2548.0,259800.0,-6.441683769226074,-0.7663397789001465,7.354443073272705
5069,2549.0,259900.0,-6.441683769226074,-0.7663397789001465,7.354443073272705
5070,2535.0,258500.0,-6.498960971832275,-0.7906424403190613,7.301286220550537
5071,2536.0,258600.0,-6.49886417388916,-0.7915858626365662,7.30126953125
5072,2537.0,258700.0,-6.49886417388916,-0.7915858626365662,7.30126953125
5073,2538.0,258800.0,-6.491354942321777,-0.7968629002571106,7.307373523712157
5074,2539.0,258900.0,-6.501372814178468,-0.7927852869033813,7.298906326293945
5075,2540.0,259000.0,-6.501372814178468,-0.7927852869033813,7.298906326293945
5076,2541.0,259100.0,-6.495940208435059,-0.7926675081253052,7.3037543296813965
5077,2542.0,259200.0,-6.495940208435059,-0.7926675081253052,7.3037543296813965
5078,2543.0,259300.0,-6.473418712615968,-0.8139967322349548,7.321382999420166
5079,2544.0,259400.0,-6.473418712615968,-0.8139967322349548,7.321382999420166
5080,2545.0,259500.0,-6.472522258758545,-0.7822086811065674,7.325640678405763
5081,2546.0,259600.0,-6.472522258758545,-0.7822086811065674,7.325640678405763
5082,2547.0,259700.0,-6.445475101470947,-0.7880173325538635,7.348827362060548
5083,2548.0,259800.0,-6.441683769226074,-0.7663397789001465,7.354443073272705
5084,2549.0,259900.0,-6.441683769226074,-0.7663397789001465,7.354443073272705
5085,2550.0,260000.0,-6.42494535446167,-0.7790499329566956,7.36773681640625
5086,2551.0,260100.0,-6.42494535446167,-0.7790499329566956,7.36773681640625
5087,2552.0,260200.0,-6.423995018005371,-0.7857257127761841,7.367856502532959
5088,2553.0,260300.0,-6.423995018005371,-0.7857257127761841,7.367856502532959
5089,2554.0,260400.0,-6.4260215759277335,-0.7854065895080566,7.3661231994628915
5090,2555.0,260500.0,-6.4260215759277335,-0.7854065895080566,7.3661231994628915
5091,2556.0,260600.0,-6.4290852546691895,-0.7443792819976807,7.367710113525391
5092,2557.0,260700.0,-6.411114692687987,-0.7498568296432495,7.382798194885254
5093,2558.0,260800.0,-6.411114692687987,-0.7498568296432495,7.382798194885254
5094,2559.0,260900.0,-6.409101486206055,-0.7444009184837341,7.385098457336426
5095,2560.0,261000.0,-6.409101486206055,-0.7444009184837341,7.385098457336426
5096,2561.0,261100.0,-6.4059834480285645,-0.7435919642448425,7.387884616851807
5097,2562.0,261200.0,-6.4059834480285645,-0.7435919642448425,7.387884616851807
5098,2563.0,261300.0,-6.402754306793213,-0.7506786584854126,7.389967918395996
5099,2564.0,261400.0,-6.402754306793213,-0.7506786584854126,7.389967918395996
5100,2550.0,260000.0,-6.42494535446167,-0.7790499329566956,7.36773681640625
5101,2551.0,260100.0,-6.42494535446167,-0.7790499329566956,7.36773681640625
5102,2552.0,260200.0,-6.423995018005371,-0.7857257127761841,7.367856502532959
5103,2553.0,260300.0,-6.423995018005371,-0.7857257127761841,7.367856502532959
5104,2554.0,260400.0,-6.4260215759277335,-0.7854065895080566,7.3661231994628915
5105,2555.0,260500.0,-6.4260215759277335,-0.7854065895080566,7.3661231994628915
5106,2556.0,260600.0,-6.4290852546691895,-0.7443792819976807,7.367710113525391
5107,2557.0,260700.0,-6.411114692687987,-0.7498568296432495,7.382798194885254
5108,2558.0,260800.0,-6.411114692687987,-0.7498568296432495,7.382798194885254
5109,2559.0,260900.0,-6.409101486206055,-0.7444009184837341,7.385098457336426
5110,2560.0,261000.0,-6.409101486206055,-0.7444009184837341,7.385098457336426
5111,2561.0,261100.0,-6.4059834480285645,-0.7435919642448425,7.387884616851807
5112,2562.0,261200.0,-6.4059834480285645,-0.7435919642448425,7.387884616851807
5113,2563.0,261300.0,-6.402754306793213,-0.7506786584854126,7.389967918395996
5114,2564.0,261400.0,-6.402754306793213,-0.7506786584854126,7.389967918395996
5115,2565.0,261500.0,-6.4098548889160165,-0.7446072697639465,7.384422779083253
5116,2566.0,261600.0,-6.404641628265381,-0.7454431056976318,7.388861656188965
5117,2567.0,261700.0,-6.404641628265381,-0.7454431056976318,7.388861656188965
5118,2568.0,261800.0,-6.402567863464356,-0.7519999742507935,7.389993667602539
5119,2569.0,261900.0,-6.402567863464356,-0.7519999742507935,7.389993667602539
5120,2570.0,262000.0,-6.397399425506593,-0.7293491959571838,7.396737575531006
5121,2571.0,262100.0,-6.397399425506593,-0.7293491959571838,7.396737575531006
5122,2572.0,262200.0,-6.397809505462647,-0.7316147685050964,7.396158218383789
5123,2573.0,262300.0,-6.397809505462647,-0.7316147685050964,7.396158218383789
5124,2574.0,262400.0,-6.3986573219299325,-0.7414172291755676,7.394448757171631
5125,2575.0,262500.0,-6.395935535430907,-0.7391662001609802,7.397027969360352
5126,2576.0,262600.0,-6.395935535430907,-0.7391662001609802,7.397027969360352
5127,2577.0,262700.0,-6.4013671875,-0.7721148729324341,7.388959884643555
5128,2578.0,262800.0,-6.4013671875,-0.7721148729324341,7.388959884643555
5129,2579.0,262900.0,-6.40350866317749,-0.7867857813835144,7.385555744171143
5130,2565.0,261500.0,-6.4098548889160165,-0.7446072697639465,7.384422779083253
5131,2566.0,261600.0,-6.404641628265381,-0.7454431056976318,7.388861656188965
5132,2567.0,261700.0,-6.404641628265381,-0.7454431056976318,7.388861656188965
5133,2568.0,261800.0,-6.402567863464356,-0.7519999742507935,7.389993667602539
5134,2569.0,261900.0,-6.402567863464356,-0.7519999742507935,7.389993667602539
5135,2570.0,262000.0,-6.397399425506593,-0.7293491959571838,7.396737575531006
5136,2571.0,262100.0,-6.397399425506593,-0.7293491959571838,7.396737575531006
5137,2572.0,262200.0,-6.397809505462647,-0.7316147685050964,7.396158218383789
5138,2573.0,262300.0,-6.397809505462647,-0.7316147685050964,7.396158218383789
5139,2574.0,262400.0,-6.3986573219299325,-0.7414172291755676,7.394448757171631
5140,2575.0,262500.0,-6.395935535430907,-0.7391662001609802,7.397027969360352
5141,2576.0,262600.0,-6.395935535430907,-0.7391662001609802,7.397027969360352
5142,2577.0,262700.0,-6.4013671875,-0.7721148729324341,7.388959884643555
5143,2578.0,262800.0,-6.4013671875,-0.7721148729324341,7.388959884643555
5144,2579.0,262900.0,-6.40350866317749,-0.7867857813835144,7.385555744171143
5145,2580.0,263000.0,-6.40350866317749,-0.7867857813835144,7.385555744171143
5146,2581.0,263100.0,-6.428443431854247,-0.7747148275375366,7.365143299102782
5147,2582.0,263200.0,-6.428443431854247,-0.7747148275375366,7.365143299102782
5148,2583.0,263300.0,-6.426319599151611,-0.7655626535415649,7.3679518699646
5149,2584.0,263400.0,-6.4334144592285165,-0.7714245319366455,7.361145496368407
5150,2585.0,263500.0,-6.4334144592285165,-0.7714245319366455,7.361145496368407
5151,2586.0,263600.0,-6.4386491775512695,-0.7501169443130493,7.358771324157715
5152,2587.0,263700.0,-6.4386491775512695,-0.7501169443130493,7.358771324157715
5153,2588.0,263800.0,-6.43690824508667,-0.7734239101409912,7.357881546020508
5154,2589.0,263900.0,-6.43690824508667,-0.7734239101409912,7.357881546020508
5155,2590.0,264000.0,-6.451939105987549,-0.7627145648002625,7.345824241638184
5156,2591.0,264100.0,-6.451939105987549,-0.7627145648002625,7.345824241638184
5157,2592.0,264200.0,-6.449155330657959,-0.7711197137832642,7.347391605377197
5158,2593.0,264300.0,-6.466034889221191,-0.778258740901947,7.331786155700684
5159,2594.0,264400.0,-6.466034889221191,-0.778258740901947,7.331786155700684
5160,2580.0,263000.0,-6.40350866317749,-0.7867857813835144,7.385555744171143
5161,2581.0,263100.0,-6.428443431854247,-0.7747148275375366,7.365143299102782
5162,2582.0,263200.0,-6.428443431854247,-0.7747148275375366,7.365143299102782
5163,2583.0,263300.0,-6.426319599151611,-0.7655626535415649,7.3679518699646
5164,2584.0,263400.0,-6.4334144592285165,-0.7714245319366455,7.361145496368407
5165,2585.0,263500.0,-6.4334144592285165,-0.7714245319366455,7.361145496368407
5166,2586.0,263600.0,-6.4386491775512695,-0.7501169443130493,7.358771324157715
5167,2587.0,263700.0,-6.4386491775512695,-0.7501169443130493,7.358771324157715
5168,2588.0,263800.0,-6.43690824508667,-0.7734239101409912,7.357881546020508
5169,2589.0,263900.0,-6.43690824508667,-0.7734239101409912,7.357881546020508
5170,2590.0,264000.0,-6.451939105987549,-0.7627145648002625,7.345824241638184
5171,2591.0,264100.0,-6.451939105987549,-0.7627145648002625,7.345824241638184
5172,2592.0,264200.0,-6.449155330657959,-0.7711197137832642,7.347391605377197
5173,2593.0,264300.0,-6.466034889221191,-0.778258740901947,7.331786155700684
5174,2594.0,264400.0,-6.466034889221191,-0.778258740901947,7.331786155700684
5175,2595.0,264500.0,-6.456498146057129,-0.7843994498252869,7.3395323753356925
5176,2596.0,264600.0,-6.456498146057129,-0.7843994498252869,7.3395323753356925
5177,2597.0,264700.0,-6.460677146911621,-0.7691594958305359,7.337467670440674
5178,2598.0,264800.0,-6.460677146911621,-0.7691594958305359,7.337467670440674
5179,2599.0,264900.0,-6.4587721824646,-0.7917474508285522,7.336742401123048
5180,2600.0,265000.0,-6.4587721824646,-0.7917474508285522,7.336742401123048
5181,2601.0,265100.0,-6.459902286529541,-0.7650777697563171,7.338576793670652
5182,2602.0,265200.0,-6.459902286529541,-0.7650777697563171,7.338576793670652
5183,2603.0,265300.0,-6.4749817848205575,-0.7760095000267029,7.324124813079834
5184,2604.0,265400.0,-6.4795875549316415,-0.7624605894088745,7.321474552154541
5185,2605.0,265500.0,-6.4795875549316415,-0.7624605894088745,7.321474552154541
5186,2606.0,265600.0,-6.46886682510376,-0.768017053604126,7.3303680419921875
5187,2607.0,265700.0,-6.46886682510376,-0.768017053604126,7.3303680419921875
5188,2608.0,265800.0,-6.474781036376952,-0.7937296032905579,7.3224029541015625
5189,2609.0,265900.0,-6.474781036376952,-0.7937296032905579,7.3224029541015625
5190,2595.0,264500.0,-6.456498146057129,-0.7843994498252869,7.3395323753356925
5191,2596.0,264600.0,-6.456498146057129,-0.7843994498252869,7.3395323753356925
5192,2597.0,264700.0,-6.460677146911621,-0.7691594958305359,7.337467670440674
5193,2598.0,264800.0,-6.460677146911621,-0.7691594958305359,7.337467670440674
5194,2599.0,264900.0,-6.4587721824646,-0.7917474508285522,7.336742401123048
5195,2600.0,265000.0,-6.4587721824646,-0.7917474508285522,7.336742401123048
5196,2601.0,265100.0,-6.459902286529541,-0.7650777697563171,7.338576793670652
5197,2602.0,265200.0,-6.459902286529541,-0.7650777697563171,7.338576793670652
5198,2603.0,265300.0,-6.4749817848205575,-0.7760095000267029,7.324124813079834
5199,2604.0,265400.0,-6.4795875549316415,-0.7624605894088745,7.321474552154541
5200,2605.0,265500.0,-6.4795875549316415,-0.7624605894088745,7.321474552154541
5201,2606.0,265600.0,-6.46886682510376,-0.768017053604126,7.3303680419921875
5202,2607.0,265700.0,-6.46886682510376,-0.768017053604126,7.3303680419921875
5203,2608.0,265800.0,-6.474781036376952,-0.7937296032905579,7.3224029541015625
5204,2609.0,265900.0,-6.474781036376952,-0.7937296032905579,7.3224029541015625
5205,2610.0,266000.0,-6.478749752044678,-0.8033686280250549,7.317840576171875
5206,2611.0,266100.0,-6.478749752044678,-0.8033686280250549,7.317840576171875
5207,2612.0,266200.0,-6.492133140563965,-0.770984947681427,7.309458255767822
5208,2613.0,266300.0,-6.479330539703369,-0.7770061492919922,7.320172309875487
5209,2614.0,266400.0,-6.479330539703369,-0.7770061492919922,7.320172309875487
5210,2615.0,266500.0,-6.461973190307617,-0.794173538684845,7.333660125732423
5211,2616.0,266600.0,-6.461973190307617,-0.794173538684845,7.333660125732423
5212,2617.0,266700.0,-6.468541622161865,-0.8114032149314879,7.325980186462402
5213,2618.0,266800.0,-6.468541622161865,-0.8114032149314879,7.325980186462402
5214,2619.0,266900.0,-6.474360942840576,-0.8051783442497253,7.3215250968933105
5215,2620.0,267000.0,-6.474360942840576,-0.8051783442497253,7.3215250968933105
5216,2621.0,267100.0,-6.452354907989503,-0.8258092999458313,7.338634014129639
5217,2622.0,267200.0,-6.456976890563965,-0.8367474675178528,7.333327770233152
5218,2623.0,267300.0,-6.456976890563965,-0.8367474675178528,7.333327770233152
5219,2624.0,267400.0,-6.456729412078857,-0.8501432538032532,7.332004070281982
5220,2610.0,266000.0,-6.478749752044678,-0.8033686280250549,7.317840576171875
5221,2611.0,266100.0,-6.478749752044678,-0.8033686280250549,7.317840576171875
5222,2612.0,266200.0,-6.492133140563965,-0.770984947681427,7.309458255767822
5223,2613.0,266300.0,-6.479330539703369,-0.7770061492919922,7.320172309875487
5224,2614.0,266400.0,-6.479330539703369,-0.7770061492919922,7.320172309875487
5225,2615.0,266500.0,-6.461973190307617,-0.794173538684845,7.333660125732423
5226,2616.0,266600.0,-6.461973190307617,-0.794173538684845,7.333660125732423
5227,2617.0,266700.0,-6.468541622161865,-0.8114032149314879,7.325980186462402
5228,2618.0,266800.0,-6.468541622161865,-0.8114032149314879,7.325980186462402
5229,2619.0,266900.0,-6.474360942840576,-0.8051783442497253,7.3215250968933105
5230,2620.0,267000.0,-6.474360942840576,-0.8051783442497253,7.3215250968933105
5231,2621.0,267100.0,-6.452354907989503,-0.8258092999458313,7.338634014129639
5232,2622.0,267200.0,-6.456976890563965,-0.8367474675178528,7.333327770233152
5233,2623.0,267300.0,-6.456976890563965,-0.8367474675178528,7.333327770233152
5234,2624.0,267400.0,-6.456729412078857,-0.8501432538032532,7.332004070281982
5235,2625.0,267500.0,-6.456729412078857,-0.8501432538032532,7.332004070281982
5236,2626.0,267600.0,-6.459835529327393,-0.8817144632339478,7.325537204742432
5237,2627.0,267700.0,-6.459835529327393,-0.8817144632339478,7.325537204742432
5238,2628.0,267800.0,-6.467387676239014,-0.9195231199264526,7.3142170906066895
5239,2629.0,267900.0,-6.467387676239014,-0.9195231199264526,7.3142170906066895
5240,2630.0,268000.0,-6.47531270980835,-0.9833943843841552,7.298880577087402
5241,2631.0,268100.0,-6.470149993896484,-0.991912007331848,7.302304744720459
5242,2632.0,268200.0,-6.470149993896484,-0.991912007331848,7.302304744720459
5243,2633.0,268300.0,-6.486337661743164,-0.9473884105682372,7.293851852416992
5244,2634.0,268400.0,-6.486337661743164,-0.9473884105682372,7.293851852416992
5245,2635.0,268500.0,-6.51996374130249,-0.8980302214622498,7.270075798034668
5246,2636.0,268600.0,-6.51996374130249,-0.8980302214622498,7.270075798034668
5247,2637.0,268700.0,-6.512734889984131,-0.8421154618263245,7.2832350730896
5248,2638.0,268800.0,-6.512734889984131,-0.8421154618263245,7.2832350730896
5249,2639.0,268900.0,-6.489510536193848,-0.8056783676147461,7.308045387268066
5250,2625.0,267500.0,-6.456729412078857,-0.8501432538032532,7.332004070281982
5251,2626.0,267600.0,-6.459835529327393,-0.8817144632339478,7.325537204742432
5252,2627.0,267700.0,-6.459835529327393,-0.8817144632339478,7.325537204742432
5253,2628.0,267800.0,-6.467387676239014,-0.9195231199264526,7.3142170906066895
5254,2629.0,267900.0,-6.467387676239014,-0.9195231199264526,7.3142170906066895
5255,2630.0,268000.0,-6.47531270980835,-0.9833943843841552,7.298880577087402
5256,2631.0,268100.0,-6.470149993896484,-0.991912007331848,7.302304744720459
5257,2632.0,268200.0,-6.470149993896484,-0.991912007331848,7.302304744720459
5258,2633.0,268300.0,-6.486337661743164,-0.9473884105682372,7.293851852416992
5259,2634.0,268400.0,-6.486337661743164,-0.9473884105682372,7.293851852416992
5260,2635.0,268500.0,-6.51996374130249,-0.8980302214622498,7.270075798034668
5261,2636.0,268600.0,-6.51996374130249,-0.8980302214622498,7.270075798034668
5262,2637.0,268700.0,-6.512734889984131,-0.8421154618263245,7.2832350730896
5263,2638.0,268800.0,-6.512734889984131,-0.8421154618263245,7.2832350730896
5264,2639.0,268900.0,-6.489510536193848,-0.8056783676147461,7.308045387268066
5265,2640.0,269000.0,-6.446141242980957,-0.7498431205749512,7.352237224578857
5266,2641.0,269100.0,-6.446141242980957,-0.7498431205749512,7.352237224578857
5267,2642.0,269200.0,-6.45241117477417,-0.7131398320198059,7.350388526916504
5268,2643.0,269300.0,-6.45241117477417,-0.7131398320198059,7.350388526916504
5269,2644.0,269400.0,-6.436500072479247,-0.6918553113937378,7.366355895996094
5270,2645.0,269500.0,-6.436500072479247,-0.6918553113937378,7.366355895996094
5271,2646.0,269600.0,-6.434584140777588,-0.7017550468444824,7.367092609405518
5272,2647.0,269700.0,-6.434584140777588,-0.7017550468444824,7.367092609405518
5273,2648.0,269800.0,-6.427134037017822,-0.6984726786613464,7.3739051818847665
5274,2649.0,269900.0,-6.436905860900879,-0.6951748132705688,7.365687847137451
5275,2650.0,270000.0,-6.436905860900879,-0.6951748132705688,7.365687847137451
5276,2651.0,270100.0,-6.441437721252441,-0.6921458244323729,7.362011432647705
5277,2652.0,270200.0,-6.441437721252441,-0.6921458244323729,7.362011432647705
5278,2653.0,270300.0,-6.445683002471924,-0.6774004101753235,7.359666347503662
5279,2654.0,270400.0,-6.445683002471924,-0.6774004101753235,7.359666347503662
5280,2640.0,269000.0,-6.446141242980957,-0.7498431205749512,7.352237224578857
5281,2641.0,269100.0,-6.446141242980957,-0.7498431205749512,7.352237224578857
5282,2642.0,269200.0,-6.45241117477417,-0.7131398320198059,7.350388526916504
5283,2643.0,269300.0,-6.45241117477417,-0.7131398320198059,7.350388526916504
5284,2644.0,269400.0,-6.436500072479247,-0.6918553113937378,7.366355895996094
5285,2645.0,269500.0,-6.436500072479247,-0.6918553113937378,7.366355895996094
5286,2646.0,269600.0,-6.434584140777588,-0.7017550468444824,7.367092609405518
5287,2647.0,269700.0,-6.434584140777588,-0.7017550468444824,7.367092609405518
5288,2648.0,269800.0,-6.427134037017822,-0.6984726786613464,7.3739051818847665
5289,2649.0,269900.0,-6.436905860900879,-0.6951748132705688,7.365687847137451
5290,2650.0,270000.0,-6.436905860900879,-0.6951748132705688,7.365687847137451
5291,2651.0,270100.0,-6.441437721252441,-0.6921458244323729,7.362011432647705
5292,2652.0,270200.0,-6.441437721252441,-0.6921458244323729,7.362011432647705
5293,2653.0,270300.0,-6.445683002471924,-0.6774004101753235,7.359666347503662
5294,2654.0,270400.0,-6.445683002471924,-0.6774004101753235,7.359666347503662
5295,2655.0,270500.0,-6.451716423034668,-0.6983797550201416,7.352415561676025
5296,2656.0,270600.0,-6.451716423034668,-0.6983797550201416,7.352415561676025
5297,2657.0,270700.0,-6.440107822418213,-0.6743670105934143,7.364823341369629
5298,2658.0,270800.0,-6.435081005096436,-0.6802250742912292,7.368678092956543
5299,2659.0,270900.0,-6.435081005096436,-0.6802250742912292,7.368678092956543
5300,2660.0,271000.0,-6.449697494506836,-0.682060182094574,7.35571813583374
5301,2661.0,271100.0,-6.449697494506836,-0.682060182094574,7.35571813583374
5302,2662.0,271200.0,-6.437490463256836,-0.6841504573822021,7.366209506988525
5303,2663.0,271300.0,-6.437490463256836,-0.6841504573822021,7.366209506988525
5304,2664.0,271400.0,-6.4310150146484375,-0.6987383365631104,7.370494842529298
5305,2665.0,271500.0,-6.4310150146484375,-0.6987383365631104,7.370494842529298
5306,2666.0,271600.0,-6.421022891998291,-0.7846087217330933,7.370566368103027
5307,2667.0,271700.0,-6.529157638549805,-0.7618769407272339,7.277364730834961
5308,2668.0,271800.0,-6.529157638549805,-0.7618769407272339,7.277364730834961
5309,2669.0,271900.0,-6.505275726318359,-0.811273992061615,7.293395519256593
5310,2655.0,270500.0,-6.451716423034668,-0.6983797550201416,7.352415561676025
5311,2656.0,270600.0,-6.451716423034668,-0.6983797550201416,7.352415561676025
5312,2657.0,270700.0,-6.440107822418213,-0.6743670105934143,7.364823341369629
5313,2658.0,270800.0,-6.435081005096436,-0.6802250742912292,7.368678092956543
5314,2659.0,270900.0,-6.435081005096436,-0.6802250742912292,7.368678092956543
5315,2660.0,271000.0,-6.449697494506836,-0.682060182094574,7.35571813583374
5316,2661.0,271100.0,-6.449697494506836,-0.682060182094574,7.35571813583374
5317,2662.0,271200.0,-6.437490463256836,-0.6841504573822021,7.366209506988525
5318,2663.0,271300.0,-6.437490463256836,-0.6841504573822021,7.366209506988525
5319,2664.0,271400.0,-6.4310150146484375,-0.6987383365631104,7.370494842529298
5320,2665.0,271500.0,-6.4310150146484375,-0.6987383365631104,7.370494842529298
5321,2666.0,271600.0,-6.421022891998291,-0.7846087217330933,7.370566368103027
5322,2667.0,271700.0,-6.529157638549805,-0.7618769407272339,7.277364730834961
5323,2668.0,271800.0,-6.529157638549805,-0.7618769407272339,7.277364730834961
5324,2669.0,271900.0,-6.505275726318359,-0.811273992061615,7.293395519256593
5325,2670.0,272000.0,-6.505275726318359,-0.811273992061615,7.293395519256593
5326,2671.0,272100.0,-6.5321946144104,-0.7815504670143127,7.272551536560059
5327,2672.0,272200.0,-6.5321946144104,-0.7815504670143127,7.272551536560059
5328,2673.0,272300.0,-6.453116893768311,-0.7942758202552795,7.34144401550293
5329,2674.0,272400.0,-6.453116893768311,-0.7942758202552795,7.34144401550293
5330,2675.0,272500.0,-6.459773540496826,-0.8256003856658936,7.332128047943115
5331,2676.0,272600.0,-6.4541969299316415,-0.8672361373901367,7.3322319984436035
5332,2677.0,272700.0,-6.4541969299316415,-0.8672361373901367,7.3322319984436035
5333,2678.0,272800.0,-6.476905822753906,-0.8286427855491638,7.316654682159424
5334,2679.0,272900.0,-6.476905822753906,-0.8286427855491638,7.316654682159424
5335,2680.0,273000.0,-6.477161884307861,-0.7944132089614868,7.320223808288574
5336,2681.0,273100.0,-6.477161884307861,-0.7944132089614868,7.320223808288574
5337,2682.0,273200.0,-6.485862731933594,-0.7948071360588074,7.312472820281982
5338,2683.0,273300.0,-6.485862731933594,-0.7948071360588074,7.312472820281982
5339,2684.0,273400.0,-6.493229389190674,-0.8046736121177673,7.304852485656737
5340,2670.0,272000.0,-6.505275726318359,-0.811273992061615,7.293395519256593
5341,2671.0,272100.0,-6.5321946144104,-0.7815504670143127,7.272551536560059
5342,2672.0,272200.0,-6.5321946144104,-0.7815504670143127,7.272551536560059
5343,2673.0,272300.0,-6.453116893768311,-0.7942758202552795,7.34144401550293
5344,2674.0,272400.0,-6.453116893768311,-0.7942758202552795,7.34144401550293
5345,2675.0,272500.0,-6.459773540496826,-0.8256003856658936,7.332128047943115
5346,2676.0,272600.0,-6.4541969299316415,-0.8672361373901367,7.3322319984436035
5347,2677.0,272700.0,-6.4541969299316415,-0.8672361373901367,7.3322319984436035
5348,2678.0,272800.0,-6.476905822753906,-0.8286427855491638,7.316654682159424
5349,2679.0,272900.0,-6.476905822753906,-0.8286427855491638,7.316654682159424
5350,2680.0,273000.0,-6.477161884307861,-0.7944132089614868,7.320223808288574
5351,2681.0,273100.0,-6.477161884307861,-0.7944132089614868,7.320223808288574
5352,2682.0,273200.0,-6.485862731933594,-0.7948071360588074,7.312472820281982
5353,2683.0,273300.0,-6.485862731933594,-0.7948071360588074,7.312472820281982
5354,2684.0,273400.0,-6.493229389190674,-0.8046736121177673,7.304852485656737
5355,2685.0,273500.0,-6.488232612609862,-0.7825087904930115,7.311696052551269
5356,2686.0,273600.0,-6.488232612609862,-0.7825087904930115,7.311696052551269
5357,2687.0,273700.0,-6.490653991699219,-0.7930752038955688,7.308408260345459
5358,2688.0,273800.0,-6.490653991699219,-0.7930752038955688,7.308408260345459
5359,2689.0,273900.0,-6.491793632507324,-0.7844991087913513,7.308321952819824
5360,2690.0,274000.0,-6.491793632507324,-0.7844991087913513,7.308321952819824
5361,2691.0,274100.0,-6.489285945892334,-0.8189411759376526,7.306769847869872
5362,2692.0,274200.0,-6.489285945892334,-0.8189411759376526,7.306769847869872
5363,2693.0,274300.0,-6.501501083374023,-0.8320163488388062,7.294424057006836
5364,2694.0,274400.0,-6.507173538208008,-0.8805723190307617,7.283658504486084
5365,2695.0,274500.0,-6.507173538208008,-0.8805723190307617,7.283658504486084
5366,2696.0,274600.0,-6.531240940093994,-0.8558432459831238,7.265040874481201
5367,2697.0,274700.0,-6.531240940093994,-0.8558432459831238,7.265040874481201
5368,2698.0,274800.0,-6.449632167816162,-0.842341959476471,7.3391480445861825
5369,2699.0,274900.0,-6.449632167816162,-0.842341959476471,7.3391480445861825
5370,2685.0,273500.0,-6.488232612609862,-0.7825087904930115,7.311696052551269
5371,2686.0,273600.0,-6.488232612609862,-0.7825087904930115,7.311696052551269
5372,2687.0,273700.0,-6.490653991699219,-0.7930752038955688,7.308408260345459
5373,2688.0,273800.0,-6.490653991699219,-0.7930752038955688,7.308408260345459
5374,2689.0,273900.0,-6.491793632507324,-0.7844991087913513,7.308321952819824
5375,2690.0,274000.0,-6.491793632507324,-0.7844991087913513,7.308321952819824
5376,2691.0,274100.0,-6.489285945892334,-0.8189411759376526,7.306769847869872
5377,2692.0,274200.0,-6.489285945892334,-0.8189411759376526,7.306769847869872
5378,2693.0,274300.0,-6.501501083374023,-0.8320163488388062,7.294424057006836
5379,2694.0,274400.0,-6.507173538208008,-0.8805723190307617,7.283658504486084
5380,2695.0,274500.0,-6.507173538208008,-0.8805723190307617,7.283658504486084
5381,2696.0,274600.0,-6.531240940093994,-0.8558432459831238,7.265040874481201
5382,2697.0,274700.0,-6.531240940093994,-0.8558432459831238,7.265040874481201
5383,2698.0,274800.0,-6.449632167816162,-0.842341959476471,7.3391480445861825
5384,2699.0,274900.0,-6.449632167816162,-0.842341959476471,7.3391480445861825
5385,2700.0,275000.0,-6.463681697845459,-0.8274822235107422,7.328470230102539
5386,2701.0,275100.0,-6.463681697845459,-0.8274822235107422,7.328470230102539
5387,2702.0,275200.0,-6.4714250564575195,-0.8177493810653687,7.322727680206299
5388,2703.0,275300.0,-6.452821254730225,-0.8187620639801025,7.339012622833253
5389,2704.0,275400.0,-6.452821254730225,-0.8187620639801025,7.339012622833253
5390,2705.0,275500.0,-6.446342468261719,-0.8312594294548035,7.343300819396973
5391,2706.0,275600.0,-6.446342468261719,-0.8312594294548035,7.343300819396973
5392,2707.0,275700.0,-6.461243152618407,-0.8181635141372681,7.331666946411133
5393,2708.0,275800.0,-6.461243152618407,-0.8181635141372681,7.331666946411133
5394,2709.0,275900.0,-6.468452453613281,-0.8060773015022278,7.326647281646728
5395,2710.0,276000.0,-6.468452453613281,-0.8060773015022278,7.326647281646728
5396,2711.0,276100.0,-6.454057216644287,-0.8090861439704895,7.3389997482299805
5397,2712.0,276200.0,-6.452572345733643,-0.8093994855880737,7.340270519256593
5398,2713.0,276300.0,-6.452572345733643,-0.8093994855880737,7.340270519256593
5399,2714.0,276400.0,-6.460029602050781,-0.8100871443748474,7.333631992340088
5400,2700.0,275000.0,-6.463681697845459,-0.8274822235107422,7.328470230102539
5401,2701.0,275100.0,-6.463681697845459,-0.8274822235107422,7.328470230102539
5402,2702.0,275200.0,-6.4714250564575195,-0.8177493810653687,7.322727680206299
5403,2703.0,275300.0,-6.452821254730225,-0.8187620639801025,7.339012622833253
5404,2704.0,275400.0,-6.452821254730225,-0.8187620639801025,7.339012622833253
5405,2705.0,275500.0,-6.446342468261719,-0.8312594294548035,7.343300819396973
5406,2706.0,275600.0,-6.446342468261719,-0.8312594294548035,7.343300819396973
5407,2707.0,275700.0,-6.461243152618407,-0.8181635141372681,7.331666946411133
5408,2708.0,275800.0,-6.461243152618407,-0.8181635141372681,7.331666946411133
5409,2709.0,275900.0,-6.468452453613281,-0.8060773015022278,7.326647281646728
5410,2710.0,276000.0,-6.468452453613281,-0.8060773015022278,7.326647281646728
5411,2711.0,276100.0,-6.454057216644287,-0.8090861439704895,7.3389997482299805
5412,2712.0,276200.0,-6.452572345733643,-0.8093994855880737,7.340270519256593
5413,2713.0,276300.0,-6.452572345733643,-0.8093994855880737,7.340270519256593
5414,2714.0,276400.0,-6.460029602050781,-0.8100871443748474,7.333631992340088
5415,2715.0,276500.0,-6.460029602050781,-0.8100871443748474,7.333631992340088
5416,2716.0,276600.0,-6.460040092468263,-0.7923001646995544,7.335565567016602
5417,2717.0,276700.0,-6.460040092468263,-0.7923001646995544,7.335565567016602
5418,2718.0,276800.0,-6.448038578033447,-0.8056424260139465,7.344667434692383
5419,2719.0,276900.0,-6.448038578033447,-0.8056424260139465,7.344667434692383
5420,2720.0,277000.0,-6.427971363067628,-0.8120467662811279,7.361532688140869
5421,2721.0,277100.0,-6.350159168243407,-0.7731366157531738,7.432908058166504
5422,2722.0,277200.0,-6.350159168243407,-0.7731366157531738,7.432908058166504
5423,2723.0,277300.0,-6.3507399559021,-0.7749378085136414,7.432223796844482
5424,2724.0,277400.0,-6.3507399559021,-0.7749378085136414,7.432223796844482
5425,2725.0,277500.0,-6.364502429962157,-0.7531740069389343,7.422683238983152
5426,2726.0,277600.0,-6.364502429962157,-0.7531740069389343,7.422683238983152
5427,2727.0,277700.0,-6.360720157623291,-0.7433087229728699,7.426918983459473
5428,2728.0,277800.0,-6.360720157623291,-0.7433087229728699,7.426918983459473
5429,2729.0,277900.0,-6.361423015594482,-0.7500243186950684,7.4256415367126465
5430,2715.0,276500.0,-6.460029602050781,-0.8100871443748474,7.333631992340088
5431,2716.0,276600.0,-6.460040092468263,-0.7923001646995544,7.335565567016602
5432,2717.0,276700.0,-6.460040092468263,-0.7923001646995544,7.335565567016602
5433,2718.0,276800.0,-6.448038578033447,-0.8056424260139465,7.344667434692383
5434,2719.0,276900.0,-6.448038578033447,-0.8056424260139465,7.344667434692383
5435,2720.0,277000.0,-6.427971363067628,-0.8120467662811279,7.361532688140869
5436,2721.0,277100.0,-6.350159168243407,-0.7731366157531738,7.432908058166504
5437,2722.0,277200.0,-6.350159168243407,-0.7731366157531738,7.432908058166504
5438,2723.0,277300.0,-6.3507399559021,-0.7749378085136414,7.432223796844482
5439,2724.0,277400.0,-6.3507399559021,-0.7749378085136414,7.432223796844482
5440,2725.0,277500.0,-6.364502429962157,-0.7531740069389343,7.422683238983152
5441,2726.0,277600.0,-6.364502429962157,-0.7531740069389343,7.422683238983152
5442,2727.0,277700.0,-6.360720157623291,-0.7433087229728699,7.426918983459473
5443,2728.0,277800.0,-6.360720157623291,-0.7433087229728699,7.426918983459473
5444,2729.0,277900.0,-6.361423015594482,-0.7500243186950684,7.4256415367126465
5445,2730.0,278000.0,-6.361335277557372,-0.734289288520813,7.427289009094237
5446,2731.0,278100.0,-6.361335277557372,-0.734289288520813,7.427289009094237
5447,2732.0,278200.0,-6.3615989685058585,-0.7411196827888489,7.426384449005128
5448,2733.0,278300.0,-6.3615989685058585,-0.7411196827888489,7.426384449005128
5449,2734.0,278400.0,-6.3785552978515625,-0.7346048951148987,7.412474155426025
5450,2735.0,278500.0,-6.3785552978515625,-0.7346048951148987,7.412474155426025
5451,2736.0,278600.0,-6.399436950683594,-0.7312150001525879,7.394790172576902
5452,2737.0,278700.0,-6.399436950683594,-0.7312150001525879,7.394790172576902
5453,2738.0,278800.0,-6.401258945465088,-0.741500198841095,7.392187595367432
5454,2739.0,278900.0,-6.407449722290039,-0.7427783012390137,7.386695384979247
5455,2740.0,279000.0,-6.407449722290039,-0.7427783012390137,7.386695384979247
5456,2741.0,279100.0,-6.4124836921691895,-0.730920672416687,7.3835086822509775
5457,2742.0,279200.0,-6.4124836921691895,-0.730920672416687,7.3835086822509775
5458,2743.0,279300.0,-6.414883613586426,-0.7292571067810059,7.381587982177733
5459,2744.0,279400.0,-6.414883613586426,-0.7292571067810059,7.381587982177733
5460,2730.0,278000.0,-6.361335277557372,-0.734289288520813,7.427289009094237
5461,2731.0,278100.0,-6.361335277557372,-0.734289288520813,7.427289009094237
5462,2732.0,278200.0,-6.3615989685058585,-0.7411196827888489,7.426384449005128
5463,2733.0,278300.0,-6.3615989685058585,-0.7411196827888489,7.426384449005128
5464,2734.0,278400.0,-6.3785552978515625,-0.7346048951148987,7.412474155426025
5465,2735.0,278500.0,-6.3785552978515625,-0.7346048951148987,7.412474155426025
5466,2736.0,278600.0,-6.399436950683594,-0.7312150001525879,7.394790172576902
5467,2737.0,278700.0,-6.399436950683594,-0.7312150001525879,7.394790172576902
5468,2738.0,278800.0,-6.401258945465088,-0.741500198841095,7.392187595367432
5469,2739.0,278900.0,-6.407449722290039,-0.7427783012390137,7.386695384979247
5470,2740.0,279000.0,-6.407449722290039,-0.7427783012390137,7.386695384979247
5471,2741.0,279100.0,-6.4124836921691895,-0.730920672416687,7.3835086822509775
5472,2742.0,279200.0,-6.4124836921691895,-0.730920672416687,7.3835086822509775
5473,2743.0,279300.0,-6.414883613586426,-0.7292571067810059,7.381587982177733
5474,2744.0,279400.0,-6.414883613586426,-0.7292571067810059,7.381587982177733
5475,2745.0,279500.0,-6.401112079620361,-0.7286275625228882,7.3935956954956055
5476,2746.0,279600.0,-6.401112079620361,-0.7286275625228882,7.3935956954956055
5477,2747.0,279700.0,-6.412231922149657,-0.7068462371826172,7.386070251464844
5478,2748.0,279800.0,-6.41956901550293,-0.735365092754364,7.376907825469973
5479,2749.0,279900.0,-6.41956901550293,-0.735365092754364,7.376907825469973
5480,2750.0,280000.0,-6.434238433837892,-0.7314502596855164,7.364505767822266
5481,2751.0,280100.0,-6.434238433837892,-0.7314502596855164,7.364505767822266
5482,2752.0,280200.0,-6.443339824676514,-0.7433034777641296,7.355355739593506
5483,2753.0,280300.0,-6.443339824676514,-0.7433034777641296,7.355355739593506
5484,2754.0,280400.0,-6.4405903816223145,-0.7661781311035156,7.355417728424072
5485,2755.0,280500.0,-6.4405903816223145,-0.7661781311035156,7.355417728424072
5486,2756.0,280600.0,-6.498170852661133,-0.7131059169769287,7.3099684715271
5487,2757.0,280700.0,-6.449280261993407,-0.7283788919448853,7.351641654968263
5488,2758.0,280800.0,-6.449280261993407,-0.7283788919448853,7.351641654968263
5489,2759.0,280900.0,-6.458004951477051,-0.7866118550300598,7.337971210479736
5490,2745.0,279500.0,-6.401112079620361,-0.7286275625228882,7.3935956954956055
5491,2746.0,279600.0,-6.401112079620361,-0.7286275625228882,7.3935956954956055
5492,2747.0,279700.0,-6.412231922149657,-0.7068462371826172,7.386070251464844
5493,2748.0,279800.0,-6.41956901550293,-0.735365092754364,7.376907825469973
5494,2749.0,279900.0,-6.41956901550293,-0.735365092754364,7.376907825469973
5495,2750.0,280000.0,-6.434238433837892,-0.7314502596855164,7.364505767822266
5496,2751.0,280100.0,-6.434238433837892,-0.7314502596855164,7.364505767822266
5497,2752.0,280200.0,-6.443339824676514,-0.7433034777641296,7.355355739593506
5498,2753.0,280300.0,-6.443339824676514,-0.7433034777641296,7.355355739593506
5499,2754.0,280400.0,-6.4405903816223145,-0.7661781311035156,7.355417728424072
5500,2755.0,280500.0,-6.4405903816223145,-0.7661781311035156,7.355417728424072
5501,2756.0,280600.0,-6.498170852661133,-0.7131059169769287,7.3099684715271
5502,2757.0,280700.0,-6.449280261993407,-0.7283788919448853,7.351641654968263
5503,2758.0,280800.0,-6.449280261993407,-0.7283788919448853,7.351641654968263
5504,2759.0,280900.0,-6.458004951477051,-0.7866118550300598,7.337971210479736
5505,2760.0,281000.0,-6.458004951477051,-0.7866118550300598,7.337971210479736
5506,2761.0,281100.0,-6.501561164855957,-0.8512561917304993,7.292150497436522
5507,2762.0,281200.0,-6.501561164855957,-0.8512561917304993,7.292150497436522
5508,2763.0,281300.0,-6.4942827224731445,-0.8542860746383667,7.298279762268066
5509,2764.0,281400.0,-6.4942827224731445,-0.8542860746383667,7.298279762268066
5510,2765.0,281500.0,-6.484863758087157,-0.7875362634658813,7.314144611358643
5511,2766.0,281600.0,-6.470401287078857,-0.7955498099327087,7.3260765075683585
5512,2767.0,281700.0,-6.470401287078857,-0.7955498099327087,7.3260765075683585
5513,2768.0,281800.0,-6.486889362335205,-0.7588310241699219,7.315383434295652
5514,2769.0,281900.0,-6.486889362335205,-0.7588310241699219,7.315383434295652
5515,2770.0,282000.0,-6.477789878845215,-0.7694117426872253,7.322338104248048
5516,2771.0,282100.0,-6.477789878845215,-0.7694117426872253,7.322338104248048
5517,2772.0,282200.0,-6.473758220672607,-0.7573893070220947,7.327155590057372
5518,2773.0,282300.0,-6.473758220672607,-0.7573893070220947,7.327155590057372
5519,2774.0,282400.0,-6.469026565551758,-0.7520756721496582,7.331879615783691
5520,2760.0,281000.0,-6.458004951477051,-0.7866118550300598,7.337971210479736
5521,2761.0,281100.0,-6.501561164855957,-0.8512561917304993,7.292150497436522
5522,2762.0,281200.0,-6.501561164855957,-0.8512561917304993,7.292150497436522
5523,2763.0,281300.0,-6.4942827224731445,-0.8542860746383667,7.298279762268066
5524,2764.0,281400.0,-6.4942827224731445,-0.8542860746383667,7.298279762268066
5525,2765.0,281500.0,-6.484863758087157,-0.7875362634658813,7.314144611358643
5526,2766.0,281600.0,-6.470401287078857,-0.7955498099327087,7.3260765075683585
5527,2767.0,281700.0,-6.470401287078857,-0.7955498099327087,7.3260765075683585
5528,2768.0,281800.0,-6.486889362335205,-0.7588310241699219,7.315383434295652
5529,2769.0,281900.0,-6.486889362335205,-0.7588310241699219,7.315383434295652
5530,2770.0,282000.0,-6.477789878845215,-0.7694117426872253,7.322338104248048
5531,2771.0,282100.0,-6.477789878845215,-0.7694117426872253,7.322338104248048
5532,2772.0,282200.0,-6.473758220672607,-0.7573893070220947,7.327155590057372
5533,2773.0,282300.0,-6.473758220672607,-0.7573893070220947,7.327155590057372
5534,2774.0,282400.0,-6.469026565551758,-0.7520756721496582,7.331879615783691
5535,2775.0,282500.0,-6.480344295501709,-0.73814857006073,7.323296070098878
5536,2776.0,282600.0,-6.480344295501709,-0.73814857006073,7.323296070098878
5537,2777.0,282700.0,-6.494951248168945,-0.6998170614242554,7.314113140106201
5538,2778.0,282800.0,-6.494951248168945,-0.6998170614242554,7.314113140106201
5539,2779.0,282900.0,-6.47426700592041,-0.7143965363502502,7.3310227394104
5540,2780.0,283000.0,-6.47426700592041,-0.7143965363502502,7.3310227394104
5541,2781.0,283100.0,-6.487034797668457,-0.6876616477966309,7.322287082672119
5542,2782.0,283200.0,-6.487034797668457,-0.6876616477966309,7.322287082672119
5543,2783.0,283300.0,-6.478303909301758,-0.7371268272399902,7.325203895568848
5544,2784.0,283400.0,-6.489964008331299,-0.6102484464645386,7.326551914215088
5545,2785.0,283500.0,-6.489964008331299,-0.6102484464645386,7.326551914215088
5546,2786.0,283600.0,-6.444805145263673,-0.6525141000747681,7.362682819366455
5547,2787.0,283700.0,-6.444805145263673,-0.6525141000747681,7.362682819366455
5548,2788.0,283800.0,-6.4428672790527335,-0.6374894976615906,7.365694522857666
5549,2789.0,283900.0,-6.4428672790527335,-0.6374894976615906,7.365694522857666
5550,2775.0,282500.0,-6.480344295501709,-0.73814857006073,7.323296070098878
5551,2776.0,282600.0,-6.480344295501709,-0.73814857006073,7.323296070098878
5552,2777.0,282700.0,-6.494951248168945,-0.6998170614242554,7.314113140106201
5553,2778.0,282800.0,-6.494951248168945,-0.6998170614242554,7.314113140106201
5554,2779.0,282900.0,-6.47426700592041,-0.7143965363502502,7.3310227394104
5555,2780.0,283000.0,-6.47426700592041,-0.7143965363502502,7.3310227394104
5556,2781.0,283100.0,-6.487034797668457,-0.6876616477966309,7.322287082672119
5557,2782.0,283200.0,-6.487034797668457,-0.6876616477966309,7.322287082672119
5558,2783.0,283300.0,-6.478303909301758,-0.7371268272399902,7.325203895568848
5559,2784.0,283400.0,-6.489964008331299,-0.6102484464645386,7.326551914215088
5560,2785.0,283500.0,-6.489964008331299,-0.6102484464645386,7.326551914215088
5561,2786.0,283600.0,-6.444805145263673,-0.6525141000747681,7.362682819366455
5562,2787.0,283700.0,-6.444805145263673,-0.6525141000747681,7.362682819366455
5563,2788.0,283800.0,-6.4428672790527335,-0.6374894976615906,7.365694522857666
5564,2789.0,283900.0,-6.4428672790527335,-0.6374894976615906,7.365694522857666
5565,2790.0,284000.0,-6.449997901916504,-0.6577329635620117,7.357669353485107
5566,2791.0,284100.0,-6.449997901916504,-0.6577329635620117,7.357669353485107
5567,2792.0,284200.0,-6.461271286010742,-0.5826093554496765,7.354109764099121
5568,2793.0,284300.0,-6.44595193862915,-0.6216779351234436,7.364346981048584
5569,2794.0,284400.0,-6.44595193862915,-0.6216779351234436,7.364346981048584
5570,2795.0,284500.0,-6.436635971069336,-0.6078767776489258,7.3736419677734375
5571,2796.0,284600.0,-6.436635971069336,-0.6078767776489258,7.3736419677734375
5572,2797.0,284700.0,-6.44804573059082,-0.6324085593223572,7.361599922180176
5573,2798.0,284800.0,-6.44804573059082,-0.6324085593223572,7.361599922180176
5574,2799.0,284900.0,-6.441577434539795,-0.5946747660636902,7.370401859283447
5575,2800.0,285000.0,-6.441577434539795,-0.5946747660636902,7.370401859283447
5576,2801.0,285100.0,-6.455352306365968,-0.6354779005050659,7.354928970336914
5577,2802.0,285200.0,-6.449074745178223,-0.6165829300880432,7.362040996551514
5578,2803.0,285300.0,-6.449074745178223,-0.6165829300880432,7.362040996551514
5579,2804.0,285400.0,-6.4426326751708975,-0.6447726488113403,7.365265846252441
5580,2790.0,284000.0,-6.449997901916504,-0.6577329635620117,7.357669353485107
5581,2791.0,284100.0,-6.449997901916504,-0.6577329635620117,7.357669353485107
5582,2792.0,284200.0,-6.461271286010742,-0.5826093554496765,7.354109764099121
5583,2793.0,284300.0,-6.44595193862915,-0.6216779351234436,7.364346981048584
5584,2794.0,284400.0,-6.44595193862915,-0.6216779351234436,7.364346981048584
5585,2795.0,284500.0,-6.436635971069336,-0.6078767776489258,7.3736419677734375
5586,2796.0,284600.0,-6.436635971069336,-0.6078767776489258,7.3736419677734375
5587,2797.0,284700.0,-6.44804573059082,-0.6324085593223572,7.361599922180176
5588,2798.0,284800.0,-6.44804573059082,-0.6324085593223572,7.361599922180176
5589,2799.0,284900.0,-6.441577434539795,-0.5946747660636902,7.370401859283447
5590,2800.0,285000.0,-6.441577434539795,-0.5946747660636902,7.370401859283447
5591,2801.0,285100.0,-6.455352306365968,-0.6354779005050659,7.354928970336914
5592,2802.0,285200.0,-6.449074745178223,-0.6165829300880432,7.362040996551514
5593,2803.0,285300.0,-6.449074745178223,-0.6165829300880432,7.362040996551514
5594,2804.0,285400.0,-6.4426326751708975,-0.6447726488113403,7.365265846252441
5595,2805.0,285500.0,-6.4426326751708975,-0.6447726488113403,7.365265846252441
5596,2806.0,285600.0,-6.442156791687013,-0.674526572227478,7.3630170822143555
5597,2807.0,285700.0,-6.442156791687013,-0.674526572227478,7.3630170822143555
5598,2808.0,285800.0,-6.465236663818359,-0.6834431886672974,7.341934680938723
5599,2809.0,285900.0,-6.465236663818359,-0.6834431886672974,7.341934680938723
5600,2810.0,286000.0,-6.476587295532228,-0.6351426839828491,7.33626651763916
5601,2811.0,286100.0,-6.500927925109862,-0.6379331946372986,7.314462661743164
5602,2812.0,286200.0,-6.500927925109862,-0.6379331946372986,7.314462661743164
5603,2813.0,286300.0,-6.4751691818237305,-0.6782052516937256,7.333662033081055
5604,2814.0,286400.0,-6.4751691818237305,-0.6782052516937256,7.333662033081055
5605,2815.0,286500.0,-6.481170654296875,-0.7355360388755798,7.322827339172362
5606,2816.0,286600.0,-6.481170654296875,-0.7355360388755798,7.322827339172362
5607,2817.0,286700.0,-6.45863151550293,-0.8046739101409912,7.335459232330322
5608,2818.0,286800.0,-6.45863151550293,-0.8046739101409912,7.335459232330322
5609,2819.0,286900.0,-6.503713130950928,-0.7376877069473267,7.3025970458984375
5610,2805.0,285500.0,-6.4426326751708975,-0.6447726488113403,7.365265846252441
5611,2806.0,285600.0,-6.442156791687013,-0.674526572227478,7.3630170822143555
5612,2807.0,285700.0,-6.442156791687013,-0.674526572227478,7.3630170822143555
5613,2808.0,285800.0,-6.465236663818359,-0.6834431886672974,7.341934680938723
5614,2809.0,285900.0,-6.465236663818359,-0.6834431886672974,7.341934680938723
5615,2810.0,286000.0,-6.476587295532228,-0.6351426839828491,7.33626651763916
5616,2811.0,286100.0,-6.500927925109862,-0.6379331946372986,7.314462661743164
5617,2812.0,286200.0,-6.500927925109862,-0.6379331946372986,7.314462661743164
5618,2813.0,286300.0,-6.4751691818237305,-0.6782052516937256,7.333662033081055
5619,2814.0,286400.0,-6.4751691818237305,-0.6782052516937256,7.333662033081055
5620,2815.0,286500.0,-6.481170654296875,-0.7355360388755798,7.322827339172362
5621,2816.0,286600.0,-6.481170654296875,-0.7355360388755798,7.322827339172362
5622,2817.0,286700.0,-6.45863151550293,-0.8046739101409912,7.335459232330322
5623,2818.0,286800.0,-6.45863151550293,-0.8046739101409912,7.335459232330322
5624,2819.0,286900.0,-6.503713130950928,-0.7376877069473267,7.3025970458984375
5625,2820.0,287000.0,-6.503713130950928,-0.7376877069473267,7.3025970458984375
5626,2821.0,287100.0,-6.53680419921875,-0.7158639430999756,7.2751712799072275
5627,2822.0,287200.0,-6.519739627838135,-0.7204162478446959,7.290019989013673
5628,2823.0,287300.0,-6.519739627838135,-0.7204162478446959,7.290019989013673
5629,2824.0,287400.0,-6.532468318939209,-0.6877297759056091,7.281777381896973
5630,2825.0,287500.0,-6.532468318939209,-0.6877297759056091,7.281777381896973
5631,2826.0,287600.0,-6.516159534454348,-0.7138956189155579,7.29386043548584
5632,2827.0,287700.0,-6.516159534454348,-0.7138956189155579,7.29386043548584
5633,2828.0,287800.0,-6.5064640045166025,-0.7105523943901062,7.3028364181518555
5634,2829.0,287900.0,-6.498917102813723,-0.7165443301200867,7.308969497680664
5635,2830.0,288000.0,-6.498917102813723,-0.7165443301200867,7.308969497680664
5636,2831.0,288100.0,-6.498867988586426,-0.7209320664405823,7.308581352233888
5637,2832.0,288200.0,-6.498867988586426,-0.7209320664405823,7.308581352233888
5638,2833.0,288300.0,-6.4900689125061035,-0.7769485712051392,7.310659885406494
5639,2834.0,288400.0,-6.4900689125061035,-0.7769485712051392,7.310659885406494
5640,2820.0,287000.0,-6.503713130950928,-0.7376877069473267,7.3025970458984375
5641,2821.0,287100.0,-6.53680419921875,-0.7158639430999756,7.2751712799072275
5642,2822.0,287200.0,-6.519739627838135,-0.7204162478446959,7.290019989013673
5643,2823.0,287300.0,-6.519739627838135,-0.7204162478446959,7.290019989013673
5644,2824.0,287400.0,-6.532468318939209,-0.6877297759056091,7.281777381896973
5645,2825.0,287500.0,-6.532468318939209,-0.6877297759056091,7.281777381896973
5646,2826.0,287600.0,-6.516159534454348,-0.7138956189155579,7.29386043548584
5647,2827.0,287700.0,-6.516159534454348,-0.7138956189155579,7.29386043548584
5648,2828.0,287800.0,-6.5064640045166025,-0.7105523943901062,7.3028364181518555
5649,2829.0,287900.0,-6.498917102813723,-0.7165443301200867,7.308969497680664
5650,2830.0,288000.0,-6.498917102813723,-0.7165443301200867,7.308969497680664
5651,2831.0,288100.0,-6.498867988586426,-0.7209320664405823,7.308581352233888
5652,2832.0,288200.0,-6.498867988586426,-0.7209320664405823,7.308581352233888
5653,2833.0,288300.0,-6.4900689125061035,-0.7769485712051392,7.310659885406494
5654,2834.0,288400.0,-6.4900689125061035,-0.7769485712051392,7.310659885406494
5655,2835.0,288500.0,-6.494762897491455,-0.7144760489463806,7.312863349914551
5656,2836.0,288600.0,-6.494762897491455,-0.7144760489463806,7.312863349914551
5657,2837.0,288700.0,-6.487740516662598,-0.7070251107215881,7.319817066192628
5658,2838.0,288800.0,-6.478401184082031,-0.6861857771873474,7.330065727233888
5659,2839.0,288900.0,-6.478401184082031,-0.6861857771873474,7.330065727233888
5660,2840.0,289000.0,-6.483469009399414,-0.6957894563674927,7.324676513671875
5661,2841.0,289100.0,-6.483469009399414,-0.6957894563674927,7.324676513671875
5662,2842.0,289200.0,-6.48271369934082,-0.7020587325096129,7.3247480392456055
5663,2843.0,289300.0,-6.48271369934082,-0.7020587325096129,7.3247480392456055
5664,2844.0,289400.0,-6.479648590087892,-0.7138704657554626,7.326317310333253
5665,2845.0,289500.0,-6.479648590087892,-0.7138704657554626,7.326317310333253
5666,2846.0,289600.0,-6.481051445007324,-0.7178112864494324,7.3246917724609375
5667,2847.0,289700.0,-6.481051445007324,-0.7178112864494324,7.3246917724609375
5668,2848.0,289800.0,-6.47383975982666,-0.7292071580886841,7.329942226409912
5669,2849.0,289900.0,-6.471185684204103,-0.7337608337402344,7.3318305015563965
5670,2835.0,288500.0,-6.494762897491455,-0.7144760489463806,7.312863349914551
5671,2836.0,288600.0,-6.494762897491455,-0.7144760489463806,7.312863349914551
5672,2837.0,288700.0,-6.487740516662598,-0.7070251107215881,7.319817066192628
5673,2838.0,288800.0,-6.478401184082031,-0.6861857771873474,7.330065727233888
5674,2839.0,288900.0,-6.478401184082031,-0.6861857771873474,7.330065727233888
5675,2840.0,289000.0,-6.483469009399414,-0.6957894563674927,7.324676513671875
5676,2841.0,289100.0,-6.483469009399414,-0.6957894563674927,7.324676513671875
5677,2842.0,289200.0,-6.48271369934082,-0.7020587325096129,7.3247480392456055
5678,2843.0,289300.0,-6.48271369934082,-0.7020587325096129,7.3247480392456055
5679,2844.0,289400.0,-6.479648590087892,-0.7138704657554626,7.326317310333253
5680,2845.0,289500.0,-6.479648590087892,-0.7138704657554626,7.326317310333253
5681,2846.0,289600.0,-6.481051445007324,-0.7178112864494324,7.3246917724609375
5682,2847.0,289700.0,-6.481051445007324,-0.7178112864494324,7.3246917724609375
5683,2848.0,289800.0,-6.47383975982666,-0.7292071580886841,7.329942226409912
5684,2849.0,289900.0,-6.471185684204103,-0.7337608337402344,7.3318305015563965
5685,2850.0,290000.0,-6.471185684204103,-0.7337608337402344,7.3318305015563965
5686,2851.0,290100.0,-6.46769380569458,-0.7424553036689758,7.334035873413086
5687,2852.0,290200.0,-6.46769380569458,-0.7424553036689758,7.334035873413086
5688,2853.0,290300.0,-6.4856019020080575,-0.7496470212936401,7.317470550537108
5689,2854.0,290400.0,-6.4856019020080575,-0.7496470212936401,7.317470550537108
5690,2855.0,290500.0,-6.479897975921631,-0.7536515593528748,7.3221116065979
5691,2856.0,290600.0,-6.479897975921631,-0.7536515593528748,7.3221116065979
5692,2857.0,290700.0,-6.488950729370117,-0.7489762306213379,7.314570903778076
5693,2858.0,290800.0,-6.489717483520508,-0.7870748043060303,7.30988883972168
5694,2859.0,290900.0,-6.489717483520508,-0.7870748043060303,7.30988883972168
5695,2860.0,291000.0,-6.5166425704956055,-0.7477703690528871,7.290034294128418
5696,2861.0,291100.0,-6.5166425704956055,-0.7477703690528871,7.290034294128418
5697,2862.0,291200.0,-6.515196323394775,-0.7432549595832825,7.2917890548706055
5698,2863.0,291300.0,-6.515196323394775,-0.7432549595832825,7.2917890548706055
5699,2864.0,291400.0,-6.473442077636719,-0.6876996755599976,7.334303855895996
5700,2850.0,290000.0,-6.471185684204103,-0.7337608337402344,7.3318305015563965
5701,2851.0,290100.0,-6.46769380569458,-0.7424553036689758,7.334035873413086
5702,2852.0,290200.0,-6.46769380569458,-0.7424553036689758,7.334035873413086
5703,2853.0,290300.0,-6.4856019020080575,-0.7496470212936401,7.317470550537108
5704,2854.0,290400.0,-6.4856019020080575,-0.7496470212936401,7.317470550537108
5705,2855.0,290500.0,-6.479897975921631,-0.7536515593528748,7.3221116065979
5706,2856.0,290600.0,-6.479897975921631,-0.7536515593528748,7.3221116065979
5707,2857.0,290700.0,-6.488950729370117,-0.7489762306213379,7.314570903778076
5708,2858.0,290800.0,-6.489717483520508,-0.7870748043060303,7.30988883972168
5709,2859.0,290900.0,-6.489717483520508,-0.7870748043060303,7.30988883972168
5710,2860.0,291000.0,-6.5166425704956055,-0.7477703690528871,7.290034294128418
5711,2861.0,291100.0,-6.5166425704956055,-0.7477703690528871,7.290034294128418
5712,2862.0,291200.0,-6.515196323394775,-0.7432549595832825,7.2917890548706055
5713,2863.0,291300.0,-6.515196323394775,-0.7432549595832825,7.2917890548706055
5714,2864.0,291400.0,-6.473442077636719,-0.6876996755599976,7.334303855895996
5715,2865.0,291500.0,-6.473442077636719,-0.6876996755599976,7.334303855895996
5716,2866.0,291600.0,-6.514487266540527,-0.6392854452133179,7.3022708892822275
5717,2867.0,291700.0,-6.537677764892577,-0.669000506401062,7.278846740722656
5718,2868.0,291800.0,-6.537677764892577,-0.669000506401062,7.278846740722656
5719,2869.0,291900.0,-6.507021903991699,-0.6867088675498962,7.30462121963501
5720,2870.0,292000.0,-6.507021903991699,-0.6867088675498962,7.30462121963501
5721,2871.0,292100.0,-6.499669551849365,-0.6986623406410217,7.310031890869141
5722,2872.0,292200.0,-6.499669551849365,-0.6986623406410217,7.310031890869141
5723,2873.0,292300.0,-6.513838768005371,-0.6820324063301086,7.298981666564941
5724,2874.0,292400.0,-6.513838768005371,-0.6820324063301086,7.298981666564941
5725,2875.0,292500.0,-6.514263153076173,-0.6868100166320801,7.298154354095459
5726,2876.0,292600.0,-6.5136494636535645,-0.7075502872467041,7.296720504760742
5727,2877.0,292700.0,-6.5136494636535645,-0.7075502872467041,7.296720504760742
5728,2878.0,292800.0,-6.520644664764402,-0.6763938069343567,7.293426513671875
5729,2879.0,292900.0,-6.520644664764402,-0.6763938069343567,7.293426513671875
5730,2865.0,291500.0,-6.473442077636719,-0.6876996755599976,7.334303855895996
5731,2866.0,291600.0,-6.514487266540527,-0.6392854452133179,7.3022708892822275
5732,2867.0,291700.0,-6.537677764892577,-0.669000506401062,7.278846740722656
5733,2868.0,291800.0,-6.537677764892577,-0.669000506401062,7.278846740722656
5734,2869.0,291900.0,-6.507021903991699,-0.6867088675498962,7.30462121963501
5735,2870.0,292000.0,-6.507021903991699,-0.6867088675498962,7.30462121963501
5736,2871.0,292100.0,-6.499669551849365,-0.6986623406410217,7.310031890869141
5737,2872.0,292200.0,-6.499669551849365,-0.6986623406410217,7.310031890869141
5738,2873.0,292300.0,-6.513838768005371,-0.6820324063301086,7.298981666564941
5739,2874.0,292400.0,-6.513838768005371,-0.6820324063301086,7.298981666564941
5740,2875.0,292500.0,-6.514263153076173,-0.6868100166320801,7.298154354095459
5741,2876.0,292600.0,-6.5136494636535645,-0.7075502872467041,7.296720504760742
5742,2877.0,292700.0,-6.5136494636535645,-0.7075502872467041,7.296720504760742
5743,2878.0,292800.0,-6.520644664764402,-0.6763938069343567,7.293426513671875
5744,2879.0,292900.0,-6.520644664764402,-0.6763938069343567,7.293426513671875
5745,2880.0,293000.0,-6.543120384216309,-0.6985793709754944,7.2711730003356925
5746,2881.0,293100.0,-6.543120384216309,-0.6985793709754944,7.2711730003356925
5747,2882.0,293200.0,-6.5233635902404785,-0.7072723507881165,7.288064479827881
5748,2883.0,293300.0,-6.5233635902404785,-0.7072723507881165,7.288064479827881
5749,2884.0,293400.0,-6.522962093353272,-0.6938987970352173,7.289708614349365
5750,2885.0,293500.0,-6.505744934082031,-0.6942653059959412,7.305043697357178
5751,2886.0,293600.0,-6.505744934082031,-0.6942653059959412,7.305043697357178
5752,2887.0,293700.0,-6.477835178375244,-0.7621133923530579,7.323060989379883
5753,2888.0,293800.0,-6.477835178375244,-0.7621133923530579,7.323060989379883
5754,2889.0,293900.0,-6.462157726287843,-0.8124772310256958,7.331492900848389
5755,2890.0,294000.0,-6.462157726287843,-0.8124772310256958,7.331492900848389
5756,2891.0,294100.0,-6.45916223526001,-0.8308642506599426,7.332073211669923
5757,2892.0,294200.0,-6.45916223526001,-0.8308642506599426,7.332073211669923
5758,2893.0,294300.0,-6.506102085113525,-0.9302324056625366,7.278439998626709
5759,2894.0,294400.0,-6.507375717163086,-1.121771216392517,7.250247001647949
