,Unnamed: 0,timestamp,gx,gy,gz
0,0.0,5000.0,-0.488319993019104,0.3051999807357788,0.183119997382164
1,1.0,5100.0,-0.488319993019104,0.3051999807357788,0.183119997382164
2,2.0,5200.0,-0.488319993019104,0.3051999807357788,0.183119997382164
3,3.0,5300.0,-1.7091200351715088,1.3428800106048584,-0.6103999614715576
4,4.0,5400.0,-1.7091200351715088,1.3428800106048584,-0.6103999614715576
5,5.0,5500.0,-1.7091200351715088,1.3428800106048584,-0.6103999614715576
6,6.0,5600.0,-0.7935199737548828,0.183119997382164,-1.1597599983215332
7,7.0,5700.0,-0.7935199737548828,0.183119997382164,-1.1597599983215332
8,8.0,5800.0,0.6103999614715576,0.122079998254776,-1.1597599983215332
9,9.0,5900.0,0.6103999614715576,0.122079998254776,-1.1597599983215332
10,10.0,6000.0,0.6103999614715576,-0.4272800087928772,0.122079998254776
11,11.0,6100.0,0.6103999614715576,-0.4272800087928772,0.122079998254776
12,12.0,6200.0,0.122079998254776,0.976639986038208,-0.3051999807357788
13,13.0,6300.0,0.122079998254776,0.976639986038208,-0.3051999807357788
14,14.0,6400.0,0.122079998254776,0.976639986038208,-0.3051999807357788
15,15.0,6500.0,-1.2207999229431152,1.2207999229431152,-0.061039999127388
16,16.0,6600.0,-1.2207999229431152,1.2207999229431152,-0.061039999127388
17,17.0,6700.0,-0.366239994764328,-0.366239994764328,-0.6714400053024292
18,18.0,6800.0,-0.366239994764328,-0.366239994764328,-0.6714400053024292
19,19.0,6900.0,0.061039999127388,-1.0987199544906616,0.6714400053024292
20,20.0,7000.0,0.061039999127388,-1.0987199544906616,0.6714400053024292
21,21.0,7100.0,0.061039999127388,-1.0987199544906616,0.6714400053024292
22,22.0,7200.0,-0.366239994764328,-1.0376800298690796,2.014319896697998
23,23.0,7300.0,-0.366239994764328,-1.0376800298690796,2.014319896697998
24,24.0,7400.0,-3.662400007247925,2.1974399089813232,-0.8545600175857544
25,25.0,7500.0,-3.662400007247925,2.1974399089813232,-0.8545600175857544
26,26.0,7600.0,-4.822159767150879,0.7935199737548828,-1.2207999229431152
27,27.0,7700.0,-4.822159767150879,0.7935199737548828,-1.2207999229431152
28,28.0,7800.0,-0.6714400053024292,1.7701599597930908,-0.7935199737548828
29,29.0,7900.0,-0.6714400053024292,1.7701599597930908,-0.7935199737548828
30,30.0,8000.0,-0.6714400053024292,1.7701599597930908,-0.7935199737548828
31,31.0,8100.0,-0.488319993019104,0.6103999614715576,-2.1974399089813232
32,32.0,8200.0,-0.488319993019104,0.6103999614715576,-2.1974399089813232
33,33.0,8300.0,2.746799945831299,-0.183119997382164,-0.7324799895286559
34,34.0,8400.0,2.746799945831299,-0.183119997382164,-0.7324799895286559
35,35.0,8500.0,-0.122079998254776,-0.183119997382164,-0.488319993019104
36,36.0,8600.0,-0.122079998254776,-0.183119997382164,-0.488319993019104
37,37.0,8700.0,-0.122079998254776,-0.183119997382164,-0.488319993019104
38,38.0,8800.0,-0.366239994764328,-0.061039999127388,-0.7324799895286559
39,39.0,8900.0,-0.366239994764328,-0.061039999127388,-0.7324799895286559
40,40.0,9000.0,-0.6103999614715576,-0.244159996509552,-0.4272800087928772
41,41.0,9100.0,-0.6103999614715576,-0.244159996509552,-0.4272800087928772
42,42.0,9200.0,-0.244159996509552,-0.366239994764328,-0.061039999127388
43,43.0,9300.0,-0.244159996509552,-0.366239994764328,-0.061039999127388
44,44.0,9400.0,-4.394879817962647,2.014319896697998,1.8312000036239624
45,45.0,9500.0,-4.394879817962647,2.014319896697998,1.8312000036239624
46,46.0,9600.0,-4.394879817962647,2.014319896697998,1.8312000036239624
47,47.0,9700.0,1.5260000228881836,-0.6714400053024292,-1.4039199352264404
48,48.0,9800.0,1.5260000228881836,-0.6714400053024292,-1.4039199352264404
49,49.0,9900.0,-0.244159996509552,1.3428800106048584,0.061039999127388
50,50.0,10000.0,-0.244159996509552,1.3428800106048584,0.061039999127388
51,51.0,10100.0,-0.244159996509552,1.3428800106048584,0.061039999127388
52,52.0,10200.0,1.8922399282455444,-1.2207999229431152,-1.2207999229431152
53,53.0,10300.0,1.8922399282455444,-1.2207999229431152,-1.2207999229431152
54,54.0,10400.0,-1.2818399667739868,1.7701599597930908,-0.6103999614715576
55,55.0,10500.0,-1.2818399667739868,1.7701599597930908,-0.6103999614715576
56,56.0,10600.0,-5.615679740905762,0.6103999614715576,1.4649599790573118
57,57.0,10700.0,-5.615679740905762,0.6103999614715576,1.4649599790573118
58,58.0,10800.0,0.6714400053024292,-1.3428800106048584,-0.366239994764328
59,59.0,10900.0,0.6714400053024292,-1.3428800106048584,-0.366239994764328
60,30.0,8000.0,-0.6714400053024292,1.7701599597930908,-0.7935199737548828
61,31.0,8100.0,-0.488319993019104,0.6103999614715576,-2.1974399089813232
62,32.0,8200.0,-0.488319993019104,0.6103999614715576,-2.1974399089813232
63,33.0,8300.0,2.746799945831299,-0.183119997382164,-0.7324799895286559
64,34.0,8400.0,2.746799945831299,-0.183119997382164,-0.7324799895286559
65,35.0,8500.0,-0.122079998254776,-0.183119997382164,-0.488319993019104
66,36.0,8600.0,-0.122079998254776,-0.183119997382164,-0.488319993019104
67,37.0,8700.0,-0.122079998254776,-0.183119997382164,-0.488319993019104
68,38.0,8800.0,-0.366239994764328,-0.061039999127388,-0.7324799895286559
69,39.0,8900.0,-0.366239994764328,-0.061039999127388,-0.7324799895286559
70,40.0,9000.0,-0.6103999614715576,-0.244159996509552,-0.4272800087928772
71,41.0,9100.0,-0.6103999614715576,-0.244159996509552,-0.4272800087928772
72,42.0,9200.0,-0.244159996509552,-0.366239994764328,-0.061039999127388
73,43.0,9300.0,-0.244159996509552,-0.366239994764328,-0.061039999127388
74,44.0,9400.0,-4.394879817962647,2.014319896697998,1.8312000036239624
75,45.0,9500.0,-4.394879817962647,2.014319896697998,1.8312000036239624
76,46.0,9600.0,-4.394879817962647,2.014319896697998,1.8312000036239624
77,47.0,9700.0,1.5260000228881836,-0.6714400053024292,-1.4039199352264404
78,48.0,9800.0,1.5260000228881836,-0.6714400053024292,-1.4039199352264404
79,49.0,9900.0,-0.244159996509552,1.3428800106048584,0.061039999127388
80,50.0,10000.0,-0.244159996509552,1.3428800106048584,0.061039999127388
81,51.0,10100.0,-0.244159996509552,1.3428800106048584,0.061039999127388
82,52.0,10200.0,1.8922399282455444,-1.2207999229431152,-1.2207999229431152
83,53.0,10300.0,1.8922399282455444,-1.2207999229431152,-1.2207999229431152
84,54.0,10400.0,-1.2818399667739868,1.7701599597930908,-0.6103999614715576
85,55.0,10500.0,-1.2818399667739868,1.7701599597930908,-0.6103999614715576
86,56.0,10600.0,-5.615679740905762,0.6103999614715576,1.4649599790573118
87,57.0,10700.0,-5.615679740905762,0.6103999614715576,1.4649599790573118
88,58.0,10800.0,0.6714400053024292,-1.3428800106048584,-0.366239994764328
89,59.0,10900.0,0.6714400053024292,-1.3428800106048584,-0.366239994764328
90,60.0,11000.0,0.6714400053024292,-1.3428800106048584,-0.366239994764328
91,61.0,11100.0,-1.2207999229431152,0.061039999127388,0.4272800087928772
92,62.0,11200.0,-1.2207999229431152,0.061039999127388,0.4272800087928772
93,63.0,11300.0,-0.3051999807357788,1.5260000228881836,-0.244159996509552
94,64.0,11400.0,-0.3051999807357788,1.5260000228881836,-0.244159996509552
95,65.0,11500.0,8.789759635925293,-3.84552001953125,0.061039999127388
96,66.0,11600.0,8.789759635925293,-3.84552001953125,0.061039999127388
97,67.0,11700.0,8.789759635925293,-3.84552001953125,0.061039999127388
98,68.0,11800.0,5.4325599670410165,0.4272800087928772,-1.5260000228881836
99,69.0,11900.0,5.4325599670410165,0.4272800087928772,-1.5260000228881836
100,70.0,12000.0,1.8922399282455444,-0.9156000018119812,-0.183119997382164
101,71.0,12100.0,1.8922399282455444,-0.9156000018119812,-0.183119997382164
102,72.0,12200.0,-1.0376800298690796,0.6103999614715576,-0.488319993019104
103,73.0,12300.0,-1.0376800298690796,0.6103999614715576,-0.488319993019104
104,74.0,12400.0,-1.953279972076416,2.990959882736206,-0.6714400053024292
105,75.0,12500.0,-1.953279972076416,2.990959882736206,-0.6714400053024292
106,76.0,12600.0,-1.953279972076416,2.990959882736206,-0.6714400053024292
107,77.0,12700.0,-2.1974399089813232,0.5493599772453308,0.244159996509552
108,78.0,12800.0,-2.1974399089813232,0.5493599772453308,0.244159996509552
109,79.0,12900.0,2.014319896697998,-1.3428800106048584,-0.366239994764328
110,80.0,13000.0,2.014319896697998,-1.3428800106048584,-0.366239994764328
111,81.0,13100.0,2.014319896697998,-1.3428800106048584,-0.366239994764328
112,82.0,13200.0,1.6480799913406372,-0.6103999614715576,-0.5493599772453308
113,83.0,13300.0,1.6480799913406372,-0.6103999614715576,-0.5493599772453308
114,84.0,13400.0,-1.1597599983215332,0.3051999807357788,-0.366239994764328
115,85.0,13500.0,-1.1597599983215332,0.3051999807357788,-0.366239994764328
116,86.0,13600.0,0.6714400053024292,0.3051999807357788,-0.4272800087928772
117,87.0,13700.0,0.6714400053024292,0.3051999807357788,-0.4272800087928772
118,88.0,13800.0,-2.2584800720214844,-0.183119997382164,-0.4272800087928772
119,89.0,13900.0,-2.2584800720214844,-0.183119997382164,-0.4272800087928772
120,60.0,11000.0,0.6714400053024292,-1.3428800106048584,-0.366239994764328
121,61.0,11100.0,-1.2207999229431152,0.061039999127388,0.4272800087928772
122,62.0,11200.0,-1.2207999229431152,0.061039999127388,0.4272800087928772
123,63.0,11300.0,-0.3051999807357788,1.5260000228881836,-0.244159996509552
124,64.0,11400.0,-0.3051999807357788,1.5260000228881836,-0.244159996509552
125,65.0,11500.0,8.789759635925293,-3.84552001953125,0.061039999127388
126,66.0,11600.0,8.789759635925293,-3.84552001953125,0.061039999127388
127,67.0,11700.0,8.789759635925293,-3.84552001953125,0.061039999127388
128,68.0,11800.0,5.4325599670410165,0.4272800087928772,-1.5260000228881836
129,69.0,11900.0,5.4325599670410165,0.4272800087928772,-1.5260000228881836
130,70.0,12000.0,1.8922399282455444,-0.9156000018119812,-0.183119997382164
131,71.0,12100.0,1.8922399282455444,-0.9156000018119812,-0.183119997382164
132,72.0,12200.0,-1.0376800298690796,0.6103999614715576,-0.488319993019104
133,73.0,12300.0,-1.0376800298690796,0.6103999614715576,-0.488319993019104
134,74.0,12400.0,-1.953279972076416,2.990959882736206,-0.6714400053024292
135,75.0,12500.0,-1.953279972076416,2.990959882736206,-0.6714400053024292
136,76.0,12600.0,-1.953279972076416,2.990959882736206,-0.6714400053024292
137,77.0,12700.0,-2.1974399089813232,0.5493599772453308,0.244159996509552
138,78.0,12800.0,-2.1974399089813232,0.5493599772453308,0.244159996509552
139,79.0,12900.0,2.014319896697998,-1.3428800106048584,-0.366239994764328
140,80.0,13000.0,2.014319896697998,-1.3428800106048584,-0.366239994764328
141,81.0,13100.0,2.014319896697998,-1.3428800106048584,-0.366239994764328
142,82.0,13200.0,1.6480799913406372,-0.6103999614715576,-0.5493599772453308
143,83.0,13300.0,1.6480799913406372,-0.6103999614715576,-0.5493599772453308
144,84.0,13400.0,-1.1597599983215332,0.3051999807357788,-0.366239994764328
145,85.0,13500.0,-1.1597599983215332,0.3051999807357788,-0.366239994764328
146,86.0,13600.0,0.6714400053024292,0.3051999807357788,-0.4272800087928772
147,87.0,13700.0,0.6714400053024292,0.3051999807357788,-0.4272800087928772
148,88.0,13800.0,-2.2584800720214844,-0.183119997382164,-0.4272800087928772
149,89.0,13900.0,-2.2584800720214844,-0.183119997382164,-0.4272800087928772
150,90.0,14000.0,-2.2584800720214844,-0.183119997382164,-0.4272800087928772
151,91.0,14100.0,-2.1974399089813232,0.061039999127388,0.7935199737548828
152,92.0,14200.0,-2.1974399089813232,0.061039999127388,0.7935199737548828
153,93.0,14300.0,4.028639793395996,-3.0520000457763667,-0.3051999807357788
154,94.0,14400.0,4.028639793395996,-3.0520000457763667,-0.3051999807357788
155,95.0,14500.0,-1.8312000036239624,2.014319896697998,-1.4649599790573118
156,96.0,14600.0,-1.8312000036239624,2.014319896697998,-1.4649599790573118
157,97.0,14700.0,-1.8312000036239624,2.014319896697998,-1.4649599790573118
158,98.0,14800.0,-6.165040016174316,3.2351200580596924,-0.244159996509552
159,99.0,14900.0,-6.165040016174316,3.2351200580596924,-0.244159996509552
160,100.0,15000.0,-2.075360059738159,1.5870399475097656,-0.061039999127388
161,101.0,15100.0,-2.075360059738159,1.5870399475097656,-0.061039999127388
162,102.0,15200.0,-0.183119997382164,-0.4272800087928772,-0.244159996509552
163,103.0,15300.0,-0.183119997382164,-0.4272800087928772,-0.244159996509552
164,104.0,15400.0,-0.183119997382164,-0.4272800087928772,-0.244159996509552
165,105.0,15500.0,-2.868880033493042,2.990959882736206,0.6714400053024292
166,106.0,15600.0,-2.868880033493042,2.990959882736206,0.6714400053024292
167,107.0,15700.0,-2.3195199966430664,3.1130399703979488,-0.6714400053024292
168,108.0,15800.0,-2.3195199966430664,3.1130399703979488,-0.6714400053024292
169,109.0,15900.0,-0.976639986038208,-0.244159996509552,-0.6714400053024292
170,110.0,16000.0,-0.976639986038208,-0.244159996509552,-0.6714400053024292
171,111.0,16100.0,-0.976639986038208,-0.244159996509552,-0.6714400053024292
172,112.0,16200.0,-0.9156000018119812,0.5493599772453308,-0.6714400053024292
173,113.0,16300.0,-0.9156000018119812,0.5493599772453308,-0.6714400053024292
174,114.0,16400.0,0.122079998254776,0.7324799895286559,-0.122079998254776
175,115.0,16500.0,0.122079998254776,0.7324799895286559,-0.122079998254776
176,116.0,16600.0,-0.061039999127388,0.3051999807357788,-0.3051999807357788
177,117.0,16700.0,-0.061039999127388,0.3051999807357788,-0.3051999807357788
178,118.0,16800.0,-0.6103999614715576,-0.061039999127388,0.244159996509552
179,119.0,16900.0,-0.6103999614715576,-0.061039999127388,0.244159996509552
180,90.0,14000.0,-2.2584800720214844,-0.183119997382164,-0.4272800087928772
181,91.0,14100.0,-2.1974399089813232,0.061039999127388,0.7935199737548828
182,92.0,14200.0,-2.1974399089813232,0.061039999127388,0.7935199737548828
183,93.0,14300.0,4.028639793395996,-3.0520000457763667,-0.3051999807357788
184,94.0,14400.0,4.028639793395996,-3.0520000457763667,-0.3051999807357788
185,95.0,14500.0,-1.8312000036239624,2.014319896697998,-1.4649599790573118
186,96.0,14600.0,-1.8312000036239624,2.014319896697998,-1.4649599790573118
187,97.0,14700.0,-1.8312000036239624,2.014319896697998,-1.4649599790573118
188,98.0,14800.0,-6.165040016174316,3.2351200580596924,-0.244159996509552
189,99.0,14900.0,-6.165040016174316,3.2351200580596924,-0.244159996509552
190,100.0,15000.0,-2.075360059738159,1.5870399475097656,-0.061039999127388
191,101.0,15100.0,-2.075360059738159,1.5870399475097656,-0.061039999127388
192,102.0,15200.0,-0.183119997382164,-0.4272800087928772,-0.244159996509552
193,103.0,15300.0,-0.183119997382164,-0.4272800087928772,-0.244159996509552
194,104.0,15400.0,-0.183119997382164,-0.4272800087928772,-0.244159996509552
195,105.0,15500.0,-2.868880033493042,2.990959882736206,0.6714400053024292
196,106.0,15600.0,-2.868880033493042,2.990959882736206,0.6714400053024292
197,107.0,15700.0,-2.3195199966430664,3.1130399703979488,-0.6714400053024292
198,108.0,15800.0,-2.3195199966430664,3.1130399703979488,-0.6714400053024292
199,109.0,15900.0,-0.976639986038208,-0.244159996509552,-0.6714400053024292
200,110.0,16000.0,-0.976639986038208,-0.244159996509552,-0.6714400053024292
201,111.0,16100.0,-0.976639986038208,-0.244159996509552,-0.6714400053024292
202,112.0,16200.0,-0.9156000018119812,0.5493599772453308,-0.6714400053024292
203,113.0,16300.0,-0.9156000018119812,0.5493599772453308,-0.6714400053024292
204,114.0,16400.0,0.122079998254776,0.7324799895286559,-0.122079998254776
205,115.0,16500.0,0.122079998254776,0.7324799895286559,-0.122079998254776
206,116.0,16600.0,-0.061039999127388,0.3051999807357788,-0.3051999807357788
207,117.0,16700.0,-0.061039999127388,0.3051999807357788,-0.3051999807357788
208,118.0,16800.0,-0.6103999614715576,-0.061039999127388,0.244159996509552
209,119.0,16900.0,-0.6103999614715576,-0.061039999127388,0.244159996509552
210,120.0,17000.0,-0.6103999614715576,-0.061039999127388,0.244159996509552
211,121.0,17100.0,-0.366239994764328,0.488319993019104,-0.061039999127388
212,122.0,17200.0,-0.366239994764328,0.488319993019104,-0.061039999127388
213,123.0,17300.0,0.6103999614715576,-0.122079998254776,-0.6103999614715576
214,124.0,17400.0,0.6103999614715576,-0.122079998254776,-0.6103999614715576
215,125.0,17500.0,-0.061039999127388,-0.6103999614715576,-0.244159996509552
216,126.0,17600.0,-0.061039999127388,-0.6103999614715576,-0.244159996509552
217,127.0,17700.0,3.2351200580596924,-6.2871198654174805,-0.122079998254776
218,128.0,17800.0,3.2351200580596924,-6.2871198654174805,-0.122079998254776
219,129.0,17900.0,3.2351200580596924,-6.2871198654174805,-0.122079998254776
220,130.0,18000.0,5.493599891662598,1.1597599983215332,1.7701599597930908
221,131.0,18100.0,5.493599891662598,1.1597599983215332,1.7701599597930908
222,132.0,18200.0,5.493599891662598,1.1597599983215332,1.7701599597930908
223,133.0,18300.0,-2.502640008926392,1.4039199352264404,-2.4415998458862305
224,134.0,18400.0,-2.502640008926392,1.4039199352264404,-2.4415998458862305
225,135.0,18500.0,8.545599937438965,1.4649599790573118,0.244159996509552
226,136.0,18600.0,8.545599937438965,1.4649599790573118,0.244159996509552
227,137.0,18700.0,3.4792799949646,-0.244159996509552,0.183119997382164
228,138.0,18800.0,3.4792799949646,-0.244159996509552,0.183119997382164
229,139.0,18900.0,3.4792799949646,-0.244159996509552,0.183119997382164
230,140.0,19000.0,-0.183119997382164,-0.061039999127388,-0.244159996509552
231,141.0,19100.0,-0.183119997382164,-0.061039999127388,-0.244159996509552
232,142.0,19200.0,-0.366239994764328,0.488319993019104,-0.061039999127388
233,143.0,19300.0,-0.366239994764328,0.488319993019104,-0.061039999127388
234,144.0,19400.0,-0.366239994764328,-0.5493599772453308,-1.1597599983215332
235,145.0,19500.0,-0.366239994764328,-0.5493599772453308,-1.1597599983215332
236,146.0,19600.0,-0.366239994764328,-0.5493599772453308,-1.1597599983215332
237,147.0,19700.0,-0.4272800087928772,0.244159996509552,-0.7935199737548828
238,148.0,19800.0,-0.4272800087928772,0.244159996509552,-0.7935199737548828
239,149.0,19900.0,-0.061039999127388,0.366239994764328,-0.9156000018119812
240,120.0,17000.0,-0.6103999614715576,-0.061039999127388,0.244159996509552
241,121.0,17100.0,-0.366239994764328,0.488319993019104,-0.061039999127388
242,122.0,17200.0,-0.366239994764328,0.488319993019104,-0.061039999127388
243,123.0,17300.0,0.6103999614715576,-0.122079998254776,-0.6103999614715576
244,124.0,17400.0,0.6103999614715576,-0.122079998254776,-0.6103999614715576
245,125.0,17500.0,-0.061039999127388,-0.6103999614715576,-0.244159996509552
246,126.0,17600.0,-0.061039999127388,-0.6103999614715576,-0.244159996509552
247,127.0,17700.0,3.2351200580596924,-6.2871198654174805,-0.122079998254776
248,128.0,17800.0,3.2351200580596924,-6.2871198654174805,-0.122079998254776
249,129.0,17900.0,3.2351200580596924,-6.2871198654174805,-0.122079998254776
250,130.0,18000.0,5.493599891662598,1.1597599983215332,1.7701599597930908
251,131.0,18100.0,5.493599891662598,1.1597599983215332,1.7701599597930908
252,132.0,18200.0,5.493599891662598,1.1597599983215332,1.7701599597930908
253,133.0,18300.0,-2.502640008926392,1.4039199352264404,-2.4415998458862305
254,134.0,18400.0,-2.502640008926392,1.4039199352264404,-2.4415998458862305
255,135.0,18500.0,8.545599937438965,1.4649599790573118,0.244159996509552
256,136.0,18600.0,8.545599937438965,1.4649599790573118,0.244159996509552
257,137.0,18700.0,3.4792799949646,-0.244159996509552,0.183119997382164
258,138.0,18800.0,3.4792799949646,-0.244159996509552,0.183119997382164
259,139.0,18900.0,3.4792799949646,-0.244159996509552,0.183119997382164
260,140.0,19000.0,-0.183119997382164,-0.061039999127388,-0.244159996509552
261,141.0,19100.0,-0.183119997382164,-0.061039999127388,-0.244159996509552
262,142.0,19200.0,-0.366239994764328,0.488319993019104,-0.061039999127388
263,143.0,19300.0,-0.366239994764328,0.488319993019104,-0.061039999127388
264,144.0,19400.0,-0.366239994764328,-0.5493599772453308,-1.1597599983215332
265,145.0,19500.0,-0.366239994764328,-0.5493599772453308,-1.1597599983215332
266,146.0,19600.0,-0.366239994764328,-0.5493599772453308,-1.1597599983215332
267,147.0,19700.0,-0.4272800087928772,0.244159996509552,-0.7935199737548828
268,148.0,19800.0,-0.4272800087928772,0.244159996509552,-0.7935199737548828
269,149.0,19900.0,-0.061039999127388,0.366239994764328,-0.9156000018119812
270,150.0,20000.0,-0.061039999127388,0.366239994764328,-0.9156000018119812
271,151.0,20100.0,-0.061039999127388,-0.7324799895286559,-0.3051999807357788
272,152.0,20200.0,-0.061039999127388,-0.7324799895286559,-0.3051999807357788
273,153.0,20300.0,-0.061039999127388,-0.7324799895286559,-0.3051999807357788
274,154.0,20400.0,0.061039999127388,-0.4272800087928772,-0.3051999807357788
275,155.0,20500.0,0.061039999127388,-0.4272800087928772,-0.3051999807357788
276,156.0,20600.0,-0.6714400053024292,0.183119997382164,-0.488319993019104
277,157.0,20700.0,-0.6714400053024292,0.183119997382164,-0.488319993019104
278,158.0,20800.0,-1.5870399475097656,0.488319993019104,-0.488319993019104
279,159.0,20900.0,-1.5870399475097656,0.488319993019104,-0.488319993019104
280,160.0,21000.0,-1.5870399475097656,0.488319993019104,-0.488319993019104
281,161.0,21100.0,-0.244159996509552,-0.183119997382164,-0.3051999807357788
282,162.0,21200.0,-0.244159996509552,-0.183119997382164,-0.3051999807357788
283,163.0,21300.0,-0.183119997382164,-0.3051999807357788,-0.3051999807357788
284,164.0,21400.0,-0.183119997382164,-0.3051999807357788,-0.3051999807357788
285,165.0,21500.0,0.183119997382164,0.366239994764328,0.244159996509552
286,166.0,21600.0,0.183119997382164,0.366239994764328,0.244159996509552
287,167.0,21700.0,0.183119997382164,0.366239994764328,0.244159996509552
288,168.0,21800.0,-0.183119997382164,0.061039999127388,-0.244159996509552
289,169.0,21900.0,-0.183119997382164,0.061039999127388,-0.244159996509552
290,170.0,22000.0,0.3051999807357788,0.122079998254776,-0.244159996509552
291,171.0,22100.0,0.3051999807357788,0.122079998254776,-0.244159996509552
292,172.0,22200.0,-0.976639986038208,0.366239994764328,-0.488319993019104
293,173.0,22300.0,-0.976639986038208,0.366239994764328,-0.488319993019104
294,174.0,22400.0,-0.976639986038208,0.366239994764328,-0.488319993019104
295,175.0,22500.0,-0.366239994764328,0.488319993019104,-0.7935199737548828
296,176.0,22600.0,-0.366239994764328,0.488319993019104,-0.7935199737548828
297,177.0,22700.0,1.0987199544906616,-1.2207999229431152,0.3051999807357788
298,178.0,22800.0,1.0987199544906616,-1.2207999229431152,0.3051999807357788
299,179.0,22900.0,1.2818399667739868,-1.4649599790573118,0.976639986038208
300,150.0,20000.0,-0.061039999127388,0.366239994764328,-0.9156000018119812
301,151.0,20100.0,-0.061039999127388,-0.7324799895286559,-0.3051999807357788
302,152.0,20200.0,-0.061039999127388,-0.7324799895286559,-0.3051999807357788
303,153.0,20300.0,-0.061039999127388,-0.7324799895286559,-0.3051999807357788
304,154.0,20400.0,0.061039999127388,-0.4272800087928772,-0.3051999807357788
305,155.0,20500.0,0.061039999127388,-0.4272800087928772,-0.3051999807357788
306,156.0,20600.0,-0.6714400053024292,0.183119997382164,-0.488319993019104
307,157.0,20700.0,-0.6714400053024292,0.183119997382164,-0.488319993019104
308,158.0,20800.0,-1.5870399475097656,0.488319993019104,-0.488319993019104
309,159.0,20900.0,-1.5870399475097656,0.488319993019104,-0.488319993019104
310,160.0,21000.0,-1.5870399475097656,0.488319993019104,-0.488319993019104
311,161.0,21100.0,-0.244159996509552,-0.183119997382164,-0.3051999807357788
312,162.0,21200.0,-0.244159996509552,-0.183119997382164,-0.3051999807357788
313,163.0,21300.0,-0.183119997382164,-0.3051999807357788,-0.3051999807357788
314,164.0,21400.0,-0.183119997382164,-0.3051999807357788,-0.3051999807357788
315,165.0,21500.0,0.183119997382164,0.366239994764328,0.244159996509552
316,166.0,21600.0,0.183119997382164,0.366239994764328,0.244159996509552
317,167.0,21700.0,0.183119997382164,0.366239994764328,0.244159996509552
318,168.0,21800.0,-0.183119997382164,0.061039999127388,-0.244159996509552
319,169.0,21900.0,-0.183119997382164,0.061039999127388,-0.244159996509552
320,170.0,22000.0,0.3051999807357788,0.122079998254776,-0.244159996509552
321,171.0,22100.0,0.3051999807357788,0.122079998254776,-0.244159996509552
322,172.0,22200.0,-0.976639986038208,0.366239994764328,-0.488319993019104
323,173.0,22300.0,-0.976639986038208,0.366239994764328,-0.488319993019104
324,174.0,22400.0,-0.976639986038208,0.366239994764328,-0.488319993019104
325,175.0,22500.0,-0.366239994764328,0.488319993019104,-0.7935199737548828
326,176.0,22600.0,-0.366239994764328,0.488319993019104,-0.7935199737548828
327,177.0,22700.0,1.0987199544906616,-1.2207999229431152,0.3051999807357788
328,178.0,22800.0,1.0987199544906616,-1.2207999229431152,0.3051999807357788
329,179.0,22900.0,1.2818399667739868,-1.4649599790573118,0.976639986038208
330,180.0,23000.0,1.2818399667739868,-1.4649599790573118,0.976639986038208
331,181.0,23100.0,0.061039999127388,-0.6103999614715576,-0.3051999807357788
332,182.0,23200.0,0.061039999127388,-0.6103999614715576,-0.3051999807357788
333,183.0,23300.0,0.061039999127388,-0.6103999614715576,-0.3051999807357788
334,184.0,23400.0,-0.244159996509552,1.1597599983215332,0.061039999127388
335,185.0,23500.0,-0.244159996509552,1.1597599983215332,0.061039999127388
336,186.0,23600.0,-1.2207999229431152,0.183119997382164,-0.6714400053024292
337,187.0,23700.0,-1.2207999229431152,0.183119997382164,-0.6714400053024292
338,188.0,23800.0,-0.7324799895286559,1.7701599597930908,-0.3051999807357788
339,189.0,23900.0,-0.7324799895286559,1.7701599597930908,-0.3051999807357788
340,190.0,24000.0,-0.7324799895286559,1.7701599597930908,-0.3051999807357788
341,191.0,24100.0,-3.6013598442077637,0.4272800087928772,-0.366239994764328
342,192.0,24200.0,-3.6013598442077637,0.4272800087928772,-0.366239994764328
343,193.0,24300.0,-3.2351200580596924,0.366239994764328,0.183119997382164
344,194.0,24400.0,-3.2351200580596924,0.366239994764328,0.183119997382164
345,195.0,24500.0,-1.2818399667739868,-0.8545600175857544,0.7935199737548828
346,196.0,24600.0,-1.2818399667739868,-0.8545600175857544,0.7935199737548828
347,197.0,24700.0,-1.2818399667739868,-0.8545600175857544,0.7935199737548828
348,198.0,24800.0,0.4272800087928772,-0.244159996509552,0.183119997382164
349,199.0,24900.0,0.4272800087928772,-0.244159996509552,0.183119997382164
350,200.0,25000.0,0.7935199737548828,-0.061039999127388,-0.061039999127388
351,201.0,25100.0,0.7935199737548828,-0.061039999127388,-0.061039999127388
352,202.0,25200.0,-6.1040000915527335,-1.2818399667739868,2.014319896697998
353,203.0,25300.0,-6.1040000915527335,-1.2818399667739868,2.014319896697998
354,204.0,25400.0,-6.1040000915527335,-1.2818399667739868,2.014319896697998
355,205.0,25500.0,2.3805599212646484,1.1597599983215332,-0.366239994764328
356,206.0,25600.0,2.3805599212646484,1.1597599983215332,-0.366239994764328
357,207.0,25700.0,-6.165040016174316,0.4272800087928772,1.7701599597930908
358,208.0,25800.0,-6.165040016174316,0.4272800087928772,1.7701599597930908
359,209.0,25900.0,4.394879817962647,1.8922399282455444,-3.2961599826812744
360,180.0,23000.0,1.2818399667739868,-1.4649599790573118,0.976639986038208
361,181.0,23100.0,0.061039999127388,-0.6103999614715576,-0.3051999807357788
362,182.0,23200.0,0.061039999127388,-0.6103999614715576,-0.3051999807357788
363,183.0,23300.0,0.061039999127388,-0.6103999614715576,-0.3051999807357788
364,184.0,23400.0,-0.244159996509552,1.1597599983215332,0.061039999127388
365,185.0,23500.0,-0.244159996509552,1.1597599983215332,0.061039999127388
366,186.0,23600.0,-1.2207999229431152,0.183119997382164,-0.6714400053024292
367,187.0,23700.0,-1.2207999229431152,0.183119997382164,-0.6714400053024292
368,188.0,23800.0,-0.7324799895286559,1.7701599597930908,-0.3051999807357788
369,189.0,23900.0,-0.7324799895286559,1.7701599597930908,-0.3051999807357788
370,190.0,24000.0,-0.7324799895286559,1.7701599597930908,-0.3051999807357788
371,191.0,24100.0,-3.6013598442077637,0.4272800087928772,-0.366239994764328
372,192.0,24200.0,-3.6013598442077637,0.4272800087928772,-0.366239994764328
373,193.0,24300.0,-3.2351200580596924,0.366239994764328,0.183119997382164
374,194.0,24400.0,-3.2351200580596924,0.366239994764328,0.183119997382164
375,195.0,24500.0,-1.2818399667739868,-0.8545600175857544,0.7935199737548828
376,196.0,24600.0,-1.2818399667739868,-0.8545600175857544,0.7935199737548828
377,197.0,24700.0,-1.2818399667739868,-0.8545600175857544,0.7935199737548828
378,198.0,24800.0,0.4272800087928772,-0.244159996509552,0.183119997382164
379,199.0,24900.0,0.4272800087928772,-0.244159996509552,0.183119997382164
380,200.0,25000.0,0.7935199737548828,-0.061039999127388,-0.061039999127388
381,201.0,25100.0,0.7935199737548828,-0.061039999127388,-0.061039999127388
382,202.0,25200.0,-6.1040000915527335,-1.2818399667739868,2.014319896697998
383,203.0,25300.0,-6.1040000915527335,-1.2818399667739868,2.014319896697998
384,204.0,25400.0,-6.1040000915527335,-1.2818399667739868,2.014319896697998
385,205.0,25500.0,2.3805599212646484,1.1597599983215332,-0.366239994764328
386,206.0,25600.0,2.3805599212646484,1.1597599983215332,-0.366239994764328
387,207.0,25700.0,-6.165040016174316,0.4272800087928772,1.7701599597930908
388,208.0,25800.0,-6.165040016174316,0.4272800087928772,1.7701599597930908
389,209.0,25900.0,4.394879817962647,1.8922399282455444,-3.2961599826812744
390,210.0,26000.0,4.394879817962647,1.8922399282455444,-3.2961599826812744
391,211.0,26100.0,4.394879817962647,1.8922399282455444,-3.2961599826812744
392,212.0,26200.0,0.7935199737548828,0.244159996509552,-1.0987199544906616
393,213.0,26300.0,0.7935199737548828,0.244159996509552,-1.0987199544906616
394,214.0,26400.0,-0.976639986038208,-0.366239994764328,-0.061039999127388
395,215.0,26500.0,-0.976639986038208,-0.366239994764328,-0.061039999127388
396,216.0,26600.0,0.244159996509552,0.061039999127388,-0.122079998254776
397,217.0,26700.0,0.244159996509552,0.061039999127388,-0.122079998254776
398,218.0,26800.0,0.244159996509552,0.061039999127388,-0.122079998254776
399,219.0,26900.0,-1.6480799913406372,0.5493599772453308,-0.6714400053024292
400,220.0,27000.0,-1.6480799913406372,0.5493599772453308,-0.6714400053024292
401,221.0,27100.0,-0.8545600175857544,-0.061039999127388,-0.122079998254776
402,222.0,27200.0,-0.8545600175857544,-0.061039999127388,-0.122079998254776
403,223.0,27300.0,0.3051999807357788,-0.488319993019104,0.122079998254776
404,224.0,27400.0,0.3051999807357788,-0.488319993019104,0.122079998254776
405,225.0,27500.0,0.3051999807357788,-0.488319993019104,0.122079998254776
406,226.0,27600.0,0.7935199737548828,-0.244159996509552,-0.366239994764328
407,227.0,27700.0,0.7935199737548828,-0.244159996509552,-0.366239994764328
408,228.0,27800.0,-5.798799991607666,2.868880033493042,1.7701599597930908
409,229.0,27900.0,-5.798799991607666,2.868880033493042,1.7701599597930908
410,230.0,28000.0,1.5260000228881836,-1.2207999229431152,-0.976639986038208
411,231.0,28100.0,1.5260000228881836,-1.2207999229431152,-0.976639986038208
412,232.0,28200.0,0.244159996509552,-0.9156000018119812,-0.244159996509552
413,233.0,28300.0,0.244159996509552,-0.9156000018119812,-0.244159996509552
414,234.0,28400.0,0.244159996509552,-0.9156000018119812,-0.244159996509552
415,235.0,28500.0,-0.3051999807357788,-0.9156000018119812,-0.183119997382164
416,236.0,28600.0,-0.3051999807357788,-0.9156000018119812,-0.183119997382164
417,237.0,28700.0,-0.183119997382164,0.244159996509552,-1.1597599983215332
418,238.0,28800.0,-0.183119997382164,0.244159996509552,-1.1597599983215332
419,239.0,28900.0,-0.183119997382164,0.244159996509552,-1.1597599983215332
420,210.0,26000.0,4.394879817962647,1.8922399282455444,-3.2961599826812744
421,211.0,26100.0,4.394879817962647,1.8922399282455444,-3.2961599826812744
422,212.0,26200.0,0.7935199737548828,0.244159996509552,-1.0987199544906616
423,213.0,26300.0,0.7935199737548828,0.244159996509552,-1.0987199544906616
424,214.0,26400.0,-0.976639986038208,-0.366239994764328,-0.061039999127388
425,215.0,26500.0,-0.976639986038208,-0.366239994764328,-0.061039999127388
426,216.0,26600.0,0.244159996509552,0.061039999127388,-0.122079998254776
427,217.0,26700.0,0.244159996509552,0.061039999127388,-0.122079998254776
428,218.0,26800.0,0.244159996509552,0.061039999127388,-0.122079998254776
429,219.0,26900.0,-1.6480799913406372,0.5493599772453308,-0.6714400053024292
430,220.0,27000.0,-1.6480799913406372,0.5493599772453308,-0.6714400053024292
431,221.0,27100.0,-0.8545600175857544,-0.061039999127388,-0.122079998254776
432,222.0,27200.0,-0.8545600175857544,-0.061039999127388,-0.122079998254776
433,223.0,27300.0,0.3051999807357788,-0.488319993019104,0.122079998254776
434,224.0,27400.0,0.3051999807357788,-0.488319993019104,0.122079998254776
435,225.0,27500.0,0.3051999807357788,-0.488319993019104,0.122079998254776
436,226.0,27600.0,0.7935199737548828,-0.244159996509552,-0.366239994764328
437,227.0,27700.0,0.7935199737548828,-0.244159996509552,-0.366239994764328
438,228.0,27800.0,-5.798799991607666,2.868880033493042,1.7701599597930908
439,229.0,27900.0,-5.798799991607666,2.868880033493042,1.7701599597930908
440,230.0,28000.0,1.5260000228881836,-1.2207999229431152,-0.976639986038208
441,231.0,28100.0,1.5260000228881836,-1.2207999229431152,-0.976639986038208
442,232.0,28200.0,0.244159996509552,-0.9156000018119812,-0.244159996509552
443,233.0,28300.0,0.244159996509552,-0.9156000018119812,-0.244159996509552
444,234.0,28400.0,0.244159996509552,-0.9156000018119812,-0.244159996509552
445,235.0,28500.0,-0.3051999807357788,-0.9156000018119812,-0.183119997382164
446,236.0,28600.0,-0.3051999807357788,-0.9156000018119812,-0.183119997382164
447,237.0,28700.0,-0.183119997382164,0.244159996509552,-1.1597599983215332
448,238.0,28800.0,-0.183119997382164,0.244159996509552,-1.1597599983215332
449,239.0,28900.0,-0.183119997382164,0.244159996509552,-1.1597599983215332
450,240.0,29000.0,4.3338398933410645,-3.6013598442077637,-1.8312000036239624
451,241.0,29100.0,4.3338398933410645,-3.6013598442077637,-1.8312000036239624
452,242.0,29200.0,2.014319896697998,-0.488319993019104,-1.0987199544906616
453,243.0,29300.0,2.014319896697998,-0.488319993019104,-1.0987199544906616
454,244.0,29400.0,-1.2207999229431152,1.5870399475097656,1.4649599790573118
455,245.0,29500.0,-1.2207999229431152,1.5870399475097656,1.4649599790573118
456,246.0,29600.0,-0.8545600175857544,1.0987199544906616,-0.061039999127388
457,247.0,29700.0,-0.8545600175857544,1.0987199544906616,-0.061039999127388
458,248.0,29800.0,-0.8545600175857544,1.0987199544906616,-0.061039999127388
459,249.0,29900.0,-3.2961599826812744,2.3195199966430664,1.4649599790573118
460,250.0,30000.0,-3.2961599826812744,2.3195199966430664,1.4649599790573118
461,251.0,30100.0,-1.0376800298690796,1.6480799913406372,-1.1597599983215332
462,252.0,30200.0,-1.0376800298690796,1.6480799913406372,-1.1597599983215332
463,253.0,30300.0,-1.0376800298690796,1.6480799913406372,-1.1597599983215332
464,254.0,30400.0,-0.5493599772453308,1.953279972076416,-0.6714400053024292
465,255.0,30500.0,-0.5493599772453308,1.953279972076416,-0.6714400053024292
466,256.0,30600.0,1.2818399667739868,-0.5493599772453308,0.366239994764328
467,257.0,30700.0,1.2818399667739868,-0.5493599772453308,0.366239994764328
468,258.0,30800.0,1.1597599983215332,-0.5493599772453308,-0.3051999807357788
469,259.0,30900.0,1.1597599983215332,-0.5493599772453308,-0.3051999807357788
470,260.0,31000.0,0.366239994764328,-0.3051999807357788,-0.6103999614715576
471,261.0,31100.0,0.366239994764328,-0.3051999807357788,-0.6103999614715576
472,262.0,31200.0,0.4272800087928772,0.3051999807357788,-0.244159996509552
473,263.0,31300.0,0.4272800087928772,0.3051999807357788,-0.244159996509552
474,264.0,31400.0,0.4272800087928772,0.3051999807357788,-0.244159996509552
475,265.0,31500.0,-0.061039999127388,-0.183119997382164,-0.488319993019104
476,266.0,31600.0,-0.061039999127388,-0.183119997382164,-0.488319993019104
477,267.0,31700.0,0.4272800087928772,0.5493599772453308,-0.122079998254776
478,268.0,31800.0,0.4272800087928772,0.5493599772453308,-0.122079998254776
479,269.0,31900.0,-0.6103999614715576,0.8545600175857544,-0.488319993019104
480,240.0,29000.0,4.3338398933410645,-3.6013598442077637,-1.8312000036239624
481,241.0,29100.0,4.3338398933410645,-3.6013598442077637,-1.8312000036239624
482,242.0,29200.0,2.014319896697998,-0.488319993019104,-1.0987199544906616
483,243.0,29300.0,2.014319896697998,-0.488319993019104,-1.0987199544906616
484,244.0,29400.0,-1.2207999229431152,1.5870399475097656,1.4649599790573118
485,245.0,29500.0,-1.2207999229431152,1.5870399475097656,1.4649599790573118
486,246.0,29600.0,-0.8545600175857544,1.0987199544906616,-0.061039999127388
487,247.0,29700.0,-0.8545600175857544,1.0987199544906616,-0.061039999127388
488,248.0,29800.0,-0.8545600175857544,1.0987199544906616,-0.061039999127388
489,249.0,29900.0,-3.2961599826812744,2.3195199966430664,1.4649599790573118
490,250.0,30000.0,-3.2961599826812744,2.3195199966430664,1.4649599790573118
491,251.0,30100.0,-1.0376800298690796,1.6480799913406372,-1.1597599983215332
492,252.0,30200.0,-1.0376800298690796,1.6480799913406372,-1.1597599983215332
493,253.0,30300.0,-1.0376800298690796,1.6480799913406372,-1.1597599983215332
494,254.0,30400.0,-0.5493599772453308,1.953279972076416,-0.6714400053024292
495,255.0,30500.0,-0.5493599772453308,1.953279972076416,-0.6714400053024292
496,256.0,30600.0,1.2818399667739868,-0.5493599772453308,0.366239994764328
497,257.0,30700.0,1.2818399667739868,-0.5493599772453308,0.366239994764328
498,258.0,30800.0,1.1597599983215332,-0.5493599772453308,-0.3051999807357788
499,259.0,30900.0,1.1597599983215332,-0.5493599772453308,-0.3051999807357788
500,260.0,31000.0,0.366239994764328,-0.3051999807357788,-0.6103999614715576
501,261.0,31100.0,0.366239994764328,-0.3051999807357788,-0.6103999614715576
502,262.0,31200.0,0.4272800087928772,0.3051999807357788,-0.244159996509552
503,263.0,31300.0,0.4272800087928772,0.3051999807357788,-0.244159996509552
504,264.0,31400.0,0.4272800087928772,0.3051999807357788,-0.244159996509552
505,265.0,31500.0,-0.061039999127388,-0.183119997382164,-0.488319993019104
506,266.0,31600.0,-0.061039999127388,-0.183119997382164,-0.488319993019104
507,267.0,31700.0,0.4272800087928772,0.5493599772453308,-0.122079998254776
508,268.0,31800.0,0.4272800087928772,0.5493599772453308,-0.122079998254776
509,269.0,31900.0,-0.6103999614715576,0.8545600175857544,-0.488319993019104
510,270.0,32000.0,-0.6103999614715576,0.8545600175857544,-0.488319993019104
511,271.0,32100.0,-0.6103999614715576,0.8545600175857544,-0.488319993019104
512,272.0,32200.0,0.4272800087928772,0.366239994764328,-0.122079998254776
513,273.0,32300.0,0.4272800087928772,0.366239994764328,-0.122079998254776
514,274.0,32400.0,-0.6103999614715576,0.5493599772453308,-0.488319993019104
515,275.0,32500.0,-0.6103999614715576,0.5493599772453308,-0.488319993019104
516,276.0,32600.0,-0.976639986038208,0.3051999807357788,-0.3051999807357788
517,277.0,32700.0,-0.976639986038208,0.3051999807357788,-0.3051999807357788
518,278.0,32800.0,-0.976639986038208,0.3051999807357788,-0.3051999807357788
519,279.0,32900.0,-0.5493599772453308,0.5493599772453308,-0.244159996509552
520,280.0,33000.0,-0.5493599772453308,0.5493599772453308,-0.244159996509552
521,281.0,33100.0,0.4272800087928772,0.976639986038208,-0.122079998254776
522,282.0,33200.0,0.4272800087928772,0.976639986038208,-0.122079998254776
523,283.0,33300.0,0.3051999807357788,0.244159996509552,0.183119997382164
524,284.0,33400.0,0.3051999807357788,0.244159996509552,0.183119997382164
525,285.0,33500.0,0.3051999807357788,0.244159996509552,0.183119997382164
526,286.0,33600.0,0.4272800087928772,0.5493599772453308,-0.122079998254776
527,287.0,33700.0,0.4272800087928772,0.5493599772453308,-0.122079998254776
528,288.0,33800.0,0.8545600175857544,0.3051999807357788,-0.4272800087928772
529,289.0,33900.0,0.8545600175857544,0.3051999807357788,-0.4272800087928772
530,290.0,34000.0,0.6714400053024292,0.4272800087928772,-0.5493599772453308
531,291.0,34100.0,0.6714400053024292,0.4272800087928772,-0.5493599772453308
532,292.0,34200.0,0.6714400053024292,0.4272800087928772,-0.5493599772453308
533,293.0,34300.0,-0.488319993019104,-0.366239994764328,-0.244159996509552
534,294.0,34400.0,-0.488319993019104,-0.366239994764328,-0.244159996509552
535,295.0,34500.0,1.2207999229431152,-0.4272800087928772,-0.3051999807357788
536,296.0,34600.0,1.2207999229431152,-0.4272800087928772,-0.3051999807357788
537,297.0,34700.0,-0.122079998254776,-0.122079998254776,0.244159996509552
538,298.0,34800.0,-0.122079998254776,-0.122079998254776,0.244159996509552
539,299.0,34900.0,-0.122079998254776,-0.122079998254776,0.244159996509552
540,270.0,32000.0,-0.6103999614715576,0.8545600175857544,-0.488319993019104
541,271.0,32100.0,-0.6103999614715576,0.8545600175857544,-0.488319993019104
542,272.0,32200.0,0.4272800087928772,0.366239994764328,-0.122079998254776
543,273.0,32300.0,0.4272800087928772,0.366239994764328,-0.122079998254776
544,274.0,32400.0,-0.6103999614715576,0.5493599772453308,-0.488319993019104
545,275.0,32500.0,-0.6103999614715576,0.5493599772453308,-0.488319993019104
546,276.0,32600.0,-0.976639986038208,0.3051999807357788,-0.3051999807357788
547,277.0,32700.0,-0.976639986038208,0.3051999807357788,-0.3051999807357788
548,278.0,32800.0,-0.976639986038208,0.3051999807357788,-0.3051999807357788
549,279.0,32900.0,-0.5493599772453308,0.5493599772453308,-0.244159996509552
550,280.0,33000.0,-0.5493599772453308,0.5493599772453308,-0.244159996509552
551,281.0,33100.0,0.4272800087928772,0.976639986038208,-0.122079998254776
552,282.0,33200.0,0.4272800087928772,0.976639986038208,-0.122079998254776
553,283.0,33300.0,0.3051999807357788,0.244159996509552,0.183119997382164
554,284.0,33400.0,0.3051999807357788,0.244159996509552,0.183119997382164
555,285.0,33500.0,0.3051999807357788,0.244159996509552,0.183119997382164
556,286.0,33600.0,0.4272800087928772,0.5493599772453308,-0.122079998254776
557,287.0,33700.0,0.4272800087928772,0.5493599772453308,-0.122079998254776
558,288.0,33800.0,0.8545600175857544,0.3051999807357788,-0.4272800087928772
559,289.0,33900.0,0.8545600175857544,0.3051999807357788,-0.4272800087928772
560,290.0,34000.0,0.6714400053024292,0.4272800087928772,-0.5493599772453308
561,291.0,34100.0,0.6714400053024292,0.4272800087928772,-0.5493599772453308
562,292.0,34200.0,0.6714400053024292,0.4272800087928772,-0.5493599772453308
563,293.0,34300.0,-0.488319993019104,-0.366239994764328,-0.244159996509552
564,294.0,34400.0,-0.488319993019104,-0.366239994764328,-0.244159996509552
565,295.0,34500.0,1.2207999229431152,-0.4272800087928772,-0.3051999807357788
566,296.0,34600.0,1.2207999229431152,-0.4272800087928772,-0.3051999807357788
567,297.0,34700.0,-0.122079998254776,-0.122079998254776,0.244159996509552
568,298.0,34800.0,-0.122079998254776,-0.122079998254776,0.244159996509552
569,299.0,34900.0,-0.122079998254776,-0.122079998254776,0.244159996509552
570,300.0,35000.0,0.3051999807357788,0.244159996509552,0.061039999127388
571,301.0,35100.0,0.3051999807357788,0.244159996509552,0.061039999127388
572,302.0,35200.0,-0.4272800087928772,0.061039999127388,-0.122079998254776
573,303.0,35300.0,-0.4272800087928772,0.061039999127388,-0.122079998254776
574,304.0,35400.0,-0.7324799895286559,0.3051999807357788,-0.061039999127388
575,305.0,35500.0,-0.7324799895286559,0.3051999807357788,-0.061039999127388
576,306.0,35600.0,-0.7324799895286559,0.3051999807357788,-0.061039999127388
577,307.0,35700.0,-0.7935199737548828,0.6714400053024292,-0.183119997382164
578,308.0,35800.0,-0.7935199737548828,0.6714400053024292,-0.183119997382164
579,309.0,35900.0,-1.0987199544906616,0.061039999127388,-0.122079998254776
580,310.0,36000.0,-1.0987199544906616,0.061039999127388,-0.122079998254776
581,311.0,36100.0,-0.488319993019104,0.061039999127388,-0.183119997382164
582,312.0,36200.0,-0.488319993019104,0.061039999127388,-0.183119997382164
583,313.0,36300.0,-0.488319993019104,0.061039999127388,-0.183119997382164
584,314.0,36400.0,-0.244159996509552,0.183119997382164,-0.061039999127388
585,315.0,36500.0,-0.244159996509552,0.183119997382164,-0.061039999127388
586,316.0,36600.0,-0.244159996509552,0.6103999614715576,0.3051999807357788
587,317.0,36700.0,-0.244159996509552,0.6103999614715576,0.3051999807357788
588,318.0,36800.0,-0.244159996509552,0.122079998254776,-0.122079998254776
589,319.0,36900.0,-0.244159996509552,0.122079998254776,-0.122079998254776
590,320.0,37000.0,-1.3428800106048584,0.4272800087928772,-0.061039999127388
591,321.0,37100.0,-1.3428800106048584,0.4272800087928772,-0.061039999127388
592,322.0,37200.0,-1.3428800106048584,0.4272800087928772,-0.061039999127388
593,323.0,37300.0,0.7324799895286559,-0.244159996509552,-0.366239994764328
594,324.0,37400.0,0.7324799895286559,-0.244159996509552,-0.366239994764328
595,325.0,37500.0,0.488319993019104,0.3051999807357788,-0.244159996509552
596,326.0,37600.0,0.488319993019104,0.3051999807357788,-0.244159996509552
597,327.0,37700.0,0.183119997382164,0.6103999614715576,-0.366239994764328
598,328.0,37800.0,0.183119997382164,0.6103999614715576,-0.366239994764328
599,329.0,37900.0,0.183119997382164,0.6103999614715576,-0.366239994764328
600,300.0,35000.0,0.3051999807357788,0.244159996509552,0.061039999127388
601,301.0,35100.0,0.3051999807357788,0.244159996509552,0.061039999127388
602,302.0,35200.0,-0.4272800087928772,0.061039999127388,-0.122079998254776
603,303.0,35300.0,-0.4272800087928772,0.061039999127388,-0.122079998254776
604,304.0,35400.0,-0.7324799895286559,0.3051999807357788,-0.061039999127388
605,305.0,35500.0,-0.7324799895286559,0.3051999807357788,-0.061039999127388
606,306.0,35600.0,-0.7324799895286559,0.3051999807357788,-0.061039999127388
607,307.0,35700.0,-0.7935199737548828,0.6714400053024292,-0.183119997382164
608,308.0,35800.0,-0.7935199737548828,0.6714400053024292,-0.183119997382164
609,309.0,35900.0,-1.0987199544906616,0.061039999127388,-0.122079998254776
610,310.0,36000.0,-1.0987199544906616,0.061039999127388,-0.122079998254776
611,311.0,36100.0,-0.488319993019104,0.061039999127388,-0.183119997382164
612,312.0,36200.0,-0.488319993019104,0.061039999127388,-0.183119997382164
613,313.0,36300.0,-0.488319993019104,0.061039999127388,-0.183119997382164
614,314.0,36400.0,-0.244159996509552,0.183119997382164,-0.061039999127388
615,315.0,36500.0,-0.244159996509552,0.183119997382164,-0.061039999127388
616,316.0,36600.0,-0.244159996509552,0.6103999614715576,0.3051999807357788
617,317.0,36700.0,-0.244159996509552,0.6103999614715576,0.3051999807357788
618,318.0,36800.0,-0.244159996509552,0.122079998254776,-0.122079998254776
619,319.0,36900.0,-0.244159996509552,0.122079998254776,-0.122079998254776
620,320.0,37000.0,-1.3428800106048584,0.4272800087928772,-0.061039999127388
621,321.0,37100.0,-1.3428800106048584,0.4272800087928772,-0.061039999127388
622,322.0,37200.0,-1.3428800106048584,0.4272800087928772,-0.061039999127388
623,323.0,37300.0,0.7324799895286559,-0.244159996509552,-0.366239994764328
624,324.0,37400.0,0.7324799895286559,-0.244159996509552,-0.366239994764328
625,325.0,37500.0,0.488319993019104,0.3051999807357788,-0.244159996509552
626,326.0,37600.0,0.488319993019104,0.3051999807357788,-0.244159996509552
627,327.0,37700.0,0.183119997382164,0.6103999614715576,-0.366239994764328
628,328.0,37800.0,0.183119997382164,0.6103999614715576,-0.366239994764328
629,329.0,37900.0,0.183119997382164,0.6103999614715576,-0.366239994764328
630,330.0,38000.0,-0.061039999127388,0.3051999807357788,-0.366239994764328
631,331.0,38100.0,-0.061039999127388,0.3051999807357788,-0.366239994764328
632,332.0,38200.0,-0.4272800087928772,0.366239994764328,0.3051999807357788
633,333.0,38300.0,-0.4272800087928772,0.366239994764328,0.3051999807357788
634,334.0,38400.0,0.6714400053024292,-0.183119997382164,-0.183119997382164
635,335.0,38500.0,0.6714400053024292,-0.183119997382164,-0.183119997382164
636,336.0,38600.0,0.6714400053024292,-0.183119997382164,-0.183119997382164
637,337.0,38700.0,-0.244159996509552,1.0376800298690796,-0.183119997382164
638,338.0,38800.0,-0.244159996509552,1.0376800298690796,-0.183119997382164
639,339.0,38900.0,-1.5870399475097656,0.3051999807357788,0.5493599772453308
640,340.0,39000.0,-1.5870399475097656,0.3051999807357788,0.5493599772453308
641,341.0,39100.0,-0.6103999614715576,0.7935199737548828,-0.7935199737548828
642,342.0,39200.0,-0.6103999614715576,0.7935199737548828,-0.7935199737548828
643,343.0,39300.0,-0.6103999614715576,0.7935199737548828,-0.7935199737548828
644,344.0,39400.0,-1.1597599983215332,1.2818399667739868,-0.5493599772453308
645,345.0,39500.0,-1.1597599983215332,1.2818399667739868,-0.5493599772453308
646,346.0,39600.0,0.6103999614715576,0.488319993019104,-0.183119997382164
647,347.0,39700.0,0.6103999614715576,0.488319993019104,-0.183119997382164
648,348.0,39800.0,-1.2818399667739868,0.9156000018119812,-0.8545600175857544
649,349.0,39900.0,-1.2818399667739868,0.9156000018119812,-0.8545600175857544
650,350.0,40000.0,-1.3428800106048584,-0.061039999127388,0.488319993019104
651,351.0,40100.0,-1.3428800106048584,-0.061039999127388,0.488319993019104
652,352.0,40200.0,-1.3428800106048584,-0.061039999127388,0.488319993019104
653,353.0,40300.0,0.4272800087928772,-0.6714400053024292,-0.6103999614715576
654,354.0,40400.0,0.4272800087928772,-0.6714400053024292,-0.6103999614715576
655,355.0,40500.0,0.183119997382164,-0.3051999807357788,-0.3051999807357788
656,356.0,40600.0,0.183119997382164,-0.3051999807357788,-0.3051999807357788
657,357.0,40700.0,0.061039999127388,-0.4272800087928772,-0.3051999807357788
658,358.0,40800.0,0.061039999127388,-0.4272800087928772,-0.3051999807357788
659,359.0,40900.0,0.061039999127388,-0.4272800087928772,-0.3051999807357788
660,330.0,38000.0,-0.061039999127388,0.3051999807357788,-0.366239994764328
661,331.0,38100.0,-0.061039999127388,0.3051999807357788,-0.366239994764328
662,332.0,38200.0,-0.4272800087928772,0.366239994764328,0.3051999807357788
663,333.0,38300.0,-0.4272800087928772,0.366239994764328,0.3051999807357788
664,334.0,38400.0,0.6714400053024292,-0.183119997382164,-0.183119997382164
665,335.0,38500.0,0.6714400053024292,-0.183119997382164,-0.183119997382164
666,336.0,38600.0,0.6714400053024292,-0.183119997382164,-0.183119997382164
667,337.0,38700.0,-0.244159996509552,1.0376800298690796,-0.183119997382164
668,338.0,38800.0,-0.244159996509552,1.0376800298690796,-0.183119997382164
669,339.0,38900.0,-1.5870399475097656,0.3051999807357788,0.5493599772453308
670,340.0,39000.0,-1.5870399475097656,0.3051999807357788,0.5493599772453308
671,341.0,39100.0,-0.6103999614715576,0.7935199737548828,-0.7935199737548828
672,342.0,39200.0,-0.6103999614715576,0.7935199737548828,-0.7935199737548828
673,343.0,39300.0,-0.6103999614715576,0.7935199737548828,-0.7935199737548828
674,344.0,39400.0,-1.1597599983215332,1.2818399667739868,-0.5493599772453308
675,345.0,39500.0,-1.1597599983215332,1.2818399667739868,-0.5493599772453308
676,346.0,39600.0,0.6103999614715576,0.488319993019104,-0.183119997382164
677,347.0,39700.0,0.6103999614715576,0.488319993019104,-0.183119997382164
678,348.0,39800.0,-1.2818399667739868,0.9156000018119812,-0.8545600175857544
679,349.0,39900.0,-1.2818399667739868,0.9156000018119812,-0.8545600175857544
680,350.0,40000.0,-1.3428800106048584,-0.061039999127388,0.488319993019104
681,351.0,40100.0,-1.3428800106048584,-0.061039999127388,0.488319993019104
682,352.0,40200.0,-1.3428800106048584,-0.061039999127388,0.488319993019104
683,353.0,40300.0,0.4272800087928772,-0.6714400053024292,-0.6103999614715576
684,354.0,40400.0,0.4272800087928772,-0.6714400053024292,-0.6103999614715576
685,355.0,40500.0,0.183119997382164,-0.3051999807357788,-0.3051999807357788
686,356.0,40600.0,0.183119997382164,-0.3051999807357788,-0.3051999807357788
687,357.0,40700.0,0.061039999127388,-0.4272800087928772,-0.3051999807357788
688,358.0,40800.0,0.061039999127388,-0.4272800087928772,-0.3051999807357788
689,359.0,40900.0,0.061039999127388,-0.4272800087928772,-0.3051999807357788
690,360.0,41000.0,-0.366239994764328,0.244159996509552,-0.061039999127388
691,361.0,41100.0,-0.366239994764328,0.244159996509552,-0.061039999127388
692,362.0,41200.0,1.0376800298690796,-0.7324799895286559,0.8545600175857544
693,363.0,41300.0,1.0376800298690796,-0.7324799895286559,0.8545600175857544
694,364.0,41400.0,-0.7324799895286559,0.122079998254776,-0.122079998254776
695,365.0,41500.0,-0.7324799895286559,0.122079998254776,-0.122079998254776
696,366.0,41600.0,-0.7324799895286559,0.122079998254776,-0.122079998254776
697,367.0,41700.0,-0.244159996509552,0.5493599772453308,0.122079998254776
698,368.0,41800.0,-0.244159996509552,0.5493599772453308,0.122079998254776
699,369.0,41900.0,-0.9156000018119812,0.8545600175857544,-0.3051999807357788
700,370.0,42000.0,-0.9156000018119812,0.8545600175857544,-0.3051999807357788
701,371.0,42100.0,0.3051999807357788,0.061039999127388,0.244159996509552
702,372.0,42200.0,0.3051999807357788,0.061039999127388,0.244159996509552
703,373.0,42300.0,0.3051999807357788,0.061039999127388,0.244159996509552
704,374.0,42400.0,-0.366239994764328,0.4272800087928772,-0.488319993019104
705,375.0,42500.0,-0.366239994764328,0.4272800087928772,-0.488319993019104
706,376.0,42600.0,0.5493599772453308,0.7324799895286559,0.122079998254776
707,377.0,42700.0,0.5493599772453308,0.7324799895286559,0.122079998254776
708,378.0,42800.0,-0.366239994764328,-0.061039999127388,-0.244159996509552
709,379.0,42900.0,-0.366239994764328,-0.061039999127388,-0.244159996509552
710,380.0,43000.0,0.244159996509552,-0.122079998254776,0.5493599772453308
711,381.0,43100.0,0.244159996509552,-0.122079998254776,0.5493599772453308
712,382.0,43200.0,0.244159996509552,-0.122079998254776,0.5493599772453308
713,383.0,43300.0,0.244159996509552,0.7324799895286559,0.244159996509552
714,384.0,43400.0,0.244159996509552,0.7324799895286559,0.244159996509552
715,385.0,43500.0,0.3051999807357788,0.122079998254776,0.061039999127388
716,386.0,43600.0,0.3051999807357788,0.122079998254776,0.061039999127388
717,387.0,43700.0,0.7324799895286559,-0.366239994764328,-0.3051999807357788
718,388.0,43800.0,0.7324799895286559,-0.366239994764328,-0.3051999807357788
719,389.0,43900.0,0.7324799895286559,-0.366239994764328,-0.3051999807357788
720,360.0,41000.0,-0.366239994764328,0.244159996509552,-0.061039999127388
721,361.0,41100.0,-0.366239994764328,0.244159996509552,-0.061039999127388
722,362.0,41200.0,1.0376800298690796,-0.7324799895286559,0.8545600175857544
723,363.0,41300.0,1.0376800298690796,-0.7324799895286559,0.8545600175857544
724,364.0,41400.0,-0.7324799895286559,0.122079998254776,-0.122079998254776
725,365.0,41500.0,-0.7324799895286559,0.122079998254776,-0.122079998254776
726,366.0,41600.0,-0.7324799895286559,0.122079998254776,-0.122079998254776
727,367.0,41700.0,-0.244159996509552,0.5493599772453308,0.122079998254776
728,368.0,41800.0,-0.244159996509552,0.5493599772453308,0.122079998254776
729,369.0,41900.0,-0.9156000018119812,0.8545600175857544,-0.3051999807357788
730,370.0,42000.0,-0.9156000018119812,0.8545600175857544,-0.3051999807357788
731,371.0,42100.0,0.3051999807357788,0.061039999127388,0.244159996509552
732,372.0,42200.0,0.3051999807357788,0.061039999127388,0.244159996509552
733,373.0,42300.0,0.3051999807357788,0.061039999127388,0.244159996509552
734,374.0,42400.0,-0.366239994764328,0.4272800087928772,-0.488319993019104
735,375.0,42500.0,-0.366239994764328,0.4272800087928772,-0.488319993019104
736,376.0,42600.0,0.5493599772453308,0.7324799895286559,0.122079998254776
737,377.0,42700.0,0.5493599772453308,0.7324799895286559,0.122079998254776
738,378.0,42800.0,-0.366239994764328,-0.061039999127388,-0.244159996509552
739,379.0,42900.0,-0.366239994764328,-0.061039999127388,-0.244159996509552
740,380.0,43000.0,0.244159996509552,-0.122079998254776,0.5493599772453308
741,381.0,43100.0,0.244159996509552,-0.122079998254776,0.5493599772453308
742,382.0,43200.0,0.244159996509552,-0.122079998254776,0.5493599772453308
743,383.0,43300.0,0.244159996509552,0.7324799895286559,0.244159996509552
744,384.0,43400.0,0.244159996509552,0.7324799895286559,0.244159996509552
745,385.0,43500.0,0.3051999807357788,0.122079998254776,0.061039999127388
746,386.0,43600.0,0.3051999807357788,0.122079998254776,0.061039999127388
747,387.0,43700.0,0.7324799895286559,-0.366239994764328,-0.3051999807357788
748,388.0,43800.0,0.7324799895286559,-0.366239994764328,-0.3051999807357788
749,389.0,43900.0,0.7324799895286559,-0.366239994764328,-0.3051999807357788
750,390.0,44000.0,-0.244159996509552,0.366239994764328,0.244159996509552
751,391.0,44100.0,-0.244159996509552,0.366239994764328,0.244159996509552
752,392.0,44200.0,0.488319993019104,-0.3051999807357788,0.183119997382164
753,393.0,44300.0,0.488319993019104,-0.3051999807357788,0.183119997382164
754,394.0,44400.0,0.7324799895286559,-0.488319993019104,-0.366239994764328
755,395.0,44500.0,0.7324799895286559,-0.488319993019104,-0.366239994764328
756,396.0,44600.0,-1.3428800106048584,0.5493599772453308,0.183119997382164
757,397.0,44700.0,-1.3428800106048584,0.5493599772453308,0.183119997382164
758,398.0,44800.0,-1.3428800106048584,0.5493599772453308,0.183119997382164
759,399.0,44900.0,-0.5493599772453308,-0.061039999127388,-0.061039999127388
760,400.0,45000.0,-0.5493599772453308,-0.061039999127388,-0.061039999127388
761,401.0,45100.0,0.9156000018119812,-0.244159996509552,0.4272800087928772
762,402.0,45200.0,0.9156000018119812,-0.244159996509552,0.4272800087928772
763,403.0,45300.0,0.9156000018119812,-0.244159996509552,0.4272800087928772
764,404.0,45400.0,-0.183119997382164,0.7935199737548828,0.488319993019104
765,405.0,45500.0,-0.183119997382164,0.7935199737548828,0.488319993019104
766,406.0,45600.0,-0.061039999127388,0.366239994764328,-0.183119997382164
767,407.0,45700.0,-0.061039999127388,0.366239994764328,-0.183119997382164
768,408.0,45800.0,-1.3428800106048584,0.6103999614715576,-0.061039999127388
769,409.0,45900.0,-1.3428800106048584,0.6103999614715576,-0.061039999127388
770,410.0,46000.0,-0.6714400053024292,0.366239994764328,-0.183119997382164
771,411.0,46100.0,-0.6714400053024292,0.366239994764328,-0.183119997382164
772,412.0,46200.0,-0.6714400053024292,0.366239994764328,-0.183119997382164
773,413.0,46300.0,-0.7324799895286559,0.4272800087928772,-0.061039999127388
774,414.0,46400.0,-0.7324799895286559,0.4272800087928772,-0.061039999127388
775,415.0,46500.0,-0.061039999127388,0.7324799895286559,-0.122079998254776
776,416.0,46600.0,-0.061039999127388,0.7324799895286559,-0.122079998254776
777,417.0,46700.0,-0.061039999127388,0.7324799895286559,-0.122079998254776
778,418.0,46800.0,1.1597599983215332,-0.122079998254776,-0.244159996509552
779,419.0,46900.0,1.1597599983215332,-0.122079998254776,-0.244159996509552
780,390.0,44000.0,-0.244159996509552,0.366239994764328,0.244159996509552
781,391.0,44100.0,-0.244159996509552,0.366239994764328,0.244159996509552
782,392.0,44200.0,0.488319993019104,-0.3051999807357788,0.183119997382164
783,393.0,44300.0,0.488319993019104,-0.3051999807357788,0.183119997382164
784,394.0,44400.0,0.7324799895286559,-0.488319993019104,-0.366239994764328
785,395.0,44500.0,0.7324799895286559,-0.488319993019104,-0.366239994764328
786,396.0,44600.0,-1.3428800106048584,0.5493599772453308,0.183119997382164
787,397.0,44700.0,-1.3428800106048584,0.5493599772453308,0.183119997382164
788,398.0,44800.0,-1.3428800106048584,0.5493599772453308,0.183119997382164
789,399.0,44900.0,-0.5493599772453308,-0.061039999127388,-0.061039999127388
790,400.0,45000.0,-0.5493599772453308,-0.061039999127388,-0.061039999127388
791,401.0,45100.0,0.9156000018119812,-0.244159996509552,0.4272800087928772
792,402.0,45200.0,0.9156000018119812,-0.244159996509552,0.4272800087928772
793,403.0,45300.0,0.9156000018119812,-0.244159996509552,0.4272800087928772
794,404.0,45400.0,-0.183119997382164,0.7935199737548828,0.488319993019104
795,405.0,45500.0,-0.183119997382164,0.7935199737548828,0.488319993019104
796,406.0,45600.0,-0.061039999127388,0.366239994764328,-0.183119997382164
797,407.0,45700.0,-0.061039999127388,0.366239994764328,-0.183119997382164
798,408.0,45800.0,-1.3428800106048584,0.6103999614715576,-0.061039999127388
799,409.0,45900.0,-1.3428800106048584,0.6103999614715576,-0.061039999127388
800,410.0,46000.0,-0.6714400053024292,0.366239994764328,-0.183119997382164
801,411.0,46100.0,-0.6714400053024292,0.366239994764328,-0.183119997382164
802,412.0,46200.0,-0.6714400053024292,0.366239994764328,-0.183119997382164
803,413.0,46300.0,-0.7324799895286559,0.4272800087928772,-0.061039999127388
804,414.0,46400.0,-0.7324799895286559,0.4272800087928772,-0.061039999127388
805,415.0,46500.0,-0.061039999127388,0.7324799895286559,-0.122079998254776
806,416.0,46600.0,-0.061039999127388,0.7324799895286559,-0.122079998254776
807,417.0,46700.0,-0.061039999127388,0.7324799895286559,-0.122079998254776
808,418.0,46800.0,1.1597599983215332,-0.122079998254776,-0.244159996509552
809,419.0,46900.0,1.1597599983215332,-0.122079998254776,-0.244159996509552
810,420.0,47000.0,1.2207999229431152,-0.061039999127388,-0.3051999807357788
811,421.0,47100.0,1.2207999229431152,-0.061039999127388,-0.3051999807357788
812,422.0,47200.0,0.8545600175857544,-0.183119997382164,0.061039999127388
813,423.0,47300.0,0.8545600175857544,-0.183119997382164,0.061039999127388
814,424.0,47400.0,-0.122079998254776,1.4039199352264404,0.6714400053024292
815,425.0,47500.0,-0.122079998254776,1.4039199352264404,0.6714400053024292
816,426.0,47600.0,-0.122079998254776,1.4039199352264404,0.6714400053024292
817,427.0,47700.0,0.061039999127388,0.976639986038208,0.061039999127388
818,428.0,47800.0,0.061039999127388,0.976639986038208,0.061039999127388
819,429.0,47900.0,-0.5493599772453308,0.6103999614715576,0.061039999127388
820,430.0,48000.0,-0.5493599772453308,0.6103999614715576,0.061039999127388
821,431.0,48100.0,-0.244159996509552,0.122079998254776,-0.122079998254776
822,432.0,48200.0,-0.244159996509552,0.122079998254776,-0.122079998254776
823,433.0,48300.0,-0.061039999127388,0.488319993019104,-0.488319993019104
824,434.0,48400.0,-0.061039999127388,0.488319993019104,-0.488319993019104
825,435.0,48500.0,0.244159996509552,0.061039999127388,-0.122079998254776
826,436.0,48600.0,0.244159996509552,0.061039999127388,-0.122079998254776
827,437.0,48700.0,0.244159996509552,0.061039999127388,-0.122079998254776
828,438.0,48800.0,0.244159996509552,0.122079998254776,-0.488319993019104
829,439.0,48900.0,0.244159996509552,0.122079998254776,-0.488319993019104
830,440.0,49000.0,-0.7935199737548828,0.061039999127388,-0.061039999127388
831,441.0,49100.0,-0.7935199737548828,0.061039999127388,-0.061039999127388
832,442.0,49200.0,0.4272800087928772,0.244159996509552,-0.6714400053024292
833,443.0,49300.0,0.4272800087928772,0.244159996509552,-0.6714400053024292
834,444.0,49400.0,0.4272800087928772,0.244159996509552,-0.6714400053024292
835,445.0,49500.0,0.6103999614715576,0.3051999807357788,-0.183119997382164
836,446.0,49600.0,0.6103999614715576,0.3051999807357788,-0.183119997382164
837,447.0,49700.0,0.061039999127388,0.4272800087928772,0.366239994764328
838,448.0,49800.0,0.061039999127388,0.4272800087928772,0.366239994764328
839,449.0,49900.0,-0.3051999807357788,0.9156000018119812,-0.061039999127388
840,420.0,47000.0,1.2207999229431152,-0.061039999127388,-0.3051999807357788
841,421.0,47100.0,1.2207999229431152,-0.061039999127388,-0.3051999807357788
842,422.0,47200.0,0.8545600175857544,-0.183119997382164,0.061039999127388
843,423.0,47300.0,0.8545600175857544,-0.183119997382164,0.061039999127388
844,424.0,47400.0,-0.122079998254776,1.4039199352264404,0.6714400053024292
845,425.0,47500.0,-0.122079998254776,1.4039199352264404,0.6714400053024292
846,426.0,47600.0,-0.122079998254776,1.4039199352264404,0.6714400053024292
847,427.0,47700.0,0.061039999127388,0.976639986038208,0.061039999127388
848,428.0,47800.0,0.061039999127388,0.976639986038208,0.061039999127388
849,429.0,47900.0,-0.5493599772453308,0.6103999614715576,0.061039999127388
850,430.0,48000.0,-0.5493599772453308,0.6103999614715576,0.061039999127388
851,431.0,48100.0,-0.244159996509552,0.122079998254776,-0.122079998254776
852,432.0,48200.0,-0.244159996509552,0.122079998254776,-0.122079998254776
853,433.0,48300.0,-0.061039999127388,0.488319993019104,-0.488319993019104
854,434.0,48400.0,-0.061039999127388,0.488319993019104,-0.488319993019104
855,435.0,48500.0,0.244159996509552,0.061039999127388,-0.122079998254776
856,436.0,48600.0,0.244159996509552,0.061039999127388,-0.122079998254776
857,437.0,48700.0,0.244159996509552,0.061039999127388,-0.122079998254776
858,438.0,48800.0,0.244159996509552,0.122079998254776,-0.488319993019104
859,439.0,48900.0,0.244159996509552,0.122079998254776,-0.488319993019104
860,440.0,49000.0,-0.7935199737548828,0.061039999127388,-0.061039999127388
861,441.0,49100.0,-0.7935199737548828,0.061039999127388,-0.061039999127388
862,442.0,49200.0,0.4272800087928772,0.244159996509552,-0.6714400053024292
863,443.0,49300.0,0.4272800087928772,0.244159996509552,-0.6714400053024292
864,444.0,49400.0,0.4272800087928772,0.244159996509552,-0.6714400053024292
865,445.0,49500.0,0.6103999614715576,0.3051999807357788,-0.183119997382164
866,446.0,49600.0,0.6103999614715576,0.3051999807357788,-0.183119997382164
867,447.0,49700.0,0.061039999127388,0.4272800087928772,0.366239994764328
868,448.0,49800.0,0.061039999127388,0.4272800087928772,0.366239994764328
869,449.0,49900.0,-0.3051999807357788,0.9156000018119812,-0.061039999127388
870,450.0,50000.0,-0.3051999807357788,0.9156000018119812,-0.061039999127388
871,451.0,50100.0,-0.3051999807357788,0.9156000018119812,-0.061039999127388
872,452.0,50200.0,0.122079998254776,0.061039999127388,0.244159996509552
873,453.0,50300.0,0.122079998254776,0.061039999127388,0.244159996509552
874,454.0,50400.0,0.366239994764328,-0.366239994764328,-0.488319993019104
875,455.0,50500.0,0.366239994764328,-0.366239994764328,-0.488319993019104
876,456.0,50600.0,0.3051999807357788,0.183119997382164,0.183119997382164
877,457.0,50700.0,0.3051999807357788,0.183119997382164,0.183119997382164
878,458.0,50800.0,0.3051999807357788,0.183119997382164,0.183119997382164
879,459.0,50900.0,0.061039999127388,0.4272800087928772,-0.6103999614715576
880,460.0,51000.0,0.061039999127388,0.4272800087928772,-0.6103999614715576
881,461.0,51100.0,0.122079998254776,0.4272800087928772,-0.122079998254776
882,462.0,51200.0,0.122079998254776,0.4272800087928772,-0.122079998254776
883,463.0,51300.0,0.244159996509552,0.122079998254776,0.488319993019104
884,464.0,51400.0,0.244159996509552,0.122079998254776,0.488319993019104
885,465.0,51500.0,0.244159996509552,0.122079998254776,0.488319993019104
886,466.0,51600.0,-0.061039999127388,-0.061039999127388,0.183119997382164
887,467.0,51700.0,-0.061039999127388,-0.061039999127388,0.183119997382164
888,468.0,51800.0,1.4039199352264404,0.366239994764328,-0.366239994764328
889,469.0,51900.0,1.4039199352264404,0.366239994764328,-0.366239994764328
890,470.0,52000.0,-0.5493599772453308,0.4272800087928772,0.4272800087928772
891,471.0,52100.0,-0.5493599772453308,0.4272800087928772,0.4272800087928772
892,472.0,52200.0,0.4272800087928772,-0.244159996509552,-0.366239994764328
893,473.0,52300.0,0.4272800087928772,-0.244159996509552,-0.366239994764328
894,474.0,52400.0,0.4272800087928772,-0.244159996509552,-0.366239994764328
895,475.0,52500.0,0.061039999127388,0.366239994764328,-0.244159996509552
896,476.0,52600.0,0.061039999127388,0.366239994764328,-0.244159996509552
897,477.0,52700.0,0.6714400053024292,0.061039999127388,-0.183119997382164
898,478.0,52800.0,0.6714400053024292,0.061039999127388,-0.183119997382164
899,479.0,52900.0,-6.3481597900390625,1.0376800298690796,-0.3051999807357788
900,450.0,50000.0,-0.3051999807357788,0.9156000018119812,-0.061039999127388
901,451.0,50100.0,-0.3051999807357788,0.9156000018119812,-0.061039999127388
902,452.0,50200.0,0.122079998254776,0.061039999127388,0.244159996509552
903,453.0,50300.0,0.122079998254776,0.061039999127388,0.244159996509552
904,454.0,50400.0,0.366239994764328,-0.366239994764328,-0.488319993019104
905,455.0,50500.0,0.366239994764328,-0.366239994764328,-0.488319993019104
906,456.0,50600.0,0.3051999807357788,0.183119997382164,0.183119997382164
907,457.0,50700.0,0.3051999807357788,0.183119997382164,0.183119997382164
908,458.0,50800.0,0.3051999807357788,0.183119997382164,0.183119997382164
909,459.0,50900.0,0.061039999127388,0.4272800087928772,-0.6103999614715576
910,460.0,51000.0,0.061039999127388,0.4272800087928772,-0.6103999614715576
911,461.0,51100.0,0.122079998254776,0.4272800087928772,-0.122079998254776
912,462.0,51200.0,0.122079998254776,0.4272800087928772,-0.122079998254776
913,463.0,51300.0,0.244159996509552,0.122079998254776,0.488319993019104
914,464.0,51400.0,0.244159996509552,0.122079998254776,0.488319993019104
915,465.0,51500.0,0.244159996509552,0.122079998254776,0.488319993019104
916,466.0,51600.0,-0.061039999127388,-0.061039999127388,0.183119997382164
917,467.0,51700.0,-0.061039999127388,-0.061039999127388,0.183119997382164
918,468.0,51800.0,1.4039199352264404,0.366239994764328,-0.366239994764328
919,469.0,51900.0,1.4039199352264404,0.366239994764328,-0.366239994764328
920,470.0,52000.0,-0.5493599772453308,0.4272800087928772,0.4272800087928772
921,471.0,52100.0,-0.5493599772453308,0.4272800087928772,0.4272800087928772
922,472.0,52200.0,0.4272800087928772,-0.244159996509552,-0.366239994764328
923,473.0,52300.0,0.4272800087928772,-0.244159996509552,-0.366239994764328
924,474.0,52400.0,0.4272800087928772,-0.244159996509552,-0.366239994764328
925,475.0,52500.0,0.061039999127388,0.366239994764328,-0.244159996509552
926,476.0,52600.0,0.061039999127388,0.366239994764328,-0.244159996509552
927,477.0,52700.0,0.6714400053024292,0.061039999127388,-0.183119997382164
928,478.0,52800.0,0.6714400053024292,0.061039999127388,-0.183119997382164
929,479.0,52900.0,-6.3481597900390625,1.0376800298690796,-0.3051999807357788
930,480.0,53000.0,-6.3481597900390625,1.0376800298690796,-0.3051999807357788
931,481.0,53100.0,-6.3481597900390625,1.0376800298690796,-0.3051999807357788
932,482.0,53200.0,-0.3051999807357788,-1.2818399667739868,-0.488319993019104
933,483.0,53300.0,-0.3051999807357788,-1.2818399667739868,-0.488319993019104
934,484.0,53400.0,2.624719858169556,-1.1597599983215332,-0.122079998254776
935,485.0,53500.0,2.624719858169556,-1.1597599983215332,-0.122079998254776
936,486.0,53600.0,-2.3195199966430664,1.2207999229431152,0.8545600175857544
937,487.0,53700.0,-2.3195199966430664,1.2207999229431152,0.8545600175857544
938,488.0,53800.0,-2.3195199966430664,1.2207999229431152,0.8545600175857544
939,489.0,53900.0,-0.5493599772453308,0.4272800087928772,0.122079998254776
940,490.0,54000.0,-0.5493599772453308,0.4272800087928772,0.122079998254776
941,491.0,54100.0,0.5493599772453308,0.8545600175857544,-0.366239994764328
942,492.0,54200.0,0.5493599772453308,0.8545600175857544,-0.366239994764328
943,493.0,54300.0,0.4272800087928772,0.5493599772453308,-0.366239994764328
944,494.0,54400.0,0.4272800087928772,0.5493599772453308,-0.366239994764328
945,495.0,54500.0,0.4272800087928772,0.5493599772453308,-0.366239994764328
946,496.0,54600.0,2.4415998458862305,-0.976639986038208,0.4272800087928772
947,497.0,54700.0,2.4415998458862305,-0.976639986038208,0.4272800087928772
948,498.0,54800.0,5.981919765472412,-0.976639986038208,-1.2818399667739868
949,499.0,54900.0,5.981919765472412,-0.976639986038208,-1.2818399667739868
950,500.0,55000.0,2.807839870452881,1.1597599983215332,-1.8922399282455444
951,501.0,55100.0,2.807839870452881,1.1597599983215332,-1.8922399282455444
952,502.0,55200.0,2.807839870452881,1.1597599983215332,-1.8922399282455444
953,503.0,55300.0,-4.578000068664551,1.1597599983215332,0.7935199737548828
954,504.0,55400.0,-4.578000068664551,1.1597599983215332,0.7935199737548828
955,505.0,55500.0,-0.6103999614715576,1.0987199544906616,0.4272800087928772
956,506.0,55600.0,-0.6103999614715576,1.0987199544906616,0.4272800087928772
957,507.0,55700.0,2.868880033493042,-1.3428800106048584,0.183119997382164
958,508.0,55800.0,2.868880033493042,-1.3428800106048584,0.183119997382164
959,509.0,55900.0,2.868880033493042,-1.3428800106048584,0.183119997382164
960,480.0,53000.0,-6.3481597900390625,1.0376800298690796,-0.3051999807357788
961,481.0,53100.0,-6.3481597900390625,1.0376800298690796,-0.3051999807357788
962,482.0,53200.0,-0.3051999807357788,-1.2818399667739868,-0.488319993019104
963,483.0,53300.0,-0.3051999807357788,-1.2818399667739868,-0.488319993019104
964,484.0,53400.0,2.624719858169556,-1.1597599983215332,-0.122079998254776
965,485.0,53500.0,2.624719858169556,-1.1597599983215332,-0.122079998254776
966,486.0,53600.0,-2.3195199966430664,1.2207999229431152,0.8545600175857544
967,487.0,53700.0,-2.3195199966430664,1.2207999229431152,0.8545600175857544
968,488.0,53800.0,-2.3195199966430664,1.2207999229431152,0.8545600175857544
969,489.0,53900.0,-0.5493599772453308,0.4272800087928772,0.122079998254776
970,490.0,54000.0,-0.5493599772453308,0.4272800087928772,0.122079998254776
971,491.0,54100.0,0.5493599772453308,0.8545600175857544,-0.366239994764328
972,492.0,54200.0,0.5493599772453308,0.8545600175857544,-0.366239994764328
973,493.0,54300.0,0.4272800087928772,0.5493599772453308,-0.366239994764328
974,494.0,54400.0,0.4272800087928772,0.5493599772453308,-0.366239994764328
975,495.0,54500.0,0.4272800087928772,0.5493599772453308,-0.366239994764328
976,496.0,54600.0,2.4415998458862305,-0.976639986038208,0.4272800087928772
977,497.0,54700.0,2.4415998458862305,-0.976639986038208,0.4272800087928772
978,498.0,54800.0,5.981919765472412,-0.976639986038208,-1.2818399667739868
979,499.0,54900.0,5.981919765472412,-0.976639986038208,-1.2818399667739868
980,500.0,55000.0,2.807839870452881,1.1597599983215332,-1.8922399282455444
981,501.0,55100.0,2.807839870452881,1.1597599983215332,-1.8922399282455444
982,502.0,55200.0,2.807839870452881,1.1597599983215332,-1.8922399282455444
983,503.0,55300.0,-4.578000068664551,1.1597599983215332,0.7935199737548828
984,504.0,55400.0,-4.578000068664551,1.1597599983215332,0.7935199737548828
985,505.0,55500.0,-0.6103999614715576,1.0987199544906616,0.4272800087928772
986,506.0,55600.0,-0.6103999614715576,1.0987199544906616,0.4272800087928772
987,507.0,55700.0,2.868880033493042,-1.3428800106048584,0.183119997382164
988,508.0,55800.0,2.868880033493042,-1.3428800106048584,0.183119997382164
989,509.0,55900.0,2.868880033493042,-1.3428800106048584,0.183119997382164
990,510.0,56000.0,0.5493599772453308,-1.0376800298690796,0.122079998254776
991,511.0,56100.0,0.5493599772453308,-1.0376800298690796,0.122079998254776
992,512.0,56200.0,0.183119997382164,-0.244159996509552,-0.3051999807357788
993,513.0,56300.0,0.183119997382164,-0.244159996509552,-0.3051999807357788
994,514.0,56400.0,-0.061039999127388,0.488319993019104,-0.4272800087928772
995,515.0,56500.0,-0.061039999127388,0.488319993019104,-0.4272800087928772
996,516.0,56600.0,-0.061039999127388,0.488319993019104,-0.4272800087928772
997,517.0,56700.0,0.3051999807357788,-0.122079998254776,-0.061039999127388
998,518.0,56800.0,0.3051999807357788,-0.122079998254776,-0.061039999127388
999,519.0,56900.0,-0.8545600175857544,0.8545600175857544,-1.0987199544906616
1000,520.0,57000.0,-0.8545600175857544,0.8545600175857544,-1.0987199544906616
1001,521.0,57100.0,-0.244159996509552,0.183119997382164,-0.6714400053024292
1002,522.0,57200.0,-0.244159996509552,0.183119997382164,-0.6714400053024292
1003,523.0,57300.0,-0.488319993019104,0.366239994764328,-0.061039999127388
1004,524.0,57400.0,-0.488319993019104,0.366239994764328,-0.061039999127388
1005,525.0,57500.0,-0.488319993019104,0.366239994764328,-0.061039999127388
1006,526.0,57600.0,-1.953279972076416,0.9156000018119812,-0.122079998254776
1007,527.0,57700.0,-1.953279972076416,0.9156000018119812,-0.122079998254776
1008,528.0,57800.0,0.061039999127388,0.5493599772453308,-0.488319993019104
1009,529.0,57900.0,0.061039999127388,0.5493599772453308,-0.488319993019104
1010,530.0,58000.0,0.061039999127388,0.5493599772453308,-0.488319993019104
1011,531.0,58100.0,0.976639986038208,0.061039999127388,-0.7324799895286559
1012,532.0,58200.0,0.976639986038208,0.061039999127388,-0.7324799895286559
1013,533.0,58300.0,-0.183119997382164,0.183119997382164,0.3051999807357788
1014,534.0,58400.0,-0.183119997382164,0.183119997382164,0.3051999807357788
1015,535.0,58500.0,0.488319993019104,1.0987199544906616,0.183119997382164
1016,536.0,58600.0,0.488319993019104,1.0987199544906616,0.183119997382164
1017,537.0,58700.0,-0.3051999807357788,0.183119997382164,-0.6103999614715576
1018,538.0,58800.0,-0.3051999807357788,0.183119997382164,-0.6103999614715576
1019,539.0,58900.0,-0.3051999807357788,0.183119997382164,-0.6103999614715576
1020,510.0,56000.0,0.5493599772453308,-1.0376800298690796,0.122079998254776
1021,511.0,56100.0,0.5493599772453308,-1.0376800298690796,0.122079998254776
1022,512.0,56200.0,0.183119997382164,-0.244159996509552,-0.3051999807357788
1023,513.0,56300.0,0.183119997382164,-0.244159996509552,-0.3051999807357788
1024,514.0,56400.0,-0.061039999127388,0.488319993019104,-0.4272800087928772
1025,515.0,56500.0,-0.061039999127388,0.488319993019104,-0.4272800087928772
1026,516.0,56600.0,-0.061039999127388,0.488319993019104,-0.4272800087928772
1027,517.0,56700.0,0.3051999807357788,-0.122079998254776,-0.061039999127388
1028,518.0,56800.0,0.3051999807357788,-0.122079998254776,-0.061039999127388
1029,519.0,56900.0,-0.8545600175857544,0.8545600175857544,-1.0987199544906616
1030,520.0,57000.0,-0.8545600175857544,0.8545600175857544,-1.0987199544906616
1031,521.0,57100.0,-0.244159996509552,0.183119997382164,-0.6714400053024292
1032,522.0,57200.0,-0.244159996509552,0.183119997382164,-0.6714400053024292
1033,523.0,57300.0,-0.488319993019104,0.366239994764328,-0.061039999127388
1034,524.0,57400.0,-0.488319993019104,0.366239994764328,-0.061039999127388
1035,525.0,57500.0,-0.488319993019104,0.366239994764328,-0.061039999127388
1036,526.0,57600.0,-1.953279972076416,0.9156000018119812,-0.122079998254776
1037,527.0,57700.0,-1.953279972076416,0.9156000018119812,-0.122079998254776
1038,528.0,57800.0,0.061039999127388,0.5493599772453308,-0.488319993019104
1039,529.0,57900.0,0.061039999127388,0.5493599772453308,-0.488319993019104
1040,530.0,58000.0,0.061039999127388,0.5493599772453308,-0.488319993019104
1041,531.0,58100.0,0.976639986038208,0.061039999127388,-0.7324799895286559
1042,532.0,58200.0,0.976639986038208,0.061039999127388,-0.7324799895286559
1043,533.0,58300.0,-0.183119997382164,0.183119997382164,0.3051999807357788
1044,534.0,58400.0,-0.183119997382164,0.183119997382164,0.3051999807357788
1045,535.0,58500.0,0.488319993019104,1.0987199544906616,0.183119997382164
1046,536.0,58600.0,0.488319993019104,1.0987199544906616,0.183119997382164
1047,537.0,58700.0,-0.3051999807357788,0.183119997382164,-0.6103999614715576
1048,538.0,58800.0,-0.3051999807357788,0.183119997382164,-0.6103999614715576
1049,539.0,58900.0,-0.3051999807357788,0.183119997382164,-0.6103999614715576
1050,540.0,59000.0,0.061039999127388,0.366239994764328,-0.366239994764328
1051,541.0,59100.0,0.061039999127388,0.366239994764328,-0.366239994764328
1052,542.0,59200.0,-0.976639986038208,0.061039999127388,-0.488319993019104
1053,543.0,59300.0,-0.976639986038208,0.061039999127388,-0.488319993019104
1054,544.0,59400.0,-0.976639986038208,0.061039999127388,-0.488319993019104
1055,545.0,59500.0,0.976639986038208,-0.061039999127388,0.244159996509552
1056,546.0,59600.0,0.976639986038208,-0.061039999127388,0.244159996509552
1057,547.0,59700.0,0.244159996509552,-0.061039999127388,-0.122079998254776
1058,548.0,59800.0,0.244159996509552,-0.061039999127388,-0.122079998254776
1059,549.0,59900.0,1.0987199544906616,0.7324799895286559,0.244159996509552
1060,550.0,60000.0,1.0987199544906616,0.7324799895286559,0.244159996509552
1061,551.0,60100.0,-0.488319993019104,0.366239994764328,0.4272800087928772
1062,552.0,60200.0,-0.488319993019104,0.366239994764328,0.4272800087928772
1063,553.0,60300.0,-0.488319993019104,0.366239994764328,0.4272800087928772
1064,554.0,60400.0,0.488319993019104,0.9156000018119812,-0.5493599772453308
1065,555.0,60500.0,0.488319993019104,0.9156000018119812,-0.5493599772453308
1066,556.0,60600.0,-0.4272800087928772,0.122079998254776,0.244159996509552
1067,557.0,60700.0,-0.4272800087928772,0.122079998254776,0.244159996509552
1068,558.0,60800.0,-0.4272800087928772,0.122079998254776,0.244159996509552
1069,559.0,60900.0,-0.488319993019104,0.061039999127388,0.3051999807357788
1070,560.0,61000.0,-0.488319993019104,0.061039999127388,0.3051999807357788
1071,561.0,61100.0,-0.488319993019104,0.4272800087928772,0.366239994764328
1072,562.0,61200.0,-0.488319993019104,0.4272800087928772,0.366239994764328
1073,563.0,61300.0,-0.7935199737548828,0.7935199737548828,-0.5493599772453308
1074,564.0,61400.0,-0.7935199737548828,0.7935199737548828,-0.5493599772453308
1075,565.0,61500.0,0.244159996509552,-0.3051999807357788,-0.3051999807357788
1076,566.0,61600.0,0.244159996509552,-0.3051999807357788,-0.3051999807357788
1077,567.0,61700.0,0.244159996509552,-0.3051999807357788,-0.3051999807357788
1078,568.0,61800.0,0.6103999614715576,-0.183119997382164,-0.366239994764328
1079,569.0,61900.0,0.6103999614715576,-0.183119997382164,-0.366239994764328
1080,540.0,59000.0,0.061039999127388,0.366239994764328,-0.366239994764328
1081,541.0,59100.0,0.061039999127388,0.366239994764328,-0.366239994764328
1082,542.0,59200.0,-0.976639986038208,0.061039999127388,-0.488319993019104
1083,543.0,59300.0,-0.976639986038208,0.061039999127388,-0.488319993019104
1084,544.0,59400.0,-0.976639986038208,0.061039999127388,-0.488319993019104
1085,545.0,59500.0,0.976639986038208,-0.061039999127388,0.244159996509552
1086,546.0,59600.0,0.976639986038208,-0.061039999127388,0.244159996509552
1087,547.0,59700.0,0.244159996509552,-0.061039999127388,-0.122079998254776
1088,548.0,59800.0,0.244159996509552,-0.061039999127388,-0.122079998254776
1089,549.0,59900.0,1.0987199544906616,0.7324799895286559,0.244159996509552
1090,550.0,60000.0,1.0987199544906616,0.7324799895286559,0.244159996509552
1091,551.0,60100.0,-0.488319993019104,0.366239994764328,0.4272800087928772
1092,552.0,60200.0,-0.488319993019104,0.366239994764328,0.4272800087928772
1093,553.0,60300.0,-0.488319993019104,0.366239994764328,0.4272800087928772
1094,554.0,60400.0,0.488319993019104,0.9156000018119812,-0.5493599772453308
1095,555.0,60500.0,0.488319993019104,0.9156000018119812,-0.5493599772453308
1096,556.0,60600.0,-0.4272800087928772,0.122079998254776,0.244159996509552
1097,557.0,60700.0,-0.4272800087928772,0.122079998254776,0.244159996509552
1098,558.0,60800.0,-0.4272800087928772,0.122079998254776,0.244159996509552
1099,559.0,60900.0,-0.488319993019104,0.061039999127388,0.3051999807357788
1100,560.0,61000.0,-0.488319993019104,0.061039999127388,0.3051999807357788
1101,561.0,61100.0,-0.488319993019104,0.4272800087928772,0.366239994764328
1102,562.0,61200.0,-0.488319993019104,0.4272800087928772,0.366239994764328
1103,563.0,61300.0,-0.7935199737548828,0.7935199737548828,-0.5493599772453308
1104,564.0,61400.0,-0.7935199737548828,0.7935199737548828,-0.5493599772453308
1105,565.0,61500.0,0.244159996509552,-0.3051999807357788,-0.3051999807357788
1106,566.0,61600.0,0.244159996509552,-0.3051999807357788,-0.3051999807357788
1107,567.0,61700.0,0.244159996509552,-0.3051999807357788,-0.3051999807357788
1108,568.0,61800.0,0.6103999614715576,-0.183119997382164,-0.366239994764328
1109,569.0,61900.0,0.6103999614715576,-0.183119997382164,-0.366239994764328
1110,570.0,62000.0,0.183119997382164,0.3051999807357788,-0.3051999807357788
1111,571.0,62100.0,0.183119997382164,0.3051999807357788,-0.3051999807357788
1112,572.0,62200.0,0.183119997382164,0.3051999807357788,-0.3051999807357788
1113,573.0,62300.0,-0.061039999127388,-0.183119997382164,-0.4272800087928772
1114,574.0,62400.0,-0.061039999127388,-0.183119997382164,-0.4272800087928772
1115,575.0,62500.0,-0.7935199737548828,0.5493599772453308,0.122079998254776
1116,576.0,62600.0,-0.7935199737548828,0.5493599772453308,0.122079998254776
1117,577.0,62700.0,2.868880033493042,-1.8922399282455444,-2.3805599212646484
1118,578.0,62800.0,2.868880033493042,-1.8922399282455444,-2.3805599212646484
1119,579.0,62900.0,3.5403199195861816,-1.6480799913406372,-0.8545600175857544
1120,580.0,63000.0,3.5403199195861816,-1.6480799913406372,-0.8545600175857544
1121,581.0,63100.0,3.5403199195861816,-1.6480799913406372,-0.8545600175857544
1122,582.0,63200.0,-0.488319993019104,2.3195199966430664,0.244159996509552
1123,583.0,63300.0,-0.488319993019104,2.3195199966430664,0.244159996509552
1124,584.0,63400.0,0.061039999127388,-0.7935199737548828,-0.061039999127388
1125,585.0,63500.0,0.061039999127388,-0.7935199737548828,-0.061039999127388
1126,586.0,63600.0,0.061039999127388,-0.7935199737548828,-0.061039999127388
1127,587.0,63700.0,-0.244159996509552,-0.183119997382164,-0.244159996509552
1128,588.0,63800.0,-0.244159996509552,-0.183119997382164,-0.244159996509552
1129,589.0,63900.0,-0.5493599772453308,0.061039999127388,0.183119997382164
1130,590.0,64000.0,-0.5493599772453308,0.061039999127388,0.183119997382164
1131,591.0,64100.0,-0.4272800087928772,-0.488319993019104,0.366239994764328
1132,592.0,64200.0,-0.4272800087928772,-0.488319993019104,0.366239994764328
1133,593.0,64300.0,0.6714400053024292,-1.2818399667739868,-0.6103999614715576
1134,594.0,64400.0,0.6714400053024292,-1.2818399667739868,-0.6103999614715576
1135,595.0,64500.0,0.6714400053024292,-1.2818399667739868,-0.6103999614715576
1136,596.0,64600.0,1.3428800106048584,-1.0376800298690796,-1.5260000228881836
1137,597.0,64700.0,1.3428800106048584,-1.0376800298690796,-1.5260000228881836
1138,598.0,64800.0,0.6714400053024292,-0.5493599772453308,-0.122079998254776
1139,599.0,64900.0,0.6714400053024292,-0.5493599772453308,-0.122079998254776
1140,570.0,62000.0,0.183119997382164,0.3051999807357788,-0.3051999807357788
1141,571.0,62100.0,0.183119997382164,0.3051999807357788,-0.3051999807357788
1142,572.0,62200.0,0.183119997382164,0.3051999807357788,-0.3051999807357788
1143,573.0,62300.0,-0.061039999127388,-0.183119997382164,-0.4272800087928772
1144,574.0,62400.0,-0.061039999127388,-0.183119997382164,-0.4272800087928772
1145,575.0,62500.0,-0.7935199737548828,0.5493599772453308,0.122079998254776
1146,576.0,62600.0,-0.7935199737548828,0.5493599772453308,0.122079998254776
1147,577.0,62700.0,2.868880033493042,-1.8922399282455444,-2.3805599212646484
1148,578.0,62800.0,2.868880033493042,-1.8922399282455444,-2.3805599212646484
1149,579.0,62900.0,3.5403199195861816,-1.6480799913406372,-0.8545600175857544
1150,580.0,63000.0,3.5403199195861816,-1.6480799913406372,-0.8545600175857544
1151,581.0,63100.0,3.5403199195861816,-1.6480799913406372,-0.8545600175857544
1152,582.0,63200.0,-0.488319993019104,2.3195199966430664,0.244159996509552
1153,583.0,63300.0,-0.488319993019104,2.3195199966430664,0.244159996509552
1154,584.0,63400.0,0.061039999127388,-0.7935199737548828,-0.061039999127388
1155,585.0,63500.0,0.061039999127388,-0.7935199737548828,-0.061039999127388
1156,586.0,63600.0,0.061039999127388,-0.7935199737548828,-0.061039999127388
1157,587.0,63700.0,-0.244159996509552,-0.183119997382164,-0.244159996509552
1158,588.0,63800.0,-0.244159996509552,-0.183119997382164,-0.244159996509552
1159,589.0,63900.0,-0.5493599772453308,0.061039999127388,0.183119997382164
1160,590.0,64000.0,-0.5493599772453308,0.061039999127388,0.183119997382164
1161,591.0,64100.0,-0.4272800087928772,-0.488319993019104,0.366239994764328
1162,592.0,64200.0,-0.4272800087928772,-0.488319993019104,0.366239994764328
1163,593.0,64300.0,0.6714400053024292,-1.2818399667739868,-0.6103999614715576
1164,594.0,64400.0,0.6714400053024292,-1.2818399667739868,-0.6103999614715576
1165,595.0,64500.0,0.6714400053024292,-1.2818399667739868,-0.6103999614715576
1166,596.0,64600.0,1.3428800106048584,-1.0376800298690796,-1.5260000228881836
1167,597.0,64700.0,1.3428800106048584,-1.0376800298690796,-1.5260000228881836
1168,598.0,64800.0,0.6714400053024292,-0.5493599772453308,-0.122079998254776
1169,599.0,64900.0,0.6714400053024292,-0.5493599772453308,-0.122079998254776
1170,600.0,65000.0,0.6714400053024292,-0.5493599772453308,-0.122079998254776
1171,601.0,65100.0,-2.075360059738159,0.7324799895286559,1.0376800298690796
1172,602.0,65200.0,-2.075360059738159,0.7324799895286559,1.0376800298690796
1173,603.0,65300.0,0.976639986038208,0.183119997382164,0.061039999127388
1174,604.0,65400.0,0.976639986038208,0.183119997382164,0.061039999127388
1175,605.0,65500.0,0.5493599772453308,0.244159996509552,-0.183119997382164
1176,606.0,65600.0,0.5493599772453308,0.244159996509552,-0.183119997382164
1177,607.0,65700.0,0.122079998254776,0.6714400053024292,-0.4272800087928772
1178,608.0,65800.0,0.122079998254776,0.6714400053024292,-0.4272800087928772
1179,609.0,65900.0,-0.488319993019104,0.061039999127388,-0.7935199737548828
1180,610.0,66000.0,-0.488319993019104,0.061039999127388,-0.7935199737548828
1181,611.0,66100.0,-0.488319993019104,0.061039999127388,-0.7935199737548828
1182,612.0,66200.0,-0.366239994764328,0.3051999807357788,-0.122079998254776
1183,613.0,66300.0,-0.366239994764328,0.3051999807357788,-0.122079998254776
1184,614.0,66400.0,4.4559197425842285,-1.2818399667739868,-0.244159996509552
1185,615.0,66500.0,4.4559197425842285,-1.2818399667739868,-0.244159996509552
1186,616.0,66600.0,-4.2117600440979,2.3195199966430664,-0.183119997382164
1187,617.0,66700.0,-4.2117600440979,2.3195199966430664,-0.183119997382164
1188,618.0,66800.0,-0.366239994764328,0.244159996509552,0.976639986038208
1189,619.0,66900.0,-0.366239994764328,0.244159996509552,0.976639986038208
1190,620.0,67000.0,-0.366239994764328,0.244159996509552,0.976639986038208
1191,621.0,67100.0,0.122079998254776,0.3051999807357788,0.3051999807357788
1192,622.0,67200.0,0.122079998254776,0.3051999807357788,0.3051999807357788
1193,623.0,67300.0,0.061039999127388,0.183119997382164,0.183119997382164
1194,624.0,67400.0,0.061039999127388,0.183119997382164,0.183119997382164
1195,625.0,67500.0,0.366239994764328,0.4272800087928772,0.061039999127388
1196,626.0,67600.0,0.366239994764328,0.4272800087928772,0.061039999127388
1197,627.0,67700.0,0.366239994764328,0.4272800087928772,0.061039999127388
1198,628.0,67800.0,-4.700079917907715,1.0987199544906616,-0.244159996509552
1199,629.0,67900.0,-4.700079917907715,1.0987199544906616,-0.244159996509552
1200,600.0,65000.0,0.6714400053024292,-0.5493599772453308,-0.122079998254776
1201,601.0,65100.0,-2.075360059738159,0.7324799895286559,1.0376800298690796
1202,602.0,65200.0,-2.075360059738159,0.7324799895286559,1.0376800298690796
1203,603.0,65300.0,0.976639986038208,0.183119997382164,0.061039999127388
1204,604.0,65400.0,0.976639986038208,0.183119997382164,0.061039999127388
1205,605.0,65500.0,0.5493599772453308,0.244159996509552,-0.183119997382164
1206,606.0,65600.0,0.5493599772453308,0.244159996509552,-0.183119997382164
1207,607.0,65700.0,0.122079998254776,0.6714400053024292,-0.4272800087928772
1208,608.0,65800.0,0.122079998254776,0.6714400053024292,-0.4272800087928772
1209,609.0,65900.0,-0.488319993019104,0.061039999127388,-0.7935199737548828
1210,610.0,66000.0,-0.488319993019104,0.061039999127388,-0.7935199737548828
1211,611.0,66100.0,-0.488319993019104,0.061039999127388,-0.7935199737548828
1212,612.0,66200.0,-0.366239994764328,0.3051999807357788,-0.122079998254776
1213,613.0,66300.0,-0.366239994764328,0.3051999807357788,-0.122079998254776
1214,614.0,66400.0,4.4559197425842285,-1.2818399667739868,-0.244159996509552
1215,615.0,66500.0,4.4559197425842285,-1.2818399667739868,-0.244159996509552
1216,616.0,66600.0,-4.2117600440979,2.3195199966430664,-0.183119997382164
1217,617.0,66700.0,-4.2117600440979,2.3195199966430664,-0.183119997382164
1218,618.0,66800.0,-0.366239994764328,0.244159996509552,0.976639986038208
1219,619.0,66900.0,-0.366239994764328,0.244159996509552,0.976639986038208
1220,620.0,67000.0,-0.366239994764328,0.244159996509552,0.976639986038208
1221,621.0,67100.0,0.122079998254776,0.3051999807357788,0.3051999807357788
1222,622.0,67200.0,0.122079998254776,0.3051999807357788,0.3051999807357788
1223,623.0,67300.0,0.061039999127388,0.183119997382164,0.183119997382164
1224,624.0,67400.0,0.061039999127388,0.183119997382164,0.183119997382164
1225,625.0,67500.0,0.366239994764328,0.4272800087928772,0.061039999127388
1226,626.0,67600.0,0.366239994764328,0.4272800087928772,0.061039999127388
1227,627.0,67700.0,0.366239994764328,0.4272800087928772,0.061039999127388
1228,628.0,67800.0,-4.700079917907715,1.0987199544906616,-0.244159996509552
1229,629.0,67900.0,-4.700079917907715,1.0987199544906616,-0.244159996509552
1230,630.0,68000.0,1.7091200351715088,0.122079998254776,-0.976639986038208
1231,631.0,68100.0,1.7091200351715088,0.122079998254776,-0.976639986038208
1232,632.0,68200.0,1.953279972076416,-0.5493599772453308,-0.6103999614715576
1233,633.0,68300.0,1.953279972076416,-0.5493599772453308,-0.6103999614715576
1234,634.0,68400.0,1.953279972076416,-0.5493599772453308,-0.6103999614715576
1235,635.0,68500.0,-0.183119997382164,0.7935199737548828,-0.122079998254776
1236,636.0,68600.0,-0.183119997382164,0.7935199737548828,-0.122079998254776
1237,637.0,68700.0,-0.8545600175857544,0.6103999614715576,-0.6714400053024292
1238,638.0,68800.0,-0.8545600175857544,0.6103999614715576,-0.6714400053024292
1239,639.0,68900.0,0.4272800087928772,-0.244159996509552,0.122079998254776
1240,640.0,69000.0,0.4272800087928772,-0.244159996509552,0.122079998254776
1241,641.0,69100.0,0.4272800087928772,-0.244159996509552,0.122079998254776
1242,642.0,69200.0,-0.061039999127388,-0.122079998254776,-0.3051999807357788
1243,643.0,69300.0,-0.061039999127388,-0.122079998254776,-0.3051999807357788
1244,644.0,69400.0,0.7324799895286559,0.488319993019104,0.183119997382164
1245,645.0,69500.0,0.7324799895286559,0.488319993019104,0.183119997382164
1246,646.0,69600.0,3.2961599826812744,-0.976639986038208,-1.4039199352264404
1247,647.0,69700.0,3.2961599826812744,-0.976639986038208,-1.4039199352264404
1248,648.0,69800.0,1.0987199544906616,1.3428800106048584,-0.244159996509552
1249,649.0,69900.0,1.0987199544906616,1.3428800106048584,-0.244159996509552
1250,650.0,70000.0,-3.84552001953125,0.7324799895286559,0.6103999614715576
1251,651.0,70100.0,-3.84552001953125,0.7324799895286559,0.6103999614715576
1252,652.0,70200.0,-3.84552001953125,0.7324799895286559,0.6103999614715576
1253,653.0,70300.0,0.488319993019104,1.0987199544906616,-0.4272800087928772
1254,654.0,70400.0,0.488319993019104,1.0987199544906616,-0.4272800087928772
1255,655.0,70500.0,0.3051999807357788,1.0376800298690796,-0.122079998254776
1256,656.0,70600.0,0.3051999807357788,1.0376800298690796,-0.122079998254776
1257,657.0,70700.0,-1.4649599790573118,0.9156000018119812,0.366239994764328
1258,658.0,70800.0,-1.4649599790573118,0.9156000018119812,0.366239994764328
1259,659.0,70900.0,-1.4649599790573118,0.9156000018119812,0.366239994764328
1260,630.0,68000.0,1.7091200351715088,0.122079998254776,-0.976639986038208
1261,631.0,68100.0,1.7091200351715088,0.122079998254776,-0.976639986038208
1262,632.0,68200.0,1.953279972076416,-0.5493599772453308,-0.6103999614715576
1263,633.0,68300.0,1.953279972076416,-0.5493599772453308,-0.6103999614715576
1264,634.0,68400.0,1.953279972076416,-0.5493599772453308,-0.6103999614715576
1265,635.0,68500.0,-0.183119997382164,0.7935199737548828,-0.122079998254776
1266,636.0,68600.0,-0.183119997382164,0.7935199737548828,-0.122079998254776
1267,637.0,68700.0,-0.8545600175857544,0.6103999614715576,-0.6714400053024292
1268,638.0,68800.0,-0.8545600175857544,0.6103999614715576,-0.6714400053024292
1269,639.0,68900.0,0.4272800087928772,-0.244159996509552,0.122079998254776
1270,640.0,69000.0,0.4272800087928772,-0.244159996509552,0.122079998254776
1271,641.0,69100.0,0.4272800087928772,-0.244159996509552,0.122079998254776
1272,642.0,69200.0,-0.061039999127388,-0.122079998254776,-0.3051999807357788
1273,643.0,69300.0,-0.061039999127388,-0.122079998254776,-0.3051999807357788
1274,644.0,69400.0,0.7324799895286559,0.488319993019104,0.183119997382164
1275,645.0,69500.0,0.7324799895286559,0.488319993019104,0.183119997382164
1276,646.0,69600.0,3.2961599826812744,-0.976639986038208,-1.4039199352264404
1277,647.0,69700.0,3.2961599826812744,-0.976639986038208,-1.4039199352264404
1278,648.0,69800.0,1.0987199544906616,1.3428800106048584,-0.244159996509552
1279,649.0,69900.0,1.0987199544906616,1.3428800106048584,-0.244159996509552
1280,650.0,70000.0,-3.84552001953125,0.7324799895286559,0.6103999614715576
1281,651.0,70100.0,-3.84552001953125,0.7324799895286559,0.6103999614715576
1282,652.0,70200.0,-3.84552001953125,0.7324799895286559,0.6103999614715576
1283,653.0,70300.0,0.488319993019104,1.0987199544906616,-0.4272800087928772
1284,654.0,70400.0,0.488319993019104,1.0987199544906616,-0.4272800087928772
1285,655.0,70500.0,0.3051999807357788,1.0376800298690796,-0.122079998254776
1286,656.0,70600.0,0.3051999807357788,1.0376800298690796,-0.122079998254776
1287,657.0,70700.0,-1.4649599790573118,0.9156000018119812,0.366239994764328
1288,658.0,70800.0,-1.4649599790573118,0.9156000018119812,0.366239994764328
1289,659.0,70900.0,-1.4649599790573118,0.9156000018119812,0.366239994764328
1290,660.0,71000.0,-0.7324799895286559,1.2207999229431152,0.244159996509552
1291,661.0,71100.0,-0.7324799895286559,1.2207999229431152,0.244159996509552
1292,662.0,71200.0,-0.183119997382164,0.6103999614715576,-0.3051999807357788
1293,663.0,71300.0,-0.183119997382164,0.6103999614715576,-0.3051999807357788
1294,664.0,71400.0,0.183119997382164,-1.2207999229431152,0.183119997382164
1295,665.0,71500.0,0.183119997382164,-1.2207999229431152,0.183119997382164
1296,666.0,71600.0,0.183119997382164,-1.2207999229431152,0.183119997382164
1297,667.0,71700.0,1.1597599983215332,-0.9156000018119812,-0.061039999127388
1298,668.0,71800.0,1.1597599983215332,-0.9156000018119812,-0.061039999127388
1299,669.0,71900.0,0.3051999807357788,0.183119997382164,-0.4272800087928772
1300,670.0,72000.0,0.3051999807357788,0.183119997382164,-0.4272800087928772
1301,671.0,72100.0,0.122079998254776,1.5870399475097656,-0.244159996509552
1302,672.0,72200.0,0.122079998254776,1.5870399475097656,-0.244159996509552
1303,673.0,72300.0,0.122079998254776,1.5870399475097656,-0.244159996509552
1304,674.0,72400.0,-0.061039999127388,0.9156000018119812,-0.4272800087928772
1305,675.0,72500.0,-0.061039999127388,0.9156000018119812,-0.4272800087928772
1306,676.0,72600.0,-0.8545600175857544,0.4272800087928772,-0.4272800087928772
1307,677.0,72700.0,-0.8545600175857544,0.4272800087928772,-0.4272800087928772
1308,678.0,72800.0,0.061039999127388,0.244159996509552,0.183119997382164
1309,679.0,72900.0,0.061039999127388,0.244159996509552,0.183119997382164
1310,680.0,73000.0,0.122079998254776,0.183119997382164,-0.366239994764328
1311,681.0,73100.0,0.122079998254776,0.183119997382164,-0.366239994764328
1312,682.0,73200.0,0.122079998254776,0.183119997382164,-0.366239994764328
1313,683.0,73300.0,0.9156000018119812,-1.1597599983215332,0.4272800087928772
1314,684.0,73400.0,0.9156000018119812,-1.1597599983215332,0.4272800087928772
1315,685.0,73500.0,0.366239994764328,-0.122079998254776,0.061039999127388
1316,686.0,73600.0,0.366239994764328,-0.122079998254776,0.061039999127388
1317,687.0,73700.0,-0.061039999127388,0.3051999807357788,-0.244159996509552
1318,688.0,73800.0,-0.061039999127388,0.3051999807357788,-0.244159996509552
1319,689.0,73900.0,-0.061039999127388,0.3051999807357788,-0.244159996509552
1320,660.0,71000.0,-0.7324799895286559,1.2207999229431152,0.244159996509552
1321,661.0,71100.0,-0.7324799895286559,1.2207999229431152,0.244159996509552
1322,662.0,71200.0,-0.183119997382164,0.6103999614715576,-0.3051999807357788
1323,663.0,71300.0,-0.183119997382164,0.6103999614715576,-0.3051999807357788
1324,664.0,71400.0,0.183119997382164,-1.2207999229431152,0.183119997382164
1325,665.0,71500.0,0.183119997382164,-1.2207999229431152,0.183119997382164
1326,666.0,71600.0,0.183119997382164,-1.2207999229431152,0.183119997382164
1327,667.0,71700.0,1.1597599983215332,-0.9156000018119812,-0.061039999127388
1328,668.0,71800.0,1.1597599983215332,-0.9156000018119812,-0.061039999127388
1329,669.0,71900.0,0.3051999807357788,0.183119997382164,-0.4272800087928772
1330,670.0,72000.0,0.3051999807357788,0.183119997382164,-0.4272800087928772
1331,671.0,72100.0,0.122079998254776,1.5870399475097656,-0.244159996509552
1332,672.0,72200.0,0.122079998254776,1.5870399475097656,-0.244159996509552
1333,673.0,72300.0,0.122079998254776,1.5870399475097656,-0.244159996509552
1334,674.0,72400.0,-0.061039999127388,0.9156000018119812,-0.4272800087928772
1335,675.0,72500.0,-0.061039999127388,0.9156000018119812,-0.4272800087928772
1336,676.0,72600.0,-0.8545600175857544,0.4272800087928772,-0.4272800087928772
1337,677.0,72700.0,-0.8545600175857544,0.4272800087928772,-0.4272800087928772
1338,678.0,72800.0,0.061039999127388,0.244159996509552,0.183119997382164
1339,679.0,72900.0,0.061039999127388,0.244159996509552,0.183119997382164
1340,680.0,73000.0,0.122079998254776,0.183119997382164,-0.366239994764328
1341,681.0,73100.0,0.122079998254776,0.183119997382164,-0.366239994764328
1342,682.0,73200.0,0.122079998254776,0.183119997382164,-0.366239994764328
1343,683.0,73300.0,0.9156000018119812,-1.1597599983215332,0.4272800087928772
1344,684.0,73400.0,0.9156000018119812,-1.1597599983215332,0.4272800087928772
1345,685.0,73500.0,0.366239994764328,-0.122079998254776,0.061039999127388
1346,686.0,73600.0,0.366239994764328,-0.122079998254776,0.061039999127388
1347,687.0,73700.0,-0.061039999127388,0.3051999807357788,-0.244159996509552
1348,688.0,73800.0,-0.061039999127388,0.3051999807357788,-0.244159996509552
1349,689.0,73900.0,-0.061039999127388,0.3051999807357788,-0.244159996509552
1350,690.0,74000.0,-0.4272800087928772,0.183119997382164,0.244159996509552
1351,691.0,74100.0,-0.4272800087928772,0.183119997382164,0.244159996509552
1352,692.0,74200.0,0.6103999614715576,0.122079998254776,0.6714400053024292
1353,693.0,74300.0,0.6103999614715576,0.122079998254776,0.6714400053024292
1354,694.0,74400.0,0.4272800087928772,0.183119997382164,0.366239994764328
1355,695.0,74500.0,0.4272800087928772,0.183119997382164,0.366239994764328
1356,696.0,74600.0,-0.5493599772453308,0.6714400053024292,-0.061039999127388
1357,697.0,74700.0,-0.5493599772453308,0.6714400053024292,-0.061039999127388
1358,698.0,74800.0,-0.5493599772453308,0.6714400053024292,-0.061039999127388
1359,699.0,74900.0,0.122079998254776,-0.183119997382164,-0.366239994764328
1360,700.0,75000.0,0.122079998254776,-0.183119997382164,-0.366239994764328
1361,701.0,75100.0,-0.7935199737548828,-0.6714400053024292,-0.244159996509552
1362,702.0,75200.0,-0.7935199737548828,-0.6714400053024292,-0.244159996509552
1363,703.0,75300.0,0.9156000018119812,-0.366239994764328,-0.122079998254776
1364,704.0,75400.0,0.9156000018119812,-0.366239994764328,-0.122079998254776
1365,705.0,75500.0,0.9156000018119812,-0.366239994764328,-0.122079998254776
1366,706.0,75600.0,-0.4272800087928772,1.7701599597930908,-0.488319993019104
1367,707.0,75700.0,-0.4272800087928772,1.7701599597930908,-0.488319993019104
1368,708.0,75800.0,-1.0376800298690796,0.3051999807357788,0.061039999127388
1369,709.0,75900.0,-1.0376800298690796,0.3051999807357788,0.061039999127388
1370,710.0,76000.0,0.4272800087928772,0.6714400053024292,-0.366239994764328
1371,711.0,76100.0,0.4272800087928772,0.6714400053024292,-0.366239994764328
1372,712.0,76200.0,0.7935199737548828,-0.366239994764328,-0.366239994764328
1373,713.0,76300.0,0.7935199737548828,-0.366239994764328,-0.366239994764328
1374,714.0,76400.0,0.7935199737548828,-0.366239994764328,-0.366239994764328
1375,715.0,76500.0,-2.502640008926392,0.7324799895286559,0.061039999127388
1376,716.0,76600.0,-2.502640008926392,0.7324799895286559,0.061039999127388
1377,717.0,76700.0,3.2961599826812744,-1.953279972076416,-0.366239994764328
1378,718.0,76800.0,3.2961599826812744,-1.953279972076416,-0.366239994764328
1379,719.0,76900.0,-0.7935199737548828,1.7091200351715088,-0.3051999807357788
1380,690.0,74000.0,-0.4272800087928772,0.183119997382164,0.244159996509552
1381,691.0,74100.0,-0.4272800087928772,0.183119997382164,0.244159996509552
1382,692.0,74200.0,0.6103999614715576,0.122079998254776,0.6714400053024292
1383,693.0,74300.0,0.6103999614715576,0.122079998254776,0.6714400053024292
1384,694.0,74400.0,0.4272800087928772,0.183119997382164,0.366239994764328
1385,695.0,74500.0,0.4272800087928772,0.183119997382164,0.366239994764328
1386,696.0,74600.0,-0.5493599772453308,0.6714400053024292,-0.061039999127388
1387,697.0,74700.0,-0.5493599772453308,0.6714400053024292,-0.061039999127388
1388,698.0,74800.0,-0.5493599772453308,0.6714400053024292,-0.061039999127388
1389,699.0,74900.0,0.122079998254776,-0.183119997382164,-0.366239994764328
1390,700.0,75000.0,0.122079998254776,-0.183119997382164,-0.366239994764328
1391,701.0,75100.0,-0.7935199737548828,-0.6714400053024292,-0.244159996509552
1392,702.0,75200.0,-0.7935199737548828,-0.6714400053024292,-0.244159996509552
1393,703.0,75300.0,0.9156000018119812,-0.366239994764328,-0.122079998254776
1394,704.0,75400.0,0.9156000018119812,-0.366239994764328,-0.122079998254776
1395,705.0,75500.0,0.9156000018119812,-0.366239994764328,-0.122079998254776
1396,706.0,75600.0,-0.4272800087928772,1.7701599597930908,-0.488319993019104
1397,707.0,75700.0,-0.4272800087928772,1.7701599597930908,-0.488319993019104
1398,708.0,75800.0,-1.0376800298690796,0.3051999807357788,0.061039999127388
1399,709.0,75900.0,-1.0376800298690796,0.3051999807357788,0.061039999127388
1400,710.0,76000.0,0.4272800087928772,0.6714400053024292,-0.366239994764328
1401,711.0,76100.0,0.4272800087928772,0.6714400053024292,-0.366239994764328
1402,712.0,76200.0,0.7935199737548828,-0.366239994764328,-0.366239994764328
1403,713.0,76300.0,0.7935199737548828,-0.366239994764328,-0.366239994764328
1404,714.0,76400.0,0.7935199737548828,-0.366239994764328,-0.366239994764328
1405,715.0,76500.0,-2.502640008926392,0.7324799895286559,0.061039999127388
1406,716.0,76600.0,-2.502640008926392,0.7324799895286559,0.061039999127388
1407,717.0,76700.0,3.2961599826812744,-1.953279972076416,-0.366239994764328
1408,718.0,76800.0,3.2961599826812744,-1.953279972076416,-0.366239994764328
1409,719.0,76900.0,-0.7935199737548828,1.7091200351715088,-0.3051999807357788
1410,720.0,77000.0,-0.7935199737548828,1.7091200351715088,-0.3051999807357788
1411,721.0,77100.0,-0.7935199737548828,1.7091200351715088,-0.3051999807357788
1412,722.0,77200.0,5.4325599670410165,-1.7701599597930908,-1.7091200351715088
1413,723.0,77300.0,5.4325599670410165,-1.7701599597930908,-1.7091200351715088
1414,724.0,77400.0,-2.014319896697998,-0.183119997382164,0.6103999614715576
1415,725.0,77500.0,-2.014319896697998,-0.183119997382164,0.6103999614715576
1416,726.0,77600.0,-0.061039999127388,0.244159996509552,-0.3051999807357788
1417,727.0,77700.0,-0.061039999127388,0.244159996509552,-0.3051999807357788
1418,728.0,77800.0,-0.061039999127388,0.244159996509552,-0.3051999807357788
1419,729.0,77900.0,1.1597599983215332,0.183119997382164,-0.366239994764328
1420,730.0,78000.0,1.1597599983215332,0.183119997382164,-0.366239994764328
1421,731.0,78100.0,0.061039999127388,0.6714400053024292,0.3051999807357788
1422,732.0,78200.0,0.061039999127388,0.6714400053024292,0.3051999807357788
1423,733.0,78300.0,-0.5493599772453308,0.122079998254776,0.3051999807357788
1424,734.0,78400.0,-0.5493599772453308,0.122079998254776,0.3051999807357788
1425,735.0,78500.0,-0.5493599772453308,0.122079998254776,0.3051999807357788
1426,736.0,78600.0,8.484560012817383,-1.4039199352264404,1.6480799913406372
1427,737.0,78700.0,8.484560012817383,-1.4039199352264404,1.6480799913406372
1428,738.0,78800.0,12.452159881591795,-0.183119997382164,2.1363999843597408
1429,739.0,78900.0,12.452159881591795,-0.183119997382164,2.1363999843597408
1430,740.0,79000.0,1.0987199544906616,0.488319993019104,-0.7935199737548828
1431,741.0,79100.0,1.0987199544906616,0.488319993019104,-0.7935199737548828
1432,742.0,79200.0,-4.089679718017578,-0.6714400053024292,-3.9675998687744136
1433,743.0,79300.0,-4.089679718017578,-0.6714400053024292,-3.9675998687744136
1434,744.0,79400.0,-1.5870399475097656,0.122079998254776,-0.366239994764328
1435,745.0,79500.0,-1.5870399475097656,0.122079998254776,-0.366239994764328
1436,746.0,79600.0,-1.5870399475097656,0.122079998254776,-0.366239994764328
1437,747.0,79700.0,-0.122079998254776,-0.183119997382164,-0.122079998254776
1438,748.0,79800.0,-0.122079998254776,-0.183119997382164,-0.122079998254776
1439,749.0,79900.0,0.488319993019104,0.6103999614715576,0.061039999127388
1440,720.0,77000.0,-0.7935199737548828,1.7091200351715088,-0.3051999807357788
1441,721.0,77100.0,-0.7935199737548828,1.7091200351715088,-0.3051999807357788
1442,722.0,77200.0,5.4325599670410165,-1.7701599597930908,-1.7091200351715088
1443,723.0,77300.0,5.4325599670410165,-1.7701599597930908,-1.7091200351715088
1444,724.0,77400.0,-2.014319896697998,-0.183119997382164,0.6103999614715576
1445,725.0,77500.0,-2.014319896697998,-0.183119997382164,0.6103999614715576
1446,726.0,77600.0,-0.061039999127388,0.244159996509552,-0.3051999807357788
1447,727.0,77700.0,-0.061039999127388,0.244159996509552,-0.3051999807357788
1448,728.0,77800.0,-0.061039999127388,0.244159996509552,-0.3051999807357788
1449,729.0,77900.0,1.1597599983215332,0.183119997382164,-0.366239994764328
1450,730.0,78000.0,1.1597599983215332,0.183119997382164,-0.366239994764328
1451,731.0,78100.0,0.061039999127388,0.6714400053024292,0.3051999807357788
1452,732.0,78200.0,0.061039999127388,0.6714400053024292,0.3051999807357788
1453,733.0,78300.0,-0.5493599772453308,0.122079998254776,0.3051999807357788
1454,734.0,78400.0,-0.5493599772453308,0.122079998254776,0.3051999807357788
1455,735.0,78500.0,-0.5493599772453308,0.122079998254776,0.3051999807357788
1456,736.0,78600.0,8.484560012817383,-1.4039199352264404,1.6480799913406372
1457,737.0,78700.0,8.484560012817383,-1.4039199352264404,1.6480799913406372
1458,738.0,78800.0,12.452159881591795,-0.183119997382164,2.1363999843597408
1459,739.0,78900.0,12.452159881591795,-0.183119997382164,2.1363999843597408
1460,740.0,79000.0,1.0987199544906616,0.488319993019104,-0.7935199737548828
1461,741.0,79100.0,1.0987199544906616,0.488319993019104,-0.7935199737548828
1462,742.0,79200.0,-4.089679718017578,-0.6714400053024292,-3.9675998687744136
1463,743.0,79300.0,-4.089679718017578,-0.6714400053024292,-3.9675998687744136
1464,744.0,79400.0,-1.5870399475097656,0.122079998254776,-0.366239994764328
1465,745.0,79500.0,-1.5870399475097656,0.122079998254776,-0.366239994764328
1466,746.0,79600.0,-1.5870399475097656,0.122079998254776,-0.366239994764328
1467,747.0,79700.0,-0.122079998254776,-0.183119997382164,-0.122079998254776
1468,748.0,79800.0,-0.122079998254776,-0.183119997382164,-0.122079998254776
1469,749.0,79900.0,0.488319993019104,0.6103999614715576,0.061039999127388
1470,750.0,80000.0,0.488319993019104,0.6103999614715576,0.061039999127388
1471,751.0,80100.0,-0.244159996509552,0.488319993019104,-0.122079998254776
1472,752.0,80200.0,-0.244159996509552,0.488319993019104,-0.122079998254776
1473,753.0,80300.0,0.122079998254776,0.061039999127388,-0.122079998254776
1474,754.0,80400.0,0.122079998254776,0.061039999127388,-0.122079998254776
1475,755.0,80500.0,-0.183119997382164,0.3051999807357788,0.122079998254776
1476,756.0,80600.0,-0.183119997382164,0.3051999807357788,0.122079998254776
1477,757.0,80700.0,-0.183119997382164,0.3051999807357788,0.122079998254776
1478,758.0,80800.0,-0.183119997382164,0.6103999614715576,-0.061039999127388
1479,759.0,80900.0,-0.183119997382164,0.6103999614715576,-0.061039999127388
1480,760.0,81000.0,-0.4272800087928772,0.7935199737548828,-0.3051999807357788
1481,761.0,81100.0,-0.4272800087928772,0.7935199737548828,-0.3051999807357788
1482,762.0,81200.0,-0.4272800087928772,0.7935199737548828,-0.3051999807357788
1483,763.0,81300.0,0.4272800087928772,0.122079998254776,0.244159996509552
1484,764.0,81400.0,0.4272800087928772,0.122079998254776,0.244159996509552
1485,765.0,81500.0,-0.3051999807357788,0.122079998254776,0.061039999127388
1486,766.0,81600.0,-0.3051999807357788,0.122079998254776,0.061039999127388
1487,767.0,81700.0,-0.3051999807357788,0.183119997382164,-0.061039999127388
1488,768.0,81800.0,-0.3051999807357788,0.183119997382164,-0.061039999127388
1489,769.0,81900.0,0.976639986038208,0.244159996509552,-0.122079998254776
1490,770.0,82000.0,0.976639986038208,0.244159996509552,-0.122079998254776
1491,771.0,82100.0,0.976639986038208,0.244159996509552,-0.122079998254776
1492,772.0,82200.0,0.366239994764328,0.4272800087928772,-0.244159996509552
1493,773.0,82300.0,0.366239994764328,0.4272800087928772,-0.244159996509552
1494,774.0,82400.0,-0.366239994764328,0.3051999807357788,-0.061039999127388
1495,775.0,82500.0,-0.366239994764328,0.3051999807357788,-0.061039999127388
1496,776.0,82600.0,-0.366239994764328,0.3051999807357788,-0.061039999127388
1497,777.0,82700.0,0.061039999127388,0.122079998254776,0.244159996509552
1498,778.0,82800.0,0.061039999127388,0.122079998254776,0.244159996509552
1499,779.0,82900.0,-0.6714400053024292,0.061039999127388,-0.6103999614715576
1500,750.0,80000.0,0.488319993019104,0.6103999614715576,0.061039999127388
1501,751.0,80100.0,-0.244159996509552,0.488319993019104,-0.122079998254776
1502,752.0,80200.0,-0.244159996509552,0.488319993019104,-0.122079998254776
1503,753.0,80300.0,0.122079998254776,0.061039999127388,-0.122079998254776
1504,754.0,80400.0,0.122079998254776,0.061039999127388,-0.122079998254776
1505,755.0,80500.0,-0.183119997382164,0.3051999807357788,0.122079998254776
1506,756.0,80600.0,-0.183119997382164,0.3051999807357788,0.122079998254776
1507,757.0,80700.0,-0.183119997382164,0.3051999807357788,0.122079998254776
1508,758.0,80800.0,-0.183119997382164,0.6103999614715576,-0.061039999127388
1509,759.0,80900.0,-0.183119997382164,0.6103999614715576,-0.061039999127388
1510,760.0,81000.0,-0.4272800087928772,0.7935199737548828,-0.3051999807357788
1511,761.0,81100.0,-0.4272800087928772,0.7935199737548828,-0.3051999807357788
1512,762.0,81200.0,-0.4272800087928772,0.7935199737548828,-0.3051999807357788
1513,763.0,81300.0,0.4272800087928772,0.122079998254776,0.244159996509552
1514,764.0,81400.0,0.4272800087928772,0.122079998254776,0.244159996509552
1515,765.0,81500.0,-0.3051999807357788,0.122079998254776,0.061039999127388
1516,766.0,81600.0,-0.3051999807357788,0.122079998254776,0.061039999127388
1517,767.0,81700.0,-0.3051999807357788,0.183119997382164,-0.061039999127388
1518,768.0,81800.0,-0.3051999807357788,0.183119997382164,-0.061039999127388
1519,769.0,81900.0,0.976639986038208,0.244159996509552,-0.122079998254776
1520,770.0,82000.0,0.976639986038208,0.244159996509552,-0.122079998254776
1521,771.0,82100.0,0.976639986038208,0.244159996509552,-0.122079998254776
1522,772.0,82200.0,0.366239994764328,0.4272800087928772,-0.244159996509552
1523,773.0,82300.0,0.366239994764328,0.4272800087928772,-0.244159996509552
1524,774.0,82400.0,-0.366239994764328,0.3051999807357788,-0.061039999127388
1525,775.0,82500.0,-0.366239994764328,0.3051999807357788,-0.061039999127388
1526,776.0,82600.0,-0.366239994764328,0.3051999807357788,-0.061039999127388
1527,777.0,82700.0,0.061039999127388,0.122079998254776,0.244159996509552
1528,778.0,82800.0,0.061039999127388,0.122079998254776,0.244159996509552
1529,779.0,82900.0,-0.6714400053024292,0.061039999127388,-0.6103999614715576
1530,780.0,83000.0,-0.6714400053024292,0.061039999127388,-0.6103999614715576
1531,781.0,83100.0,-0.6714400053024292,-0.9156000018119812,-0.244159996509552
1532,782.0,83200.0,-0.6714400053024292,-0.9156000018119812,-0.244159996509552
1533,783.0,83300.0,0.366239994764328,-1.7701599597930908,-0.7935199737548828
1534,784.0,83400.0,0.366239994764328,-1.7701599597930908,-0.7935199737548828
1535,785.0,83500.0,1.953279972076416,-2.075360059738159,-2.1363999843597408
1536,786.0,83600.0,1.953279972076416,-2.075360059738159,-2.1363999843597408
1537,787.0,83700.0,1.953279972076416,-2.075360059738159,-2.1363999843597408
1538,788.0,83800.0,-0.366239994764328,-0.6714400053024292,-1.7091200351715088
1539,789.0,83900.0,-0.366239994764328,-0.6714400053024292,-1.7091200351715088
1540,790.0,84000.0,-2.075360059738159,1.7091200351715088,-0.6103999614715576
1541,791.0,84100.0,-2.075360059738159,1.7091200351715088,-0.6103999614715576
1542,792.0,84200.0,-2.075360059738159,1.7091200351715088,-0.6103999614715576
1543,793.0,84300.0,1.4649599790573118,-1.7701599597930908,-1.8312000036239624
1544,794.0,84400.0,1.4649599790573118,-1.7701599597930908,-1.8312000036239624
1545,795.0,84500.0,-2.990959882736206,2.929919958114624,5.005280017852783
1546,796.0,84600.0,-2.990959882736206,2.929919958114624,5.005280017852783
1547,797.0,84700.0,-0.366239994764328,1.5870399475097656,1.0987199544906616
1548,798.0,84800.0,-0.366239994764328,1.5870399475097656,1.0987199544906616
1549,799.0,84900.0,-0.8545600175857544,1.0376800298690796,-1.6480799913406372
1550,800.0,85000.0,-0.8545600175857544,1.0376800298690796,-1.6480799913406372
1551,801.0,85100.0,-0.8545600175857544,1.0376800298690796,-1.6480799913406372
1552,802.0,85200.0,-2.1974399089813232,0.6714400053024292,0.183119997382164
1553,803.0,85300.0,-2.1974399089813232,0.6714400053024292,0.183119997382164
1554,804.0,85400.0,-0.9156000018119812,1.4649599790573118,0.122079998254776
1555,805.0,85500.0,-0.9156000018119812,1.4649599790573118,0.122079998254776
1556,806.0,85600.0,0.6103999614715576,-0.7324799895286559,-0.244159996509552
1557,807.0,85700.0,0.6103999614715576,-0.7324799895286559,-0.244159996509552
1558,808.0,85800.0,0.6103999614715576,-0.7324799895286559,-0.244159996509552
1559,809.0,85900.0,0.8545600175857544,0.244159996509552,0.061039999127388
1560,780.0,83000.0,-0.6714400053024292,0.061039999127388,-0.6103999614715576
1561,781.0,83100.0,-0.6714400053024292,-0.9156000018119812,-0.244159996509552
1562,782.0,83200.0,-0.6714400053024292,-0.9156000018119812,-0.244159996509552
1563,783.0,83300.0,0.366239994764328,-1.7701599597930908,-0.7935199737548828
1564,784.0,83400.0,0.366239994764328,-1.7701599597930908,-0.7935199737548828
1565,785.0,83500.0,1.953279972076416,-2.075360059738159,-2.1363999843597408
1566,786.0,83600.0,1.953279972076416,-2.075360059738159,-2.1363999843597408
1567,787.0,83700.0,1.953279972076416,-2.075360059738159,-2.1363999843597408
1568,788.0,83800.0,-0.366239994764328,-0.6714400053024292,-1.7091200351715088
1569,789.0,83900.0,-0.366239994764328,-0.6714400053024292,-1.7091200351715088
1570,790.0,84000.0,-2.075360059738159,1.7091200351715088,-0.6103999614715576
1571,791.0,84100.0,-2.075360059738159,1.7091200351715088,-0.6103999614715576
1572,792.0,84200.0,-2.075360059738159,1.7091200351715088,-0.6103999614715576
1573,793.0,84300.0,1.4649599790573118,-1.7701599597930908,-1.8312000036239624
1574,794.0,84400.0,1.4649599790573118,-1.7701599597930908,-1.8312000036239624
1575,795.0,84500.0,-2.990959882736206,2.929919958114624,5.005280017852783
1576,796.0,84600.0,-2.990959882736206,2.929919958114624,5.005280017852783
1577,797.0,84700.0,-0.366239994764328,1.5870399475097656,1.0987199544906616
1578,798.0,84800.0,-0.366239994764328,1.5870399475097656,1.0987199544906616
1579,799.0,84900.0,-0.8545600175857544,1.0376800298690796,-1.6480799913406372
1580,800.0,85000.0,-0.8545600175857544,1.0376800298690796,-1.6480799913406372
1581,801.0,85100.0,-0.8545600175857544,1.0376800298690796,-1.6480799913406372
1582,802.0,85200.0,-2.1974399089813232,0.6714400053024292,0.183119997382164
1583,803.0,85300.0,-2.1974399089813232,0.6714400053024292,0.183119997382164
1584,804.0,85400.0,-0.9156000018119812,1.4649599790573118,0.122079998254776
1585,805.0,85500.0,-0.9156000018119812,1.4649599790573118,0.122079998254776
1586,806.0,85600.0,0.6103999614715576,-0.7324799895286559,-0.244159996509552
1587,807.0,85700.0,0.6103999614715576,-0.7324799895286559,-0.244159996509552
1588,808.0,85800.0,0.6103999614715576,-0.7324799895286559,-0.244159996509552
1589,809.0,85900.0,0.8545600175857544,0.244159996509552,0.061039999127388
1590,810.0,86000.0,0.8545600175857544,0.244159996509552,0.061039999127388
1591,811.0,86100.0,-1.2207999229431152,0.061039999127388,0.366239994764328
1592,812.0,86200.0,-1.2207999229431152,0.061039999127388,0.366239994764328
1593,813.0,86300.0,-0.3051999807357788,0.9156000018119812,-0.061039999127388
1594,814.0,86400.0,-0.3051999807357788,0.9156000018119812,-0.061039999127388
1595,815.0,86500.0,-0.3051999807357788,0.9156000018119812,-0.061039999127388
1596,816.0,86600.0,7.263760089874268,-2.807839870452881,-1.1597599983215332
1597,817.0,86700.0,7.263760089874268,-2.807839870452881,-1.1597599983215332
1598,818.0,86800.0,1.8312000036239624,-0.6714400053024292,-0.061039999127388
1599,819.0,86900.0,1.8312000036239624,-0.6714400053024292,-0.061039999127388
1600,820.0,87000.0,0.3051999807357788,-0.183119997382164,0.366239994764328
1601,821.0,87100.0,0.3051999807357788,-0.183119997382164,0.366239994764328
1602,822.0,87200.0,0.3051999807357788,-0.183119997382164,0.366239994764328
1603,823.0,87300.0,-0.6714400053024292,0.061039999127388,-0.3051999807357788
1604,824.0,87400.0,-0.6714400053024292,0.061039999127388,-0.3051999807357788
1605,825.0,87500.0,0.061039999127388,-0.061039999127388,-0.366239994764328
1606,826.0,87600.0,0.061039999127388,-0.061039999127388,-0.366239994764328
1607,827.0,87700.0,0.061039999127388,-0.061039999127388,-0.366239994764328
1608,828.0,87800.0,-0.3051999807357788,0.488319993019104,-0.366239994764328
1609,829.0,87900.0,-0.3051999807357788,0.488319993019104,-0.366239994764328
1610,830.0,88000.0,-0.4272800087928772,0.366239994764328,-0.4272800087928772
1611,831.0,88100.0,-0.4272800087928772,0.366239994764328,-0.4272800087928772
1612,832.0,88200.0,-0.4272800087928772,-0.061039999127388,0.061039999127388
1613,833.0,88300.0,-0.4272800087928772,-0.061039999127388,0.061039999127388
1614,834.0,88400.0,1.3428800106048584,-0.3051999807357788,0.122079998254776
1615,835.0,88500.0,1.3428800106048584,-0.3051999807357788,0.122079998254776
1616,836.0,88600.0,1.3428800106048584,-0.3051999807357788,0.122079998254776
1617,837.0,88700.0,4.089679718017578,-2.2584800720214844,-0.7935199737548828
1618,838.0,88800.0,4.089679718017578,-2.2584800720214844,-0.7935199737548828
1619,839.0,88900.0,-1.0376800298690796,1.3428800106048584,-0.6103999614715576
1620,810.0,86000.0,0.8545600175857544,0.244159996509552,0.061039999127388
1621,811.0,86100.0,-1.2207999229431152,0.061039999127388,0.366239994764328
1622,812.0,86200.0,-1.2207999229431152,0.061039999127388,0.366239994764328
1623,813.0,86300.0,-0.3051999807357788,0.9156000018119812,-0.061039999127388
1624,814.0,86400.0,-0.3051999807357788,0.9156000018119812,-0.061039999127388
1625,815.0,86500.0,-0.3051999807357788,0.9156000018119812,-0.061039999127388
1626,816.0,86600.0,7.263760089874268,-2.807839870452881,-1.1597599983215332
1627,817.0,86700.0,7.263760089874268,-2.807839870452881,-1.1597599983215332
1628,818.0,86800.0,1.8312000036239624,-0.6714400053024292,-0.061039999127388
1629,819.0,86900.0,1.8312000036239624,-0.6714400053024292,-0.061039999127388
1630,820.0,87000.0,0.3051999807357788,-0.183119997382164,0.366239994764328
1631,821.0,87100.0,0.3051999807357788,-0.183119997382164,0.366239994764328
1632,822.0,87200.0,0.3051999807357788,-0.183119997382164,0.366239994764328
1633,823.0,87300.0,-0.6714400053024292,0.061039999127388,-0.3051999807357788
1634,824.0,87400.0,-0.6714400053024292,0.061039999127388,-0.3051999807357788
1635,825.0,87500.0,0.061039999127388,-0.061039999127388,-0.366239994764328
1636,826.0,87600.0,0.061039999127388,-0.061039999127388,-0.366239994764328
1637,827.0,87700.0,0.061039999127388,-0.061039999127388,-0.366239994764328
1638,828.0,87800.0,-0.3051999807357788,0.488319993019104,-0.366239994764328
1639,829.0,87900.0,-0.3051999807357788,0.488319993019104,-0.366239994764328
1640,830.0,88000.0,-0.4272800087928772,0.366239994764328,-0.4272800087928772
1641,831.0,88100.0,-0.4272800087928772,0.366239994764328,-0.4272800087928772
1642,832.0,88200.0,-0.4272800087928772,-0.061039999127388,0.061039999127388
1643,833.0,88300.0,-0.4272800087928772,-0.061039999127388,0.061039999127388
1644,834.0,88400.0,1.3428800106048584,-0.3051999807357788,0.122079998254776
1645,835.0,88500.0,1.3428800106048584,-0.3051999807357788,0.122079998254776
1646,836.0,88600.0,1.3428800106048584,-0.3051999807357788,0.122079998254776
1647,837.0,88700.0,4.089679718017578,-2.2584800720214844,-0.7935199737548828
1648,838.0,88800.0,4.089679718017578,-2.2584800720214844,-0.7935199737548828
1649,839.0,88900.0,-1.0376800298690796,1.3428800106048584,-0.6103999614715576
1650,840.0,89000.0,-1.0376800298690796,1.3428800106048584,-0.6103999614715576
1651,841.0,89100.0,-1.0376800298690796,1.3428800106048584,-0.6103999614715576
1652,842.0,89200.0,0.5493599772453308,-0.061039999127388,-0.488319993019104
1653,843.0,89300.0,0.5493599772453308,-0.061039999127388,-0.488319993019104
1654,844.0,89400.0,0.8545600175857544,-1.0987199544906616,-0.122079998254776
1655,845.0,89500.0,0.8545600175857544,-1.0987199544906616,-0.122079998254776
1656,846.0,89600.0,-0.9156000018119812,0.488319993019104,0.3051999807357788
1657,847.0,89700.0,-0.9156000018119812,0.488319993019104,0.3051999807357788
1658,848.0,89800.0,-0.9156000018119812,0.488319993019104,0.3051999807357788
1659,849.0,89900.0,-0.976639986038208,0.4272800087928772,0.3051999807357788
1660,850.0,90000.0,-0.976639986038208,0.4272800087928772,0.3051999807357788
1661,851.0,90100.0,0.5493599772453308,0.122079998254776,-0.488319993019104
1662,852.0,90200.0,0.5493599772453308,0.122079998254776,-0.488319993019104
1663,853.0,90300.0,0.3051999807357788,-0.6103999614715576,0.488319993019104
1664,854.0,90400.0,0.3051999807357788,-0.6103999614715576,0.488319993019104
1665,855.0,90500.0,0.3051999807357788,-0.6103999614715576,0.488319993019104
1666,856.0,90600.0,0.366239994764328,0.366239994764328,-0.122079998254776
1667,857.0,90700.0,0.366239994764328,0.366239994764328,-0.122079998254776
1668,858.0,90800.0,-0.488319993019104,0.366239994764328,-0.4272800087928772
1669,859.0,90900.0,-0.488319993019104,0.366239994764328,-0.4272800087928772
1670,860.0,91000.0,-0.244159996509552,0.122079998254776,-0.122079998254776
1671,861.0,91100.0,-0.244159996509552,0.122079998254776,-0.122079998254776
1672,862.0,91200.0,-0.244159996509552,0.122079998254776,-0.122079998254776
1673,863.0,91300.0,-0.366239994764328,0.3051999807357788,0.3051999807357788
1674,864.0,91400.0,-0.366239994764328,0.3051999807357788,0.3051999807357788
1675,865.0,91500.0,0.061039999127388,0.244159996509552,-0.244159996509552
1676,866.0,91600.0,0.061039999127388,0.244159996509552,-0.244159996509552
1677,867.0,91700.0,0.061039999127388,0.244159996509552,-0.244159996509552
1678,868.0,91800.0,-0.5493599772453308,0.244159996509552,-0.183119997382164
1679,869.0,91900.0,-0.5493599772453308,0.244159996509552,-0.183119997382164
1680,840.0,89000.0,-1.0376800298690796,1.3428800106048584,-0.6103999614715576
1681,841.0,89100.0,-1.0376800298690796,1.3428800106048584,-0.6103999614715576
1682,842.0,89200.0,0.5493599772453308,-0.061039999127388,-0.488319993019104
1683,843.0,89300.0,0.5493599772453308,-0.061039999127388,-0.488319993019104
1684,844.0,89400.0,0.8545600175857544,-1.0987199544906616,-0.122079998254776
1685,845.0,89500.0,0.8545600175857544,-1.0987199544906616,-0.122079998254776
1686,846.0,89600.0,-0.9156000018119812,0.488319993019104,0.3051999807357788
1687,847.0,89700.0,-0.9156000018119812,0.488319993019104,0.3051999807357788
1688,848.0,89800.0,-0.9156000018119812,0.488319993019104,0.3051999807357788
1689,849.0,89900.0,-0.976639986038208,0.4272800087928772,0.3051999807357788
1690,850.0,90000.0,-0.976639986038208,0.4272800087928772,0.3051999807357788
1691,851.0,90100.0,0.5493599772453308,0.122079998254776,-0.488319993019104
1692,852.0,90200.0,0.5493599772453308,0.122079998254776,-0.488319993019104
1693,853.0,90300.0,0.3051999807357788,-0.6103999614715576,0.488319993019104
1694,854.0,90400.0,0.3051999807357788,-0.6103999614715576,0.488319993019104
1695,855.0,90500.0,0.3051999807357788,-0.6103999614715576,0.488319993019104
1696,856.0,90600.0,0.366239994764328,0.366239994764328,-0.122079998254776
1697,857.0,90700.0,0.366239994764328,0.366239994764328,-0.122079998254776
1698,858.0,90800.0,-0.488319993019104,0.366239994764328,-0.4272800087928772
1699,859.0,90900.0,-0.488319993019104,0.366239994764328,-0.4272800087928772
1700,860.0,91000.0,-0.244159996509552,0.122079998254776,-0.122079998254776
1701,861.0,91100.0,-0.244159996509552,0.122079998254776,-0.122079998254776
1702,862.0,91200.0,-0.244159996509552,0.122079998254776,-0.122079998254776
1703,863.0,91300.0,-0.366239994764328,0.3051999807357788,0.3051999807357788
1704,864.0,91400.0,-0.366239994764328,0.3051999807357788,0.3051999807357788
1705,865.0,91500.0,0.061039999127388,0.244159996509552,-0.244159996509552
1706,866.0,91600.0,0.061039999127388,0.244159996509552,-0.244159996509552
1707,867.0,91700.0,0.061039999127388,0.244159996509552,-0.244159996509552
1708,868.0,91800.0,-0.5493599772453308,0.244159996509552,-0.183119997382164
1709,869.0,91900.0,-0.5493599772453308,0.244159996509552,-0.183119997382164
1710,870.0,92000.0,-0.122079998254776,0.4272800087928772,-0.122079998254776
1711,871.0,92100.0,-0.122079998254776,0.4272800087928772,-0.122079998254776
1712,872.0,92200.0,-0.061039999127388,0.488319993019104,0.488319993019104
1713,873.0,92300.0,-0.061039999127388,0.488319993019104,0.488319993019104
1714,874.0,92400.0,-0.061039999127388,0.488319993019104,0.488319993019104
1715,875.0,92500.0,-0.244159996509552,0.244159996509552,0.183119997382164
1716,876.0,92600.0,-0.244159996509552,0.244159996509552,0.183119997382164
1717,877.0,92700.0,-1.5260000228881836,0.6714400053024292,-0.366239994764328
1718,878.0,92800.0,-1.5260000228881836,0.6714400053024292,-0.366239994764328
1719,879.0,92900.0,0.9156000018119812,-0.5493599772453308,-0.183119997382164
1720,880.0,93000.0,0.9156000018119812,-0.5493599772453308,-0.183119997382164
1721,881.0,93100.0,0.9156000018119812,-0.5493599772453308,-0.183119997382164
1722,882.0,93200.0,0.976639986038208,-0.122079998254776,-0.122079998254776
1723,883.0,93300.0,0.976639986038208,-0.122079998254776,-0.122079998254776
1724,884.0,93400.0,-0.976639986038208,0.7935199737548828,-0.488319993019104
1725,885.0,93500.0,-0.976639986038208,0.7935199737548828,-0.488319993019104
1726,886.0,93600.0,0.5493599772453308,0.6103999614715576,-0.366239994764328
1727,887.0,93700.0,0.5493599772453308,0.6103999614715576,-0.366239994764328
1728,888.0,93800.0,0.5493599772453308,0.6103999614715576,-0.366239994764328
1729,889.0,93900.0,0.122079998254776,0.244159996509552,-0.488319993019104
1730,890.0,94000.0,0.122079998254776,0.244159996509552,-0.488319993019104
1731,891.0,94100.0,-0.8545600175857544,0.7324799895286559,0.244159996509552
1732,892.0,94200.0,-0.8545600175857544,0.7324799895286559,0.244159996509552
1733,893.0,94300.0,-0.4272800087928772,0.7324799895286559,0.5493599772453308
1734,894.0,94400.0,-0.4272800087928772,0.7324799895286559,0.5493599772453308
1735,895.0,94500.0,-0.4272800087928772,0.7324799895286559,0.5493599772453308
1736,896.0,94600.0,-0.061039999127388,0.6714400053024292,0.244159996509552
1737,897.0,94700.0,-0.061039999127388,0.6714400053024292,0.244159996509552
1738,898.0,94800.0,-0.244159996509552,0.061039999127388,0.122079998254776
1739,899.0,94900.0,-0.244159996509552,0.061039999127388,0.122079998254776
1740,870.0,92000.0,-0.122079998254776,0.4272800087928772,-0.122079998254776
1741,871.0,92100.0,-0.122079998254776,0.4272800087928772,-0.122079998254776
1742,872.0,92200.0,-0.061039999127388,0.488319993019104,0.488319993019104
1743,873.0,92300.0,-0.061039999127388,0.488319993019104,0.488319993019104
1744,874.0,92400.0,-0.061039999127388,0.488319993019104,0.488319993019104
1745,875.0,92500.0,-0.244159996509552,0.244159996509552,0.183119997382164
1746,876.0,92600.0,-0.244159996509552,0.244159996509552,0.183119997382164
1747,877.0,92700.0,-1.5260000228881836,0.6714400053024292,-0.366239994764328
1748,878.0,92800.0,-1.5260000228881836,0.6714400053024292,-0.366239994764328
1749,879.0,92900.0,0.9156000018119812,-0.5493599772453308,-0.183119997382164
1750,880.0,93000.0,0.9156000018119812,-0.5493599772453308,-0.183119997382164
1751,881.0,93100.0,0.9156000018119812,-0.5493599772453308,-0.183119997382164
1752,882.0,93200.0,0.976639986038208,-0.122079998254776,-0.122079998254776
1753,883.0,93300.0,0.976639986038208,-0.122079998254776,-0.122079998254776
1754,884.0,93400.0,-0.976639986038208,0.7935199737548828,-0.488319993019104
1755,885.0,93500.0,-0.976639986038208,0.7935199737548828,-0.488319993019104
1756,886.0,93600.0,0.5493599772453308,0.6103999614715576,-0.366239994764328
1757,887.0,93700.0,0.5493599772453308,0.6103999614715576,-0.366239994764328
1758,888.0,93800.0,0.5493599772453308,0.6103999614715576,-0.366239994764328
1759,889.0,93900.0,0.122079998254776,0.244159996509552,-0.488319993019104
1760,890.0,94000.0,0.122079998254776,0.244159996509552,-0.488319993019104
1761,891.0,94100.0,-0.8545600175857544,0.7324799895286559,0.244159996509552
1762,892.0,94200.0,-0.8545600175857544,0.7324799895286559,0.244159996509552
1763,893.0,94300.0,-0.4272800087928772,0.7324799895286559,0.5493599772453308
1764,894.0,94400.0,-0.4272800087928772,0.7324799895286559,0.5493599772453308
1765,895.0,94500.0,-0.4272800087928772,0.7324799895286559,0.5493599772453308
1766,896.0,94600.0,-0.061039999127388,0.6714400053024292,0.244159996509552
1767,897.0,94700.0,-0.061039999127388,0.6714400053024292,0.244159996509552
1768,898.0,94800.0,-0.244159996509552,0.061039999127388,0.122079998254776
1769,899.0,94900.0,-0.244159996509552,0.061039999127388,0.122079998254776
1770,900.0,95000.0,-0.061039999127388,0.5493599772453308,-0.7324799895286559
1771,901.0,95100.0,-0.061039999127388,0.5493599772453308,-0.7324799895286559
1772,902.0,95200.0,0.7935199737548828,0.183119997382164,-0.488319993019104
1773,903.0,95300.0,0.7935199737548828,0.183119997382164,-0.488319993019104
1774,904.0,95400.0,-0.488319993019104,0.7324799895286559,0.6714400053024292
1775,905.0,95500.0,-0.488319993019104,0.7324799895286559,0.6714400053024292
1776,906.0,95600.0,-0.488319993019104,0.7324799895286559,0.6714400053024292
1777,907.0,95700.0,0.122079998254776,0.366239994764328,-0.488319993019104
1778,908.0,95800.0,0.122079998254776,0.366239994764328,-0.488319993019104
1779,909.0,95900.0,0.8545600175857544,-0.8545600175857544,0.3051999807357788
1780,910.0,96000.0,0.8545600175857544,-0.8545600175857544,0.3051999807357788
1781,911.0,96100.0,0.061039999127388,1.0987199544906616,-0.244159996509552
1782,912.0,96200.0,0.061039999127388,1.0987199544906616,-0.244159996509552
1783,913.0,96300.0,0.7935199737548828,-0.183119997382164,-0.5493599772453308
1784,914.0,96400.0,0.7935199737548828,-0.183119997382164,-0.5493599772453308
1785,915.0,96500.0,0.7935199737548828,-0.183119997382164,-0.5493599772453308
1786,916.0,96600.0,1.0987199544906616,-0.061039999127388,-0.4272800087928772
1787,917.0,96700.0,1.0987199544906616,-0.061039999127388,-0.4272800087928772
1788,918.0,96800.0,0.4272800087928772,-0.3051999807357788,-0.122079998254776
1789,919.0,96900.0,0.4272800087928772,-0.3051999807357788,-0.122079998254776
1790,920.0,97000.0,0.4272800087928772,-0.3051999807357788,-0.122079998254776
1791,921.0,97100.0,-0.6714400053024292,-0.244159996509552,0.5493599772453308
1792,922.0,97200.0,-0.6714400053024292,-0.244159996509552,0.5493599772453308
1793,923.0,97300.0,0.488319993019104,0.061039999127388,-0.6103999614715576
1794,924.0,97400.0,0.488319993019104,0.061039999127388,-0.6103999614715576
1795,925.0,97500.0,-0.183119997382164,-0.366239994764328,-0.061039999127388
1796,926.0,97600.0,-0.183119997382164,-0.366239994764328,-0.061039999127388
1797,927.0,97700.0,-0.3051999807357788,0.4272800087928772,-0.122079998254776
1798,928.0,97800.0,-0.3051999807357788,0.4272800087928772,-0.122079998254776
1799,929.0,97900.0,-0.183119997382164,-0.244159996509552,0.244159996509552
1800,900.0,95000.0,-0.061039999127388,0.5493599772453308,-0.7324799895286559
1801,901.0,95100.0,-0.061039999127388,0.5493599772453308,-0.7324799895286559
1802,902.0,95200.0,0.7935199737548828,0.183119997382164,-0.488319993019104
1803,903.0,95300.0,0.7935199737548828,0.183119997382164,-0.488319993019104
1804,904.0,95400.0,-0.488319993019104,0.7324799895286559,0.6714400053024292
1805,905.0,95500.0,-0.488319993019104,0.7324799895286559,0.6714400053024292
1806,906.0,95600.0,-0.488319993019104,0.7324799895286559,0.6714400053024292
1807,907.0,95700.0,0.122079998254776,0.366239994764328,-0.488319993019104
1808,908.0,95800.0,0.122079998254776,0.366239994764328,-0.488319993019104
1809,909.0,95900.0,0.8545600175857544,-0.8545600175857544,0.3051999807357788
1810,910.0,96000.0,0.8545600175857544,-0.8545600175857544,0.3051999807357788
1811,911.0,96100.0,0.061039999127388,1.0987199544906616,-0.244159996509552
1812,912.0,96200.0,0.061039999127388,1.0987199544906616,-0.244159996509552
1813,913.0,96300.0,0.7935199737548828,-0.183119997382164,-0.5493599772453308
1814,914.0,96400.0,0.7935199737548828,-0.183119997382164,-0.5493599772453308
1815,915.0,96500.0,0.7935199737548828,-0.183119997382164,-0.5493599772453308
1816,916.0,96600.0,1.0987199544906616,-0.061039999127388,-0.4272800087928772
1817,917.0,96700.0,1.0987199544906616,-0.061039999127388,-0.4272800087928772
1818,918.0,96800.0,0.4272800087928772,-0.3051999807357788,-0.122079998254776
1819,919.0,96900.0,0.4272800087928772,-0.3051999807357788,-0.122079998254776
1820,920.0,97000.0,0.4272800087928772,-0.3051999807357788,-0.122079998254776
1821,921.0,97100.0,-0.6714400053024292,-0.244159996509552,0.5493599772453308
1822,922.0,97200.0,-0.6714400053024292,-0.244159996509552,0.5493599772453308
1823,923.0,97300.0,0.488319993019104,0.061039999127388,-0.6103999614715576
1824,924.0,97400.0,0.488319993019104,0.061039999127388,-0.6103999614715576
1825,925.0,97500.0,-0.183119997382164,-0.366239994764328,-0.061039999127388
1826,926.0,97600.0,-0.183119997382164,-0.366239994764328,-0.061039999127388
1827,927.0,97700.0,-0.3051999807357788,0.4272800087928772,-0.122079998254776
1828,928.0,97800.0,-0.3051999807357788,0.4272800087928772,-0.122079998254776
1829,929.0,97900.0,-0.183119997382164,-0.244159996509552,0.244159996509552
1830,930.0,98000.0,-0.183119997382164,-0.244159996509552,0.244159996509552
1831,931.0,98100.0,-0.183119997382164,-0.244159996509552,0.244159996509552
1832,932.0,98200.0,0.6103999614715576,-0.122079998254776,0.061039999127388
1833,933.0,98300.0,0.6103999614715576,-0.122079998254776,0.061039999127388
1834,934.0,98400.0,-0.244159996509552,0.488319993019104,0.7324799895286559
1835,935.0,98500.0,-0.244159996509552,0.488319993019104,0.7324799895286559
1836,936.0,98600.0,0.6714400053024292,0.7935199737548828,-0.5493599772453308
1837,937.0,98700.0,0.6714400053024292,0.7935199737548828,-0.5493599772453308
1838,938.0,98800.0,-0.122079998254776,0.7324799895286559,-0.061039999127388
1839,939.0,98900.0,-0.122079998254776,0.7324799895286559,-0.061039999127388
1840,940.0,99000.0,-0.122079998254776,0.7324799895286559,-0.061039999127388
1841,941.0,99100.0,0.244159996509552,0.061039999127388,-0.3051999807357788
1842,942.0,99200.0,0.244159996509552,0.061039999127388,-0.3051999807357788
1843,943.0,99300.0,-0.183119997382164,-0.183119997382164,0.183119997382164
1844,944.0,99400.0,-0.183119997382164,-0.183119997382164,0.183119997382164
1845,945.0,99500.0,0.8545600175857544,0.4272800087928772,-0.183119997382164
1846,946.0,99600.0,0.8545600175857544,0.4272800087928772,-0.183119997382164
1847,947.0,99700.0,-0.4272800087928772,-0.6103999614715576,-0.061039999127388
1848,948.0,99800.0,-0.4272800087928772,-0.6103999614715576,-0.061039999127388
1849,949.0,99900.0,-0.4272800087928772,-0.6103999614715576,-0.061039999127388
1850,950.0,100000.0,0.244159996509552,-0.6103999614715576,0.061039999127388
1851,951.0,100100.0,0.244159996509552,-0.6103999614715576,0.061039999127388
1852,952.0,100200.0,-0.366239994764328,0.3051999807357788,-0.4272800087928772
1853,953.0,100300.0,-0.366239994764328,0.3051999807357788,-0.4272800087928772
1854,954.0,100400.0,0.5493599772453308,0.7935199737548828,-0.061039999127388
1855,955.0,100500.0,0.5493599772453308,0.7935199737548828,-0.061039999127388
1856,956.0,100600.0,0.5493599772453308,0.7935199737548828,-0.061039999127388
1857,957.0,100700.0,-1.0376800298690796,0.366239994764328,-0.183119997382164
1858,958.0,100800.0,-1.0376800298690796,0.366239994764328,-0.183119997382164
1859,959.0,100900.0,0.976639986038208,0.488319993019104,0.183119997382164
1860,930.0,98000.0,-0.183119997382164,-0.244159996509552,0.244159996509552
1861,931.0,98100.0,-0.183119997382164,-0.244159996509552,0.244159996509552
1862,932.0,98200.0,0.6103999614715576,-0.122079998254776,0.061039999127388
1863,933.0,98300.0,0.6103999614715576,-0.122079998254776,0.061039999127388
1864,934.0,98400.0,-0.244159996509552,0.488319993019104,0.7324799895286559
1865,935.0,98500.0,-0.244159996509552,0.488319993019104,0.7324799895286559
1866,936.0,98600.0,0.6714400053024292,0.7935199737548828,-0.5493599772453308
1867,937.0,98700.0,0.6714400053024292,0.7935199737548828,-0.5493599772453308
1868,938.0,98800.0,-0.122079998254776,0.7324799895286559,-0.061039999127388
1869,939.0,98900.0,-0.122079998254776,0.7324799895286559,-0.061039999127388
1870,940.0,99000.0,-0.122079998254776,0.7324799895286559,-0.061039999127388
1871,941.0,99100.0,0.244159996509552,0.061039999127388,-0.3051999807357788
1872,942.0,99200.0,0.244159996509552,0.061039999127388,-0.3051999807357788
1873,943.0,99300.0,-0.183119997382164,-0.183119997382164,0.183119997382164
1874,944.0,99400.0,-0.183119997382164,-0.183119997382164,0.183119997382164
1875,945.0,99500.0,0.8545600175857544,0.4272800087928772,-0.183119997382164
1876,946.0,99600.0,0.8545600175857544,0.4272800087928772,-0.183119997382164
1877,947.0,99700.0,-0.4272800087928772,-0.6103999614715576,-0.061039999127388
1878,948.0,99800.0,-0.4272800087928772,-0.6103999614715576,-0.061039999127388
1879,949.0,99900.0,-0.4272800087928772,-0.6103999614715576,-0.061039999127388
1880,950.0,100000.0,0.244159996509552,-0.6103999614715576,0.061039999127388
1881,951.0,100100.0,0.244159996509552,-0.6103999614715576,0.061039999127388
1882,952.0,100200.0,-0.366239994764328,0.3051999807357788,-0.4272800087928772
1883,953.0,100300.0,-0.366239994764328,0.3051999807357788,-0.4272800087928772
1884,954.0,100400.0,0.5493599772453308,0.7935199737548828,-0.061039999127388
1885,955.0,100500.0,0.5493599772453308,0.7935199737548828,-0.061039999127388
1886,956.0,100600.0,0.5493599772453308,0.7935199737548828,-0.061039999127388
1887,957.0,100700.0,-1.0376800298690796,0.366239994764328,-0.183119997382164
1888,958.0,100800.0,-1.0376800298690796,0.366239994764328,-0.183119997382164
1889,959.0,100900.0,0.976639986038208,0.488319993019104,0.183119997382164
1890,960.0,101000.0,0.976639986038208,0.488319993019104,0.183119997382164
1891,961.0,101100.0,-1.0376800298690796,0.7324799895286559,-0.183119997382164
1892,962.0,101200.0,-1.0376800298690796,0.7324799895286559,-0.183119997382164
1893,963.0,101300.0,-0.061039999127388,0.488319993019104,0.7324799895286559
1894,964.0,101400.0,-0.061039999127388,0.488319993019104,0.7324799895286559
1895,965.0,101500.0,-0.061039999127388,0.488319993019104,0.7324799895286559
1896,966.0,101600.0,0.488319993019104,-0.122079998254776,-0.5493599772453308
1897,967.0,101700.0,0.488319993019104,-0.122079998254776,-0.5493599772453308
1898,968.0,101800.0,-1.0376800298690796,0.5493599772453308,-0.061039999127388
1899,969.0,101900.0,-1.0376800298690796,0.5493599772453308,-0.061039999127388
1900,970.0,102000.0,-0.183119997382164,-0.183119997382164,-0.122079998254776
1901,971.0,102100.0,-0.183119997382164,-0.183119997382164,-0.122079998254776
1902,972.0,102200.0,-0.183119997382164,-0.183119997382164,-0.122079998254776
1903,973.0,102300.0,-0.7324799895286559,-0.4272800087928772,0.4272800087928772
1904,974.0,102400.0,-0.7324799895286559,-0.4272800087928772,0.4272800087928772
1905,975.0,102500.0,-0.3051999807357788,0.366239994764328,0.244159996509552
1906,976.0,102600.0,-0.3051999807357788,0.366239994764328,0.244159996509552
1907,977.0,102700.0,-1.0987199544906616,-0.976639986038208,0.3051999807357788
1908,978.0,102800.0,-1.0987199544906616,-0.976639986038208,0.3051999807357788
1909,979.0,102900.0,-1.0987199544906616,-0.976639986038208,0.3051999807357788
1910,980.0,103000.0,3.4792799949646,-1.4039199352264404,-1.4649599790573118
1911,981.0,103100.0,3.4792799949646,-1.4039199352264404,-1.4649599790573118
1912,982.0,103200.0,-0.976639986038208,0.7935199737548828,0.488319993019104
1913,983.0,103300.0,-0.976639986038208,0.7935199737548828,0.488319993019104
1914,984.0,103400.0,0.7935199737548828,-0.8545600175857544,-0.244159996509552
1915,985.0,103500.0,0.7935199737548828,-0.8545600175857544,-0.244159996509552
1916,986.0,103600.0,0.7935199737548828,-0.8545600175857544,-0.244159996509552
1917,987.0,103700.0,-0.6714400053024292,0.366239994764328,0.061039999127388
1918,988.0,103800.0,-0.6714400053024292,0.366239994764328,0.061039999127388
1919,989.0,103900.0,-0.3051999807357788,0.7935199737548828,0.3051999807357788
1920,960.0,101000.0,0.976639986038208,0.488319993019104,0.183119997382164
1921,961.0,101100.0,-1.0376800298690796,0.7324799895286559,-0.183119997382164
1922,962.0,101200.0,-1.0376800298690796,0.7324799895286559,-0.183119997382164
1923,963.0,101300.0,-0.061039999127388,0.488319993019104,0.7324799895286559
1924,964.0,101400.0,-0.061039999127388,0.488319993019104,0.7324799895286559
1925,965.0,101500.0,-0.061039999127388,0.488319993019104,0.7324799895286559
1926,966.0,101600.0,0.488319993019104,-0.122079998254776,-0.5493599772453308
1927,967.0,101700.0,0.488319993019104,-0.122079998254776,-0.5493599772453308
1928,968.0,101800.0,-1.0376800298690796,0.5493599772453308,-0.061039999127388
1929,969.0,101900.0,-1.0376800298690796,0.5493599772453308,-0.061039999127388
1930,970.0,102000.0,-0.183119997382164,-0.183119997382164,-0.122079998254776
1931,971.0,102100.0,-0.183119997382164,-0.183119997382164,-0.122079998254776
1932,972.0,102200.0,-0.183119997382164,-0.183119997382164,-0.122079998254776
1933,973.0,102300.0,-0.7324799895286559,-0.4272800087928772,0.4272800087928772
1934,974.0,102400.0,-0.7324799895286559,-0.4272800087928772,0.4272800087928772
1935,975.0,102500.0,-0.3051999807357788,0.366239994764328,0.244159996509552
1936,976.0,102600.0,-0.3051999807357788,0.366239994764328,0.244159996509552
1937,977.0,102700.0,-1.0987199544906616,-0.976639986038208,0.3051999807357788
1938,978.0,102800.0,-1.0987199544906616,-0.976639986038208,0.3051999807357788
1939,979.0,102900.0,-1.0987199544906616,-0.976639986038208,0.3051999807357788
1940,980.0,103000.0,3.4792799949646,-1.4039199352264404,-1.4649599790573118
1941,981.0,103100.0,3.4792799949646,-1.4039199352264404,-1.4649599790573118
1942,982.0,103200.0,-0.976639986038208,0.7935199737548828,0.488319993019104
1943,983.0,103300.0,-0.976639986038208,0.7935199737548828,0.488319993019104
1944,984.0,103400.0,0.7935199737548828,-0.8545600175857544,-0.244159996509552
1945,985.0,103500.0,0.7935199737548828,-0.8545600175857544,-0.244159996509552
1946,986.0,103600.0,0.7935199737548828,-0.8545600175857544,-0.244159996509552
1947,987.0,103700.0,-0.6714400053024292,0.366239994764328,0.061039999127388
1948,988.0,103800.0,-0.6714400053024292,0.366239994764328,0.061039999127388
1949,989.0,103900.0,-0.3051999807357788,0.7935199737548828,0.3051999807357788
1950,990.0,104000.0,-0.3051999807357788,0.7935199737548828,0.3051999807357788
1951,991.0,104100.0,1.1597599983215332,0.244159996509552,-0.244159996509552
1952,992.0,104200.0,1.1597599983215332,0.244159996509552,-0.244159996509552
1953,993.0,104300.0,1.1597599983215332,0.244159996509552,-0.244159996509552
1954,994.0,104400.0,-0.122079998254776,-0.3051999807357788,0.488319993019104
1955,995.0,104500.0,-0.122079998254776,-0.3051999807357788,0.488319993019104
1956,996.0,104600.0,-2.014319896697998,0.183119997382164,-0.7935199737548828
1957,997.0,104700.0,-2.014319896697998,0.183119997382164,-0.7935199737548828
1958,998.0,104800.0,-2.014319896697998,0.183119997382164,-0.7935199737548828
1959,999.0,104900.0,-0.6103999614715576,-0.4272800087928772,-0.5493599772453308
1960,1000.0,105000.0,-0.6103999614715576,-0.4272800087928772,-0.5493599772453308
1961,1001.0,105100.0,1.0376800298690796,-0.8545600175857544,-0.244159996509552
1962,1002.0,105200.0,1.0376800298690796,-0.8545600175857544,-0.244159996509552
1963,1003.0,105300.0,1.8312000036239624,-0.3051999807357788,1.5260000228881836
1964,1004.0,105400.0,1.8312000036239624,-0.3051999807357788,1.5260000228881836
1965,1005.0,105500.0,3.4792799949646,0.5493599772453308,-0.183119997382164
1966,1006.0,105600.0,3.4792799949646,0.5493599772453308,-0.183119997382164
1967,1007.0,105700.0,3.4792799949646,0.5493599772453308,-0.183119997382164
1968,1008.0,105800.0,2.075360059738159,2.685760021209717,0.7324799895286559
1969,1009.0,105900.0,2.075360059738159,2.685760021209717,0.7324799895286559
1970,1010.0,106000.0,-3.5403199195861816,-3.662400007247925,-0.8545600175857544
1971,1011.0,106100.0,-3.5403199195861816,-3.662400007247925,-0.8545600175857544
1972,1012.0,106200.0,-2.807839870452881,-0.8545600175857544,-2.868880033493042
1973,1013.0,106300.0,-2.807839870452881,-0.8545600175857544,-2.868880033493042
1974,1014.0,106400.0,-2.807839870452881,-0.8545600175857544,-2.868880033493042
1975,1015.0,106500.0,-2.868880033493042,-1.7701599597930908,0.6714400053024292
1976,1016.0,106600.0,-2.868880033493042,-1.7701599597930908,0.6714400053024292
1977,1017.0,106700.0,0.244159996509552,-0.976639986038208,-0.366239994764328
1978,1018.0,106800.0,0.244159996509552,-0.976639986038208,-0.366239994764328
1979,1019.0,106900.0,0.061039999127388,-1.0376800298690796,0.6103999614715576
1980,990.0,104000.0,-0.3051999807357788,0.7935199737548828,0.3051999807357788
1981,991.0,104100.0,1.1597599983215332,0.244159996509552,-0.244159996509552
1982,992.0,104200.0,1.1597599983215332,0.244159996509552,-0.244159996509552
1983,993.0,104300.0,1.1597599983215332,0.244159996509552,-0.244159996509552
1984,994.0,104400.0,-0.122079998254776,-0.3051999807357788,0.488319993019104
1985,995.0,104500.0,-0.122079998254776,-0.3051999807357788,0.488319993019104
1986,996.0,104600.0,-2.014319896697998,0.183119997382164,-0.7935199737548828
1987,997.0,104700.0,-2.014319896697998,0.183119997382164,-0.7935199737548828
1988,998.0,104800.0,-2.014319896697998,0.183119997382164,-0.7935199737548828
1989,999.0,104900.0,-0.6103999614715576,-0.4272800087928772,-0.5493599772453308
1990,1000.0,105000.0,-0.6103999614715576,-0.4272800087928772,-0.5493599772453308
1991,1001.0,105100.0,1.0376800298690796,-0.8545600175857544,-0.244159996509552
1992,1002.0,105200.0,1.0376800298690796,-0.8545600175857544,-0.244159996509552
1993,1003.0,105300.0,1.8312000036239624,-0.3051999807357788,1.5260000228881836
1994,1004.0,105400.0,1.8312000036239624,-0.3051999807357788,1.5260000228881836
1995,1005.0,105500.0,3.4792799949646,0.5493599772453308,-0.183119997382164
1996,1006.0,105600.0,3.4792799949646,0.5493599772453308,-0.183119997382164
1997,1007.0,105700.0,3.4792799949646,0.5493599772453308,-0.183119997382164
1998,1008.0,105800.0,2.075360059738159,2.685760021209717,0.7324799895286559
1999,1009.0,105900.0,2.075360059738159,2.685760021209717,0.7324799895286559
2000,1010.0,106000.0,-3.5403199195861816,-3.662400007247925,-0.8545600175857544
2001,1011.0,106100.0,-3.5403199195861816,-3.662400007247925,-0.8545600175857544
2002,1012.0,106200.0,-2.807839870452881,-0.8545600175857544,-2.868880033493042
2003,1013.0,106300.0,-2.807839870452881,-0.8545600175857544,-2.868880033493042
2004,1014.0,106400.0,-2.807839870452881,-0.8545600175857544,-2.868880033493042
2005,1015.0,106500.0,-2.868880033493042,-1.7701599597930908,0.6714400053024292
2006,1016.0,106600.0,-2.868880033493042,-1.7701599597930908,0.6714400053024292
2007,1017.0,106700.0,0.244159996509552,-0.976639986038208,-0.366239994764328
2008,1018.0,106800.0,0.244159996509552,-0.976639986038208,-0.366239994764328
2009,1019.0,106900.0,0.061039999127388,-1.0376800298690796,0.6103999614715576
2010,1020.0,107000.0,0.061039999127388,-1.0376800298690796,0.6103999614715576
2011,1021.0,107100.0,1.1597599983215332,0.244159996509552,-0.244159996509552
2012,1022.0,107200.0,1.1597599983215332,0.244159996509552,-0.244159996509552
2013,1023.0,107300.0,1.1597599983215332,0.244159996509552,-0.244159996509552
2014,1024.0,107400.0,3.2961599826812744,-1.0987199544906616,0.061039999127388
2015,1025.0,107500.0,3.2961599826812744,-1.0987199544906616,0.061039999127388
2016,1026.0,107600.0,0.7324799895286559,-0.5493599772453308,-0.8545600175857544
2017,1027.0,107700.0,0.7324799895286559,-0.5493599772453308,-0.8545600175857544
2018,1028.0,107800.0,-0.3051999807357788,1.4649599790573118,0.488319993019104
2019,1029.0,107900.0,-0.3051999807357788,1.4649599790573118,0.488319993019104
2020,1030.0,108000.0,-0.122079998254776,-0.366239994764328,0.3051999807357788
2021,1031.0,108100.0,-0.122079998254776,-0.366239994764328,0.3051999807357788
2022,1032.0,108200.0,-0.122079998254776,-0.366239994764328,0.3051999807357788
2023,1033.0,108300.0,-0.3051999807357788,0.366239994764328,-0.183119997382164
2024,1034.0,108400.0,-0.3051999807357788,0.366239994764328,-0.183119997382164
2025,1035.0,108500.0,-0.244159996509552,-0.244159996509552,0.5493599772453308
2026,1036.0,108600.0,-0.244159996509552,-0.244159996509552,0.5493599772453308
2027,1037.0,108700.0,-0.244159996509552,-0.244159996509552,0.5493599772453308
2028,1038.0,108800.0,1.4039199352264404,-0.6103999614715576,-0.122079998254776
2029,1039.0,108900.0,1.4039199352264404,-0.6103999614715576,-0.122079998254776
2030,1040.0,109000.0,0.061039999127388,0.488319993019104,-0.5493599772453308
2031,1041.0,109100.0,0.061039999127388,0.488319993019104,-0.5493599772453308
2032,1042.0,109200.0,0.122079998254776,0.061039999127388,-0.4272800087928772
2033,1043.0,109300.0,0.122079998254776,0.061039999127388,-0.4272800087928772
2034,1044.0,109400.0,-0.366239994764328,0.6103999614715576,-0.122079998254776
2035,1045.0,109500.0,-0.366239994764328,0.6103999614715576,-0.122079998254776
2036,1046.0,109600.0,-0.366239994764328,0.6103999614715576,-0.122079998254776
2037,1047.0,109700.0,-2.2584800720214844,1.3428800106048584,1.0376800298690796
2038,1048.0,109800.0,-2.2584800720214844,1.3428800106048584,1.0376800298690796
2039,1049.0,109900.0,-4.089679718017578,2.2584800720214844,-0.366239994764328
2040,1020.0,107000.0,0.061039999127388,-1.0376800298690796,0.6103999614715576
2041,1021.0,107100.0,1.1597599983215332,0.244159996509552,-0.244159996509552
2042,1022.0,107200.0,1.1597599983215332,0.244159996509552,-0.244159996509552
2043,1023.0,107300.0,1.1597599983215332,0.244159996509552,-0.244159996509552
2044,1024.0,107400.0,3.2961599826812744,-1.0987199544906616,0.061039999127388
2045,1025.0,107500.0,3.2961599826812744,-1.0987199544906616,0.061039999127388
2046,1026.0,107600.0,0.7324799895286559,-0.5493599772453308,-0.8545600175857544
2047,1027.0,107700.0,0.7324799895286559,-0.5493599772453308,-0.8545600175857544
2048,1028.0,107800.0,-0.3051999807357788,1.4649599790573118,0.488319993019104
2049,1029.0,107900.0,-0.3051999807357788,1.4649599790573118,0.488319993019104
2050,1030.0,108000.0,-0.122079998254776,-0.366239994764328,0.3051999807357788
2051,1031.0,108100.0,-0.122079998254776,-0.366239994764328,0.3051999807357788
2052,1032.0,108200.0,-0.122079998254776,-0.366239994764328,0.3051999807357788
2053,1033.0,108300.0,-0.3051999807357788,0.366239994764328,-0.183119997382164
2054,1034.0,108400.0,-0.3051999807357788,0.366239994764328,-0.183119997382164
2055,1035.0,108500.0,-0.244159996509552,-0.244159996509552,0.5493599772453308
2056,1036.0,108600.0,-0.244159996509552,-0.244159996509552,0.5493599772453308
2057,1037.0,108700.0,-0.244159996509552,-0.244159996509552,0.5493599772453308
2058,1038.0,108800.0,1.4039199352264404,-0.6103999614715576,-0.122079998254776
2059,1039.0,108900.0,1.4039199352264404,-0.6103999614715576,-0.122079998254776
2060,1040.0,109000.0,0.061039999127388,0.488319993019104,-0.5493599772453308
2061,1041.0,109100.0,0.061039999127388,0.488319993019104,-0.5493599772453308
2062,1042.0,109200.0,0.122079998254776,0.061039999127388,-0.4272800087928772
2063,1043.0,109300.0,0.122079998254776,0.061039999127388,-0.4272800087928772
2064,1044.0,109400.0,-0.366239994764328,0.6103999614715576,-0.122079998254776
2065,1045.0,109500.0,-0.366239994764328,0.6103999614715576,-0.122079998254776
2066,1046.0,109600.0,-0.366239994764328,0.6103999614715576,-0.122079998254776
2067,1047.0,109700.0,-2.2584800720214844,1.3428800106048584,1.0376800298690796
2068,1048.0,109800.0,-2.2584800720214844,1.3428800106048584,1.0376800298690796
2069,1049.0,109900.0,-4.089679718017578,2.2584800720214844,-0.366239994764328
2070,1050.0,110000.0,-4.089679718017578,2.2584800720214844,-0.366239994764328
2071,1051.0,110100.0,1.1597599983215332,-0.244159996509552,-0.7324799895286559
2072,1052.0,110200.0,1.1597599983215332,-0.244159996509552,-0.7324799895286559
2073,1053.0,110300.0,1.1597599983215332,-0.244159996509552,-0.7324799895286559
2074,1054.0,110400.0,-1.7091200351715088,0.5493599772453308,0.5493599772453308
2075,1055.0,110500.0,-1.7091200351715088,0.5493599772453308,0.5493599772453308
2076,1056.0,110600.0,2.3195199966430664,-0.7935199737548828,-0.488319993019104
2077,1057.0,110700.0,2.3195199966430664,-0.7935199737548828,-0.488319993019104
2078,1058.0,110800.0,-2.624719858169556,1.8312000036239624,-0.6103999614715576
2079,1059.0,110900.0,-2.624719858169556,1.8312000036239624,-0.6103999614715576
2080,1060.0,111000.0,-1.4039199352264404,0.061039999127388,0.6103999614715576
2081,1061.0,111100.0,-1.4039199352264404,0.061039999127388,0.6103999614715576
2082,1062.0,111200.0,-1.4039199352264404,0.061039999127388,0.6103999614715576
2083,1063.0,111300.0,3.4182400703430176,-1.0376800298690796,-1.0376800298690796
2084,1064.0,111400.0,3.4182400703430176,-1.0376800298690796,-1.0376800298690796
2085,1065.0,111500.0,-5.249439716339111,2.746799945831299,1.0987199544906616
2086,1066.0,111600.0,-5.249439716339111,2.746799945831299,1.0987199544906616
2087,1067.0,111700.0,-0.366239994764328,-1.8922399282455444,-0.122079998254776
2088,1068.0,111800.0,-0.366239994764328,-1.8922399282455444,-0.122079998254776
2089,1069.0,111900.0,-0.366239994764328,-1.8922399282455444,-0.122079998254776
2090,1070.0,112000.0,2.807839870452881,-2.1363999843597408,-1.1597599983215332
2091,1071.0,112100.0,2.807839870452881,-2.1363999843597408,-1.1597599983215332
2092,1072.0,112200.0,-2.1363999843597408,1.8922399282455444,-0.061039999127388
2093,1073.0,112300.0,-2.1363999843597408,1.8922399282455444,-0.061039999127388
2094,1074.0,112400.0,-0.976639986038208,-0.3051999807357788,-0.061039999127388
2095,1075.0,112500.0,-0.976639986038208,-0.3051999807357788,-0.061039999127388
2096,1076.0,112600.0,1.7701599597930908,0.7324799895286559,-1.4039199352264404
2097,1077.0,112700.0,1.7701599597930908,0.7324799895286559,-1.4039199352264404
2098,1078.0,112800.0,1.7701599597930908,0.7324799895286559,-1.4039199352264404
2099,1079.0,112900.0,-0.9156000018119812,1.7091200351715088,-0.488319993019104
2100,1050.0,110000.0,-4.089679718017578,2.2584800720214844,-0.366239994764328
2101,1051.0,110100.0,1.1597599983215332,-0.244159996509552,-0.7324799895286559
2102,1052.0,110200.0,1.1597599983215332,-0.244159996509552,-0.7324799895286559
2103,1053.0,110300.0,1.1597599983215332,-0.244159996509552,-0.7324799895286559
2104,1054.0,110400.0,-1.7091200351715088,0.5493599772453308,0.5493599772453308
2105,1055.0,110500.0,-1.7091200351715088,0.5493599772453308,0.5493599772453308
2106,1056.0,110600.0,2.3195199966430664,-0.7935199737548828,-0.488319993019104
2107,1057.0,110700.0,2.3195199966430664,-0.7935199737548828,-0.488319993019104
2108,1058.0,110800.0,-2.624719858169556,1.8312000036239624,-0.6103999614715576
2109,1059.0,110900.0,-2.624719858169556,1.8312000036239624,-0.6103999614715576
2110,1060.0,111000.0,-1.4039199352264404,0.061039999127388,0.6103999614715576
2111,1061.0,111100.0,-1.4039199352264404,0.061039999127388,0.6103999614715576
2112,1062.0,111200.0,-1.4039199352264404,0.061039999127388,0.6103999614715576
2113,1063.0,111300.0,3.4182400703430176,-1.0376800298690796,-1.0376800298690796
2114,1064.0,111400.0,3.4182400703430176,-1.0376800298690796,-1.0376800298690796
2115,1065.0,111500.0,-5.249439716339111,2.746799945831299,1.0987199544906616
2116,1066.0,111600.0,-5.249439716339111,2.746799945831299,1.0987199544906616
2117,1067.0,111700.0,-0.366239994764328,-1.8922399282455444,-0.122079998254776
2118,1068.0,111800.0,-0.366239994764328,-1.8922399282455444,-0.122079998254776
2119,1069.0,111900.0,-0.366239994764328,-1.8922399282455444,-0.122079998254776
2120,1070.0,112000.0,2.807839870452881,-2.1363999843597408,-1.1597599983215332
2121,1071.0,112100.0,2.807839870452881,-2.1363999843597408,-1.1597599983215332
2122,1072.0,112200.0,-2.1363999843597408,1.8922399282455444,-0.061039999127388
2123,1073.0,112300.0,-2.1363999843597408,1.8922399282455444,-0.061039999127388
2124,1074.0,112400.0,-0.976639986038208,-0.3051999807357788,-0.061039999127388
2125,1075.0,112500.0,-0.976639986038208,-0.3051999807357788,-0.061039999127388
2126,1076.0,112600.0,1.7701599597930908,0.7324799895286559,-1.4039199352264404
2127,1077.0,112700.0,1.7701599597930908,0.7324799895286559,-1.4039199352264404
2128,1078.0,112800.0,1.7701599597930908,0.7324799895286559,-1.4039199352264404
2129,1079.0,112900.0,-0.9156000018119812,1.7091200351715088,-0.488319993019104
2130,1080.0,113000.0,-0.9156000018119812,1.7091200351715088,-0.488319993019104
2131,1081.0,113100.0,0.244159996509552,0.9156000018119812,-0.5493599772453308
2132,1082.0,113200.0,0.244159996509552,0.9156000018119812,-0.5493599772453308
2133,1083.0,113300.0,0.6714400053024292,0.244159996509552,0.244159996509552
2134,1084.0,113400.0,0.6714400053024292,0.244159996509552,0.244159996509552
2135,1085.0,113500.0,0.6714400053024292,0.244159996509552,0.244159996509552
2136,1086.0,113600.0,0.7324799895286559,-0.061039999127388,-0.6103999614715576
2137,1087.0,113700.0,0.7324799895286559,-0.061039999127388,-0.6103999614715576
2138,1088.0,113800.0,-0.4272800087928772,0.122079998254776,0.3051999807357788
2139,1089.0,113900.0,-0.4272800087928772,0.122079998254776,0.3051999807357788
2140,1090.0,114000.0,-0.244159996509552,1.0987199544906616,-0.061039999127388
2141,1091.0,114100.0,-0.244159996509552,1.0987199544906616,-0.061039999127388
2142,1092.0,114200.0,-0.183119997382164,0.061039999127388,-0.061039999127388
2143,1093.0,114300.0,-0.183119997382164,0.061039999127388,-0.061039999127388
2144,1094.0,114400.0,0.244159996509552,0.122079998254776,0.5493599772453308
2145,1095.0,114500.0,0.244159996509552,0.122079998254776,0.5493599772453308
2146,1096.0,114600.0,0.244159996509552,0.122079998254776,0.5493599772453308
2147,1097.0,114700.0,-0.6103999614715576,0.488319993019104,-0.183119997382164
2148,1098.0,114800.0,-0.6103999614715576,0.488319993019104,-0.183119997382164
2149,1099.0,114900.0,-0.061039999127388,0.122079998254776,-0.061039999127388
2150,1100.0,115000.0,-0.061039999127388,0.122079998254776,-0.061039999127388
2151,1101.0,115100.0,-0.061039999127388,0.122079998254776,-0.061039999127388
2152,1102.0,115200.0,0.488319993019104,-0.244159996509552,-0.061039999127388
2153,1103.0,115300.0,0.488319993019104,-0.244159996509552,-0.061039999127388
2154,1104.0,115400.0,0.122079998254776,-0.7324799895286559,0.122079998254776
2155,1105.0,115500.0,0.122079998254776,-0.7324799895286559,0.122079998254776
2156,1106.0,115600.0,-0.183119997382164,-0.061039999127388,-0.4272800087928772
2157,1107.0,115700.0,-0.183119997382164,-0.061039999127388,-0.4272800087928772
2158,1108.0,115800.0,0.6103999614715576,-0.4272800087928772,-0.3051999807357788
2159,1109.0,115900.0,0.6103999614715576,-0.4272800087928772,-0.3051999807357788
2160,1080.0,113000.0,-0.9156000018119812,1.7091200351715088,-0.488319993019104
2161,1081.0,113100.0,0.244159996509552,0.9156000018119812,-0.5493599772453308
2162,1082.0,113200.0,0.244159996509552,0.9156000018119812,-0.5493599772453308
2163,1083.0,113300.0,0.6714400053024292,0.244159996509552,0.244159996509552
2164,1084.0,113400.0,0.6714400053024292,0.244159996509552,0.244159996509552
2165,1085.0,113500.0,0.6714400053024292,0.244159996509552,0.244159996509552
2166,1086.0,113600.0,0.7324799895286559,-0.061039999127388,-0.6103999614715576
2167,1087.0,113700.0,0.7324799895286559,-0.061039999127388,-0.6103999614715576
2168,1088.0,113800.0,-0.4272800087928772,0.122079998254776,0.3051999807357788
2169,1089.0,113900.0,-0.4272800087928772,0.122079998254776,0.3051999807357788
2170,1090.0,114000.0,-0.244159996509552,1.0987199544906616,-0.061039999127388
2171,1091.0,114100.0,-0.244159996509552,1.0987199544906616,-0.061039999127388
2172,1092.0,114200.0,-0.183119997382164,0.061039999127388,-0.061039999127388
2173,1093.0,114300.0,-0.183119997382164,0.061039999127388,-0.061039999127388
2174,1094.0,114400.0,0.244159996509552,0.122079998254776,0.5493599772453308
2175,1095.0,114500.0,0.244159996509552,0.122079998254776,0.5493599772453308
2176,1096.0,114600.0,0.244159996509552,0.122079998254776,0.5493599772453308
2177,1097.0,114700.0,-0.6103999614715576,0.488319993019104,-0.183119997382164
2178,1098.0,114800.0,-0.6103999614715576,0.488319993019104,-0.183119997382164
2179,1099.0,114900.0,-0.061039999127388,0.122079998254776,-0.061039999127388
2180,1100.0,115000.0,-0.061039999127388,0.122079998254776,-0.061039999127388
2181,1101.0,115100.0,-0.061039999127388,0.122079998254776,-0.061039999127388
2182,1102.0,115200.0,0.488319993019104,-0.244159996509552,-0.061039999127388
2183,1103.0,115300.0,0.488319993019104,-0.244159996509552,-0.061039999127388
2184,1104.0,115400.0,0.122079998254776,-0.7324799895286559,0.122079998254776
2185,1105.0,115500.0,0.122079998254776,-0.7324799895286559,0.122079998254776
2186,1106.0,115600.0,-0.183119997382164,-0.061039999127388,-0.4272800087928772
2187,1107.0,115700.0,-0.183119997382164,-0.061039999127388,-0.4272800087928772
2188,1108.0,115800.0,0.6103999614715576,-0.4272800087928772,-0.3051999807357788
2189,1109.0,115900.0,0.6103999614715576,-0.4272800087928772,-0.3051999807357788
2190,1110.0,116000.0,0.6103999614715576,-0.4272800087928772,-0.3051999807357788
2191,1111.0,116100.0,3.906559944152832,-0.7324799895286559,1.7701599597930908
2192,1112.0,116200.0,3.906559944152832,-0.7324799895286559,1.7701599597930908
2193,1113.0,116300.0,0.9156000018119812,2.014319896697998,-0.8545600175857544
2194,1114.0,116400.0,0.9156000018119812,2.014319896697998,-0.8545600175857544
2195,1115.0,116500.0,-7.080639839172362,2.075360059738159,-2.502640008926392
2196,1116.0,116600.0,-7.080639839172362,2.075360059738159,-2.502640008926392
2197,1117.0,116700.0,-7.080639839172362,2.075360059738159,-2.502640008926392
2198,1118.0,116800.0,-2.4415998458862305,0.6103999614715576,-0.8545600175857544
2199,1119.0,116900.0,-2.4415998458862305,0.6103999614715576,-0.8545600175857544
2200,1120.0,117000.0,-0.366239994764328,-0.5493599772453308,0.122079998254776
2201,1121.0,117100.0,-0.366239994764328,-0.5493599772453308,0.122079998254776
2202,1122.0,117200.0,-0.3051999807357788,0.244159996509552,-1.1597599983215332
2203,1123.0,117300.0,-0.3051999807357788,0.244159996509552,-1.1597599983215332
2204,1124.0,117400.0,-0.3051999807357788,0.244159996509552,-1.1597599983215332
2205,1125.0,117500.0,0.3051999807357788,0.6103999614715576,-0.183119997382164
2206,1126.0,117600.0,0.3051999807357788,0.6103999614715576,-0.183119997382164
2207,1127.0,117700.0,-0.4272800087928772,0.183119997382164,-0.976639986038208
2208,1128.0,117800.0,-0.4272800087928772,0.183119997382164,-0.976639986038208
2209,1129.0,117900.0,-0.183119997382164,0.122079998254776,0.061039999127388
2210,1130.0,118000.0,-0.183119997382164,0.122079998254776,0.061039999127388
2211,1131.0,118100.0,-0.183119997382164,0.122079998254776,0.061039999127388
2212,1132.0,118200.0,0.061039999127388,-0.244159996509552,-0.183119997382164
2213,1133.0,118300.0,0.061039999127388,-0.244159996509552,-0.183119997382164
2214,1134.0,118400.0,0.366239994764328,-0.7324799895286559,-0.366239994764328
2215,1135.0,118500.0,0.366239994764328,-0.7324799895286559,-0.366239994764328
2216,1136.0,118600.0,-0.5493599772453308,-0.6714400053024292,-0.244159996509552
2217,1137.0,118700.0,-0.5493599772453308,-0.6714400053024292,-0.244159996509552
2218,1138.0,118800.0,-0.5493599772453308,-0.6714400053024292,-0.244159996509552
2219,1139.0,118900.0,-3.662400007247925,2.075360059738159,0.183119997382164
2220,1110.0,116000.0,0.6103999614715576,-0.4272800087928772,-0.3051999807357788
2221,1111.0,116100.0,3.906559944152832,-0.7324799895286559,1.7701599597930908
2222,1112.0,116200.0,3.906559944152832,-0.7324799895286559,1.7701599597930908
2223,1113.0,116300.0,0.9156000018119812,2.014319896697998,-0.8545600175857544
2224,1114.0,116400.0,0.9156000018119812,2.014319896697998,-0.8545600175857544
2225,1115.0,116500.0,-7.080639839172362,2.075360059738159,-2.502640008926392
2226,1116.0,116600.0,-7.080639839172362,2.075360059738159,-2.502640008926392
2227,1117.0,116700.0,-7.080639839172362,2.075360059738159,-2.502640008926392
2228,1118.0,116800.0,-2.4415998458862305,0.6103999614715576,-0.8545600175857544
2229,1119.0,116900.0,-2.4415998458862305,0.6103999614715576,-0.8545600175857544
2230,1120.0,117000.0,-0.366239994764328,-0.5493599772453308,0.122079998254776
2231,1121.0,117100.0,-0.366239994764328,-0.5493599772453308,0.122079998254776
2232,1122.0,117200.0,-0.3051999807357788,0.244159996509552,-1.1597599983215332
2233,1123.0,117300.0,-0.3051999807357788,0.244159996509552,-1.1597599983215332
2234,1124.0,117400.0,-0.3051999807357788,0.244159996509552,-1.1597599983215332
2235,1125.0,117500.0,0.3051999807357788,0.6103999614715576,-0.183119997382164
2236,1126.0,117600.0,0.3051999807357788,0.6103999614715576,-0.183119997382164
2237,1127.0,117700.0,-0.4272800087928772,0.183119997382164,-0.976639986038208
2238,1128.0,117800.0,-0.4272800087928772,0.183119997382164,-0.976639986038208
2239,1129.0,117900.0,-0.183119997382164,0.122079998254776,0.061039999127388
2240,1130.0,118000.0,-0.183119997382164,0.122079998254776,0.061039999127388
2241,1131.0,118100.0,-0.183119997382164,0.122079998254776,0.061039999127388
2242,1132.0,118200.0,0.061039999127388,-0.244159996509552,-0.183119997382164
2243,1133.0,118300.0,0.061039999127388,-0.244159996509552,-0.183119997382164
2244,1134.0,118400.0,0.366239994764328,-0.7324799895286559,-0.366239994764328
2245,1135.0,118500.0,0.366239994764328,-0.7324799895286559,-0.366239994764328
2246,1136.0,118600.0,-0.5493599772453308,-0.6714400053024292,-0.244159996509552
2247,1137.0,118700.0,-0.5493599772453308,-0.6714400053024292,-0.244159996509552
2248,1138.0,118800.0,-0.5493599772453308,-0.6714400053024292,-0.244159996509552
2249,1139.0,118900.0,-3.662400007247925,2.075360059738159,0.183119997382164
2250,1140.0,119000.0,-3.662400007247925,2.075360059738159,0.183119997382164
2251,1141.0,119100.0,-5.55463981628418,3.6013598442077637,-0.488319993019104
2252,1142.0,119200.0,-5.55463981628418,3.6013598442077637,-0.488319993019104
2253,1143.0,119300.0,1.1597599983215332,0.122079998254776,-2.014319896697998
2254,1144.0,119400.0,1.1597599983215332,0.122079998254776,-2.014319896697998
2255,1145.0,119500.0,1.1597599983215332,0.122079998254776,-2.014319896697998
2256,1146.0,119600.0,-4.578000068664551,2.5636799335479736,0.6714400053024292
2257,1147.0,119700.0,-4.578000068664551,2.5636799335479736,0.6714400053024292
2258,1148.0,119800.0,-6.653359889984131,3.0520000457763667,3.2961599826812744
2259,1149.0,119900.0,-6.653359889984131,3.0520000457763667,3.2961599826812744
2260,1150.0,120000.0,0.5493599772453308,1.7701599597930908,-0.5493599772453308
2261,1151.0,120100.0,0.5493599772453308,1.7701599597930908,-0.5493599772453308
2262,1152.0,120200.0,0.5493599772453308,1.7701599597930908,-0.5493599772453308
2263,1153.0,120300.0,-0.976639986038208,-0.7324799895286559,0.366239994764328
2264,1154.0,120400.0,-0.976639986038208,-0.7324799895286559,0.366239994764328
2265,1155.0,120500.0,1.3428800106048584,-0.488319993019104,-0.3051999807357788
2266,1156.0,120600.0,1.3428800106048584,-0.488319993019104,-0.3051999807357788
2267,1157.0,120700.0,1.4649599790573118,-0.8545600175857544,-0.8545600175857544
2268,1158.0,120800.0,1.4649599790573118,-0.8545600175857544,-0.8545600175857544
2269,1159.0,120900.0,1.4649599790573118,-0.8545600175857544,-0.8545600175857544
2270,1160.0,121000.0,-0.244159996509552,0.244159996509552,-0.5493599772453308
2271,1161.0,121100.0,-0.244159996509552,0.244159996509552,-0.5493599772453308
2272,1162.0,121200.0,-0.183119997382164,-0.061039999127388,-0.183119997382164
2273,1163.0,121300.0,-0.183119997382164,-0.061039999127388,-0.183119997382164
2274,1164.0,121400.0,-0.3051999807357788,-0.244159996509552,-0.122079998254776
2275,1165.0,121500.0,-0.3051999807357788,-0.244159996509552,-0.122079998254776
2276,1166.0,121600.0,-0.3051999807357788,-0.244159996509552,-0.122079998254776
2277,1167.0,121700.0,2.3805599212646484,0.9156000018119812,-1.0376800298690796
2278,1168.0,121800.0,2.3805599212646484,0.9156000018119812,-1.0376800298690796
2279,1169.0,121900.0,1.2818399667739868,0.4272800087928772,0.9156000018119812
2280,1140.0,119000.0,-3.662400007247925,2.075360059738159,0.183119997382164
2281,1141.0,119100.0,-5.55463981628418,3.6013598442077637,-0.488319993019104
2282,1142.0,119200.0,-5.55463981628418,3.6013598442077637,-0.488319993019104
2283,1143.0,119300.0,1.1597599983215332,0.122079998254776,-2.014319896697998
2284,1144.0,119400.0,1.1597599983215332,0.122079998254776,-2.014319896697998
2285,1145.0,119500.0,1.1597599983215332,0.122079998254776,-2.014319896697998
2286,1146.0,119600.0,-4.578000068664551,2.5636799335479736,0.6714400053024292
2287,1147.0,119700.0,-4.578000068664551,2.5636799335479736,0.6714400053024292
2288,1148.0,119800.0,-6.653359889984131,3.0520000457763667,3.2961599826812744
2289,1149.0,119900.0,-6.653359889984131,3.0520000457763667,3.2961599826812744
2290,1150.0,120000.0,0.5493599772453308,1.7701599597930908,-0.5493599772453308
2291,1151.0,120100.0,0.5493599772453308,1.7701599597930908,-0.5493599772453308
2292,1152.0,120200.0,0.5493599772453308,1.7701599597930908,-0.5493599772453308
2293,1153.0,120300.0,-0.976639986038208,-0.7324799895286559,0.366239994764328
2294,1154.0,120400.0,-0.976639986038208,-0.7324799895286559,0.366239994764328
2295,1155.0,120500.0,1.3428800106048584,-0.488319993019104,-0.3051999807357788
2296,1156.0,120600.0,1.3428800106048584,-0.488319993019104,-0.3051999807357788
2297,1157.0,120700.0,1.4649599790573118,-0.8545600175857544,-0.8545600175857544
2298,1158.0,120800.0,1.4649599790573118,-0.8545600175857544,-0.8545600175857544
2299,1159.0,120900.0,1.4649599790573118,-0.8545600175857544,-0.8545600175857544
2300,1160.0,121000.0,-0.244159996509552,0.244159996509552,-0.5493599772453308
2301,1161.0,121100.0,-0.244159996509552,0.244159996509552,-0.5493599772453308
2302,1162.0,121200.0,-0.183119997382164,-0.061039999127388,-0.183119997382164
2303,1163.0,121300.0,-0.183119997382164,-0.061039999127388,-0.183119997382164
2304,1164.0,121400.0,-0.3051999807357788,-0.244159996509552,-0.122079998254776
2305,1165.0,121500.0,-0.3051999807357788,-0.244159996509552,-0.122079998254776
2306,1166.0,121600.0,-0.3051999807357788,-0.244159996509552,-0.122079998254776
2307,1167.0,121700.0,2.3805599212646484,0.9156000018119812,-1.0376800298690796
2308,1168.0,121800.0,2.3805599212646484,0.9156000018119812,-1.0376800298690796
2309,1169.0,121900.0,1.2818399667739868,0.4272800087928772,0.9156000018119812
2310,1170.0,122000.0,1.2818399667739868,0.4272800087928772,0.9156000018119812
2311,1171.0,122100.0,-0.122079998254776,0.488319993019104,-0.4272800087928772
2312,1172.0,122200.0,-0.122079998254776,0.488319993019104,-0.4272800087928772
2313,1173.0,122300.0,-0.122079998254776,0.488319993019104,-0.4272800087928772
2314,1174.0,122400.0,-0.244159996509552,0.4272800087928772,-0.366239994764328
2315,1175.0,122500.0,-0.244159996509552,0.4272800087928772,-0.366239994764328
2316,1176.0,122600.0,-0.244159996509552,-0.244159996509552,0.366239994764328
2317,1177.0,122700.0,-0.244159996509552,-0.244159996509552,0.366239994764328
2318,1178.0,122800.0,0.6103999614715576,0.244159996509552,-0.366239994764328
2319,1179.0,122900.0,0.6103999614715576,0.244159996509552,-0.366239994764328
2320,1180.0,123000.0,0.6103999614715576,0.244159996509552,-0.366239994764328
2321,1181.0,123100.0,-0.3051999807357788,-0.4272800087928772,0.3051999807357788
2322,1182.0,123200.0,-0.3051999807357788,-0.4272800087928772,0.3051999807357788
2323,1183.0,123300.0,-0.183119997382164,0.061039999127388,-0.244159996509552
2324,1184.0,123400.0,-0.183119997382164,0.061039999127388,-0.244159996509552
2325,1185.0,123500.0,-0.9156000018119812,0.9156000018119812,-0.366239994764328
2326,1186.0,123600.0,-0.9156000018119812,0.9156000018119812,-0.366239994764328
2327,1187.0,123700.0,-0.9156000018119812,0.9156000018119812,-0.366239994764328
2328,1188.0,123800.0,0.061039999127388,-0.5493599772453308,0.183119997382164
2329,1189.0,123900.0,0.061039999127388,-0.5493599772453308,0.183119997382164
2330,1190.0,124000.0,0.8545600175857544,0.3051999807357788,-0.5493599772453308
2331,1191.0,124100.0,0.8545600175857544,0.3051999807357788,-0.5493599772453308
2332,1192.0,124200.0,0.4272800087928772,0.6103999614715576,-0.061039999127388
2333,1193.0,124300.0,0.4272800087928772,0.6103999614715576,-0.061039999127388
2334,1194.0,124400.0,0.4272800087928772,0.6103999614715576,-0.061039999127388
2335,1195.0,124500.0,0.122079998254776,0.488319993019104,0.183119997382164
2336,1196.0,124600.0,0.122079998254776,0.488319993019104,0.183119997382164
2337,1197.0,124700.0,0.3051999807357788,0.366239994764328,-0.7935199737548828
2338,1198.0,124800.0,0.3051999807357788,0.366239994764328,-0.7935199737548828
2339,1199.0,124900.0,-0.244159996509552,-0.366239994764328,-0.7935199737548828
2340,1170.0,122000.0,1.2818399667739868,0.4272800087928772,0.9156000018119812
2341,1171.0,122100.0,-0.122079998254776,0.488319993019104,-0.4272800087928772
2342,1172.0,122200.0,-0.122079998254776,0.488319993019104,-0.4272800087928772
2343,1173.0,122300.0,-0.122079998254776,0.488319993019104,-0.4272800087928772
2344,1174.0,122400.0,-0.244159996509552,0.4272800087928772,-0.366239994764328
2345,1175.0,122500.0,-0.244159996509552,0.4272800087928772,-0.366239994764328
2346,1176.0,122600.0,-0.244159996509552,-0.244159996509552,0.366239994764328
2347,1177.0,122700.0,-0.244159996509552,-0.244159996509552,0.366239994764328
2348,1178.0,122800.0,0.6103999614715576,0.244159996509552,-0.366239994764328
2349,1179.0,122900.0,0.6103999614715576,0.244159996509552,-0.366239994764328
2350,1180.0,123000.0,0.6103999614715576,0.244159996509552,-0.366239994764328
2351,1181.0,123100.0,-0.3051999807357788,-0.4272800087928772,0.3051999807357788
2352,1182.0,123200.0,-0.3051999807357788,-0.4272800087928772,0.3051999807357788
2353,1183.0,123300.0,-0.183119997382164,0.061039999127388,-0.244159996509552
2354,1184.0,123400.0,-0.183119997382164,0.061039999127388,-0.244159996509552
2355,1185.0,123500.0,-0.9156000018119812,0.9156000018119812,-0.366239994764328
2356,1186.0,123600.0,-0.9156000018119812,0.9156000018119812,-0.366239994764328
2357,1187.0,123700.0,-0.9156000018119812,0.9156000018119812,-0.366239994764328
2358,1188.0,123800.0,0.061039999127388,-0.5493599772453308,0.183119997382164
2359,1189.0,123900.0,0.061039999127388,-0.5493599772453308,0.183119997382164
2360,1190.0,124000.0,0.8545600175857544,0.3051999807357788,-0.5493599772453308
2361,1191.0,124100.0,0.8545600175857544,0.3051999807357788,-0.5493599772453308
2362,1192.0,124200.0,0.4272800087928772,0.6103999614715576,-0.061039999127388
2363,1193.0,124300.0,0.4272800087928772,0.6103999614715576,-0.061039999127388
2364,1194.0,124400.0,0.4272800087928772,0.6103999614715576,-0.061039999127388
2365,1195.0,124500.0,0.122079998254776,0.488319993019104,0.183119997382164
2366,1196.0,124600.0,0.122079998254776,0.488319993019104,0.183119997382164
2367,1197.0,124700.0,0.3051999807357788,0.366239994764328,-0.7935199737548828
2368,1198.0,124800.0,0.3051999807357788,0.366239994764328,-0.7935199737548828
2369,1199.0,124900.0,-0.244159996509552,-0.366239994764328,-0.7935199737548828
2370,1200.0,125000.0,-0.244159996509552,-0.366239994764328,-0.7935199737548828
2371,1201.0,125100.0,-0.061039999127388,0.976639986038208,-0.061039999127388
2372,1202.0,125200.0,-0.061039999127388,0.976639986038208,-0.061039999127388
2373,1203.0,125300.0,0.366239994764328,0.5493599772453308,-0.244159996509552
2374,1204.0,125400.0,0.366239994764328,0.5493599772453308,-0.244159996509552
2375,1205.0,125500.0,0.366239994764328,0.5493599772453308,-0.244159996509552
2376,1206.0,125600.0,0.183119997382164,-0.061039999127388,0.366239994764328
2377,1207.0,125700.0,0.183119997382164,-0.061039999127388,0.366239994764328
2378,1208.0,125800.0,0.244159996509552,0.183119997382164,-0.183119997382164
2379,1209.0,125900.0,0.244159996509552,0.183119997382164,-0.183119997382164
2380,1210.0,126000.0,-1.2207999229431152,1.5260000228881836,-0.4272800087928772
2381,1211.0,126100.0,-1.2207999229431152,1.5260000228881836,-0.4272800087928772
2382,1212.0,126200.0,-1.2207999229431152,1.5260000228881836,-0.4272800087928772
2383,1213.0,126300.0,-6.897520065307617,2.1974399089813232,0.366239994764328
2384,1214.0,126400.0,-6.897520065307617,2.1974399089813232,0.366239994764328
2385,1215.0,126500.0,-0.061039999127388,0.061039999127388,-0.3051999807357788
2386,1216.0,126600.0,-0.061039999127388,0.061039999127388,-0.3051999807357788
2387,1217.0,126700.0,1.4649599790573118,-0.122079998254776,0.122079998254776
2388,1218.0,126800.0,1.4649599790573118,-0.122079998254776,0.122079998254776
2389,1219.0,126900.0,1.6480799913406372,-1.2818399667739868,-1.4649599790573118
2390,1220.0,127000.0,1.6480799913406372,-1.2818399667739868,-1.4649599790573118
2391,1221.0,127100.0,1.6480799913406372,-1.2818399667739868,-1.4649599790573118
2392,1222.0,127200.0,-0.3051999807357788,0.8545600175857544,-0.488319993019104
2393,1223.0,127300.0,-0.3051999807357788,0.8545600175857544,-0.488319993019104
2394,1224.0,127400.0,-3.723439931869507,0.5493599772453308,1.0376800298690796
2395,1225.0,127500.0,-3.723439931869507,0.5493599772453308,1.0376800298690796
2396,1226.0,127600.0,-0.061039999127388,1.5870399475097656,0.4272800087928772
2397,1227.0,127700.0,-0.061039999127388,1.5870399475097656,0.4272800087928772
2398,1228.0,127800.0,-0.061039999127388,1.5870399475097656,0.4272800087928772
2399,1229.0,127900.0,13.795040130615234,-5.859839916229247,-1.8922399282455444
2400,1200.0,125000.0,-0.244159996509552,-0.366239994764328,-0.7935199737548828
2401,1201.0,125100.0,-0.061039999127388,0.976639986038208,-0.061039999127388
2402,1202.0,125200.0,-0.061039999127388,0.976639986038208,-0.061039999127388
2403,1203.0,125300.0,0.366239994764328,0.5493599772453308,-0.244159996509552
2404,1204.0,125400.0,0.366239994764328,0.5493599772453308,-0.244159996509552
2405,1205.0,125500.0,0.366239994764328,0.5493599772453308,-0.244159996509552
2406,1206.0,125600.0,0.183119997382164,-0.061039999127388,0.366239994764328
2407,1207.0,125700.0,0.183119997382164,-0.061039999127388,0.366239994764328
2408,1208.0,125800.0,0.244159996509552,0.183119997382164,-0.183119997382164
2409,1209.0,125900.0,0.244159996509552,0.183119997382164,-0.183119997382164
2410,1210.0,126000.0,-1.2207999229431152,1.5260000228881836,-0.4272800087928772
2411,1211.0,126100.0,-1.2207999229431152,1.5260000228881836,-0.4272800087928772
2412,1212.0,126200.0,-1.2207999229431152,1.5260000228881836,-0.4272800087928772
2413,1213.0,126300.0,-6.897520065307617,2.1974399089813232,0.366239994764328
2414,1214.0,126400.0,-6.897520065307617,2.1974399089813232,0.366239994764328
2415,1215.0,126500.0,-0.061039999127388,0.061039999127388,-0.3051999807357788
2416,1216.0,126600.0,-0.061039999127388,0.061039999127388,-0.3051999807357788
2417,1217.0,126700.0,1.4649599790573118,-0.122079998254776,0.122079998254776
2418,1218.0,126800.0,1.4649599790573118,-0.122079998254776,0.122079998254776
2419,1219.0,126900.0,1.6480799913406372,-1.2818399667739868,-1.4649599790573118
2420,1220.0,127000.0,1.6480799913406372,-1.2818399667739868,-1.4649599790573118
2421,1221.0,127100.0,1.6480799913406372,-1.2818399667739868,-1.4649599790573118
2422,1222.0,127200.0,-0.3051999807357788,0.8545600175857544,-0.488319993019104
2423,1223.0,127300.0,-0.3051999807357788,0.8545600175857544,-0.488319993019104
2424,1224.0,127400.0,-3.723439931869507,0.5493599772453308,1.0376800298690796
2425,1225.0,127500.0,-3.723439931869507,0.5493599772453308,1.0376800298690796
2426,1226.0,127600.0,-0.061039999127388,1.5870399475097656,0.4272800087928772
2427,1227.0,127700.0,-0.061039999127388,1.5870399475097656,0.4272800087928772
2428,1228.0,127800.0,-0.061039999127388,1.5870399475097656,0.4272800087928772
2429,1229.0,127900.0,13.795040130615234,-5.859839916229247,-1.8922399282455444
2430,1230.0,128000.0,13.795040130615234,-5.859839916229247,-1.8922399282455444
2431,1231.0,128100.0,-0.488319993019104,0.183119997382164,0.122079998254776
2432,1232.0,128200.0,-0.488319993019104,0.183119997382164,0.122079998254776
2433,1233.0,128300.0,-8.606639862060549,5.066319942474365,1.4649599790573118
2434,1234.0,128400.0,-8.606639862060549,5.066319942474365,1.4649599790573118
2435,1235.0,128500.0,-8.606639862060549,5.066319942474365,1.4649599790573118
2436,1236.0,128600.0,-0.183119997382164,0.183119997382164,0.3051999807357788
2437,1237.0,128700.0,-0.183119997382164,0.183119997382164,0.3051999807357788
2438,1238.0,128800.0,1.3428800106048584,-1.0987199544906616,0.366239994764328
2439,1239.0,128900.0,1.3428800106048584,-1.0987199544906616,0.366239994764328
2440,1240.0,129000.0,-0.5493599772453308,-0.061039999127388,-0.488319993019104
2441,1241.0,129100.0,-0.5493599772453308,-0.061039999127388,-0.488319993019104
2442,1242.0,129200.0,-0.5493599772453308,-0.061039999127388,-0.488319993019104
2443,1243.0,129300.0,-0.061039999127388,0.7935199737548828,-0.7324799895286559
2444,1244.0,129400.0,-0.061039999127388,0.7935199737548828,-0.7324799895286559
2445,1245.0,129500.0,-1.953279972076416,0.244159996509552,-0.244159996509552
2446,1246.0,129600.0,-1.953279972076416,0.244159996509552,-0.244159996509552
2447,1247.0,129700.0,0.488319993019104,0.3051999807357788,-0.6714400053024292
2448,1248.0,129800.0,0.488319993019104,0.3051999807357788,-0.6714400053024292
2449,1249.0,129900.0,0.244159996509552,-0.061039999127388,-0.183119997382164
2450,1250.0,130000.0,0.244159996509552,-0.061039999127388,-0.183119997382164
2451,1251.0,130100.0,0.244159996509552,-0.061039999127388,-0.183119997382164
2452,1252.0,130200.0,0.488319993019104,-0.244159996509552,-0.488319993019104
2453,1253.0,130300.0,0.488319993019104,-0.244159996509552,-0.488319993019104
2454,1254.0,130400.0,1.0987199544906616,0.366239994764328,-0.4272800087928772
2455,1255.0,130500.0,1.0987199544906616,0.366239994764328,-0.4272800087928772
2456,1256.0,130600.0,-0.5493599772453308,0.5493599772453308,-0.4272800087928772
2457,1257.0,130700.0,-0.5493599772453308,0.5493599772453308,-0.4272800087928772
2458,1258.0,130800.0,-0.488319993019104,0.4272800087928772,-0.183119997382164
2459,1259.0,130900.0,-0.488319993019104,0.4272800087928772,-0.183119997382164
2460,1230.0,128000.0,13.795040130615234,-5.859839916229247,-1.8922399282455444
2461,1231.0,128100.0,-0.488319993019104,0.183119997382164,0.122079998254776
2462,1232.0,128200.0,-0.488319993019104,0.183119997382164,0.122079998254776
2463,1233.0,128300.0,-8.606639862060549,5.066319942474365,1.4649599790573118
2464,1234.0,128400.0,-8.606639862060549,5.066319942474365,1.4649599790573118
2465,1235.0,128500.0,-8.606639862060549,5.066319942474365,1.4649599790573118
2466,1236.0,128600.0,-0.183119997382164,0.183119997382164,0.3051999807357788
2467,1237.0,128700.0,-0.183119997382164,0.183119997382164,0.3051999807357788
2468,1238.0,128800.0,1.3428800106048584,-1.0987199544906616,0.366239994764328
2469,1239.0,128900.0,1.3428800106048584,-1.0987199544906616,0.366239994764328
2470,1240.0,129000.0,-0.5493599772453308,-0.061039999127388,-0.488319993019104
2471,1241.0,129100.0,-0.5493599772453308,-0.061039999127388,-0.488319993019104
2472,1242.0,129200.0,-0.5493599772453308,-0.061039999127388,-0.488319993019104
2473,1243.0,129300.0,-0.061039999127388,0.7935199737548828,-0.7324799895286559
2474,1244.0,129400.0,-0.061039999127388,0.7935199737548828,-0.7324799895286559
2475,1245.0,129500.0,-1.953279972076416,0.244159996509552,-0.244159996509552
2476,1246.0,129600.0,-1.953279972076416,0.244159996509552,-0.244159996509552
2477,1247.0,129700.0,0.488319993019104,0.3051999807357788,-0.6714400053024292
2478,1248.0,129800.0,0.488319993019104,0.3051999807357788,-0.6714400053024292
2479,1249.0,129900.0,0.244159996509552,-0.061039999127388,-0.183119997382164
2480,1250.0,130000.0,0.244159996509552,-0.061039999127388,-0.183119997382164
2481,1251.0,130100.0,0.244159996509552,-0.061039999127388,-0.183119997382164
2482,1252.0,130200.0,0.488319993019104,-0.244159996509552,-0.488319993019104
2483,1253.0,130300.0,0.488319993019104,-0.244159996509552,-0.488319993019104
2484,1254.0,130400.0,1.0987199544906616,0.366239994764328,-0.4272800087928772
2485,1255.0,130500.0,1.0987199544906616,0.366239994764328,-0.4272800087928772
2486,1256.0,130600.0,-0.5493599772453308,0.5493599772453308,-0.4272800087928772
2487,1257.0,130700.0,-0.5493599772453308,0.5493599772453308,-0.4272800087928772
2488,1258.0,130800.0,-0.488319993019104,0.4272800087928772,-0.183119997382164
2489,1259.0,130900.0,-0.488319993019104,0.4272800087928772,-0.183119997382164
2490,1260.0,131000.0,-0.488319993019104,0.4272800087928772,-0.183119997382164
2491,1261.0,131100.0,0.7324799895286559,0.366239994764328,0.244159996509552
2492,1262.0,131200.0,0.7324799895286559,0.366239994764328,0.244159996509552
2493,1263.0,131300.0,0.366239994764328,-0.061039999127388,0.061039999127388
2494,1264.0,131400.0,0.366239994764328,-0.061039999127388,0.061039999127388
2495,1265.0,131500.0,0.366239994764328,-0.061039999127388,0.061039999127388
2496,1266.0,131600.0,-0.122079998254776,0.4272800087928772,-0.366239994764328
2497,1267.0,131700.0,-0.122079998254776,0.4272800087928772,-0.366239994764328
2498,1268.0,131800.0,0.5493599772453308,0.5493599772453308,-0.6103999614715576
2499,1269.0,131900.0,0.5493599772453308,0.5493599772453308,-0.6103999614715576
2500,1270.0,132000.0,-0.7324799895286559,0.122079998254776,-0.3051999807357788
2501,1271.0,132100.0,-0.7324799895286559,0.122079998254776,-0.3051999807357788
2502,1272.0,132200.0,-1.6480799913406372,0.4272800087928772,0.122079998254776
2503,1273.0,132300.0,-1.6480799913406372,0.4272800087928772,0.122079998254776
2504,1274.0,132400.0,-0.6714400053024292,0.244159996509552,-0.061039999127388
2505,1275.0,132500.0,-0.6714400053024292,0.244159996509552,-0.061039999127388
2506,1276.0,132600.0,-0.6714400053024292,0.244159996509552,-0.061039999127388
2507,1277.0,132700.0,-0.122079998254776,0.061039999127388,-0.3051999807357788
2508,1278.0,132800.0,-0.122079998254776,0.061039999127388,-0.3051999807357788
2509,1279.0,132900.0,-0.366239994764328,0.7324799895286559,0.4272800087928772
2510,1280.0,133000.0,-0.366239994764328,0.7324799895286559,0.4272800087928772
2511,1281.0,133100.0,-0.366239994764328,0.7324799895286559,0.4272800087928772
2512,1282.0,133200.0,0.488319993019104,-0.4272800087928772,0.061039999127388
2513,1283.0,133300.0,0.488319993019104,-0.4272800087928772,0.061039999127388
2514,1284.0,133400.0,-0.8545600175857544,0.7324799895286559,-0.061039999127388
2515,1285.0,133500.0,-0.8545600175857544,0.7324799895286559,-0.061039999127388
2516,1286.0,133600.0,0.4272800087928772,0.3051999807357788,-0.122079998254776
2517,1287.0,133700.0,0.4272800087928772,0.3051999807357788,-0.122079998254776
2518,1288.0,133800.0,-0.061039999127388,0.3051999807357788,-0.3051999807357788
2519,1289.0,133900.0,-0.061039999127388,0.3051999807357788,-0.3051999807357788
2520,1260.0,131000.0,-0.488319993019104,0.4272800087928772,-0.183119997382164
2521,1261.0,131100.0,0.7324799895286559,0.366239994764328,0.244159996509552
2522,1262.0,131200.0,0.7324799895286559,0.366239994764328,0.244159996509552
2523,1263.0,131300.0,0.366239994764328,-0.061039999127388,0.061039999127388
2524,1264.0,131400.0,0.366239994764328,-0.061039999127388,0.061039999127388
2525,1265.0,131500.0,0.366239994764328,-0.061039999127388,0.061039999127388
2526,1266.0,131600.0,-0.122079998254776,0.4272800087928772,-0.366239994764328
2527,1267.0,131700.0,-0.122079998254776,0.4272800087928772,-0.366239994764328
2528,1268.0,131800.0,0.5493599772453308,0.5493599772453308,-0.6103999614715576
2529,1269.0,131900.0,0.5493599772453308,0.5493599772453308,-0.6103999614715576
2530,1270.0,132000.0,-0.7324799895286559,0.122079998254776,-0.3051999807357788
2531,1271.0,132100.0,-0.7324799895286559,0.122079998254776,-0.3051999807357788
2532,1272.0,132200.0,-1.6480799913406372,0.4272800087928772,0.122079998254776
2533,1273.0,132300.0,-1.6480799913406372,0.4272800087928772,0.122079998254776
2534,1274.0,132400.0,-0.6714400053024292,0.244159996509552,-0.061039999127388
2535,1275.0,132500.0,-0.6714400053024292,0.244159996509552,-0.061039999127388
2536,1276.0,132600.0,-0.6714400053024292,0.244159996509552,-0.061039999127388
2537,1277.0,132700.0,-0.122079998254776,0.061039999127388,-0.3051999807357788
2538,1278.0,132800.0,-0.122079998254776,0.061039999127388,-0.3051999807357788
2539,1279.0,132900.0,-0.366239994764328,0.7324799895286559,0.4272800087928772
2540,1280.0,133000.0,-0.366239994764328,0.7324799895286559,0.4272800087928772
2541,1281.0,133100.0,-0.366239994764328,0.7324799895286559,0.4272800087928772
2542,1282.0,133200.0,0.488319993019104,-0.4272800087928772,0.061039999127388
2543,1283.0,133300.0,0.488319993019104,-0.4272800087928772,0.061039999127388
2544,1284.0,133400.0,-0.8545600175857544,0.7324799895286559,-0.061039999127388
2545,1285.0,133500.0,-0.8545600175857544,0.7324799895286559,-0.061039999127388
2546,1286.0,133600.0,0.4272800087928772,0.3051999807357788,-0.122079998254776
2547,1287.0,133700.0,0.4272800087928772,0.3051999807357788,-0.122079998254776
2548,1288.0,133800.0,-0.061039999127388,0.3051999807357788,-0.3051999807357788
2549,1289.0,133900.0,-0.061039999127388,0.3051999807357788,-0.3051999807357788
2550,1290.0,134000.0,-0.061039999127388,0.3051999807357788,-0.3051999807357788
2551,1291.0,134100.0,0.6103999614715576,-0.6714400053024292,-0.488319993019104
2552,1292.0,134200.0,0.6103999614715576,-0.6714400053024292,-0.488319993019104
2553,1293.0,134300.0,-0.061039999127388,0.122079998254776,0.061039999127388
2554,1294.0,134400.0,-0.061039999127388,0.122079998254776,0.061039999127388
2555,1295.0,134500.0,-0.061039999127388,0.122079998254776,0.061039999127388
2556,1296.0,134600.0,-0.4272800087928772,0.061039999127388,0.244159996509552
2557,1297.0,134700.0,-0.4272800087928772,0.061039999127388,0.244159996509552
2558,1298.0,134800.0,0.7935199737548828,-0.061039999127388,-0.244159996509552
2559,1299.0,134900.0,0.7935199737548828,-0.061039999127388,-0.244159996509552
2560,1300.0,135000.0,0.6103999614715576,0.244159996509552,-0.122079998254776
2561,1301.0,135100.0,0.6103999614715576,0.244159996509552,-0.122079998254776
2562,1302.0,135200.0,-1.5260000228881836,0.366239994764328,-0.7324799895286559
2563,1303.0,135300.0,-1.5260000228881836,0.366239994764328,-0.7324799895286559
2564,1304.0,135400.0,-1.5260000228881836,0.366239994764328,-0.7324799895286559
2565,1305.0,135500.0,-1.0987199544906616,0.7324799895286559,-0.244159996509552
2566,1306.0,135600.0,-1.0987199544906616,0.7324799895286559,-0.244159996509552
2567,1307.0,135700.0,-0.976639986038208,0.6103999614715576,-0.061039999127388
2568,1308.0,135800.0,-0.976639986038208,0.6103999614715576,-0.061039999127388
2569,1309.0,135900.0,-0.976639986038208,0.6103999614715576,-0.061039999127388
2570,1310.0,136000.0,-0.7324799895286559,0.8545600175857544,-0.122079998254776
2571,1311.0,136100.0,-0.7324799895286559,0.8545600175857544,-0.122079998254776
2572,1312.0,136200.0,0.5493599772453308,0.5493599772453308,-0.6714400053024292
2573,1313.0,136300.0,0.5493599772453308,0.5493599772453308,-0.6714400053024292
2574,1314.0,136400.0,-0.4272800087928772,-0.244159996509552,-0.183119997382164
2575,1315.0,136500.0,-0.4272800087928772,-0.244159996509552,-0.183119997382164
2576,1316.0,136600.0,1.8312000036239624,-0.122079998254776,-0.488319993019104
2577,1317.0,136700.0,1.8312000036239624,-0.122079998254776,-0.488319993019104
2578,1318.0,136800.0,-0.9156000018119812,-0.244159996509552,0.366239994764328
2579,1319.0,136900.0,-0.9156000018119812,-0.244159996509552,0.366239994764328
2580,1290.0,134000.0,-0.061039999127388,0.3051999807357788,-0.3051999807357788
2581,1291.0,134100.0,0.6103999614715576,-0.6714400053024292,-0.488319993019104
2582,1292.0,134200.0,0.6103999614715576,-0.6714400053024292,-0.488319993019104
2583,1293.0,134300.0,-0.061039999127388,0.122079998254776,0.061039999127388
2584,1294.0,134400.0,-0.061039999127388,0.122079998254776,0.061039999127388
2585,1295.0,134500.0,-0.061039999127388,0.122079998254776,0.061039999127388
2586,1296.0,134600.0,-0.4272800087928772,0.061039999127388,0.244159996509552
2587,1297.0,134700.0,-0.4272800087928772,0.061039999127388,0.244159996509552
2588,1298.0,134800.0,0.7935199737548828,-0.061039999127388,-0.244159996509552
2589,1299.0,134900.0,0.7935199737548828,-0.061039999127388,-0.244159996509552
2590,1300.0,135000.0,0.6103999614715576,0.244159996509552,-0.122079998254776
2591,1301.0,135100.0,0.6103999614715576,0.244159996509552,-0.122079998254776
2592,1302.0,135200.0,-1.5260000228881836,0.366239994764328,-0.7324799895286559
2593,1303.0,135300.0,-1.5260000228881836,0.366239994764328,-0.7324799895286559
2594,1304.0,135400.0,-1.5260000228881836,0.366239994764328,-0.7324799895286559
2595,1305.0,135500.0,-1.0987199544906616,0.7324799895286559,-0.244159996509552
2596,1306.0,135600.0,-1.0987199544906616,0.7324799895286559,-0.244159996509552
2597,1307.0,135700.0,-0.976639986038208,0.6103999614715576,-0.061039999127388
2598,1308.0,135800.0,-0.976639986038208,0.6103999614715576,-0.061039999127388
2599,1309.0,135900.0,-0.976639986038208,0.6103999614715576,-0.061039999127388
2600,1310.0,136000.0,-0.7324799895286559,0.8545600175857544,-0.122079998254776
2601,1311.0,136100.0,-0.7324799895286559,0.8545600175857544,-0.122079998254776
2602,1312.0,136200.0,0.5493599772453308,0.5493599772453308,-0.6714400053024292
2603,1313.0,136300.0,0.5493599772453308,0.5493599772453308,-0.6714400053024292
2604,1314.0,136400.0,-0.4272800087928772,-0.244159996509552,-0.183119997382164
2605,1315.0,136500.0,-0.4272800087928772,-0.244159996509552,-0.183119997382164
2606,1316.0,136600.0,1.8312000036239624,-0.122079998254776,-0.488319993019104
2607,1317.0,136700.0,1.8312000036239624,-0.122079998254776,-0.488319993019104
2608,1318.0,136800.0,-0.9156000018119812,-0.244159996509552,0.366239994764328
2609,1319.0,136900.0,-0.9156000018119812,-0.244159996509552,0.366239994764328
2610,1320.0,137000.0,-0.9156000018119812,-0.244159996509552,0.366239994764328
2611,1321.0,137100.0,-0.122079998254776,0.183119997382164,-0.7324799895286559
2612,1322.0,137200.0,-0.122079998254776,0.183119997382164,-0.7324799895286559
2613,1323.0,137300.0,-0.122079998254776,0.122079998254776,-0.3051999807357788
2614,1324.0,137400.0,-0.122079998254776,0.122079998254776,-0.3051999807357788
2615,1325.0,137500.0,-0.244159996509552,0.183119997382164,-0.061039999127388
2616,1326.0,137600.0,-0.244159996509552,0.183119997382164,-0.061039999127388
2617,1327.0,137700.0,-0.244159996509552,0.183119997382164,-0.061039999127388
2618,1328.0,137800.0,-0.6103999614715576,0.244159996509552,0.244159996509552
2619,1329.0,137900.0,-0.6103999614715576,0.244159996509552,0.244159996509552
2620,1330.0,138000.0,-0.8545600175857544,0.366239994764328,-0.4272800087928772
2621,1331.0,138100.0,-0.8545600175857544,0.366239994764328,-0.4272800087928772
2622,1332.0,138200.0,0.7935199737548828,0.6103999614715576,-0.061039999127388
2623,1333.0,138300.0,0.7935199737548828,0.6103999614715576,-0.061039999127388
2624,1334.0,138400.0,0.7935199737548828,0.6103999614715576,-0.061039999127388
2625,1335.0,138500.0,0.122079998254776,0.244159996509552,-0.244159996509552
2626,1336.0,138600.0,0.122079998254776,0.244159996509552,-0.244159996509552
2627,1337.0,138700.0,0.366239994764328,-0.244159996509552,0.122079998254776
2628,1338.0,138800.0,0.366239994764328,-0.244159996509552,0.122079998254776
2629,1339.0,138900.0,-0.061039999127388,0.6103999614715576,-0.488319993019104
2630,1340.0,139000.0,-0.061039999127388,0.6103999614715576,-0.488319993019104
2631,1341.0,139100.0,-0.061039999127388,0.6103999614715576,-0.488319993019104
2632,1342.0,139200.0,-0.061039999127388,0.5493599772453308,-0.122079998254776
2633,1343.0,139300.0,-0.061039999127388,0.5493599772453308,-0.122079998254776
2634,1344.0,139400.0,0.4272800087928772,-0.9156000018119812,-0.061039999127388
2635,1345.0,139500.0,0.4272800087928772,-0.9156000018119812,-0.061039999127388
2636,1346.0,139600.0,-0.122079998254776,-0.366239994764328,-0.4272800087928772
2637,1347.0,139700.0,-0.122079998254776,-0.366239994764328,-0.4272800087928772
2638,1348.0,139800.0,-0.122079998254776,-0.366239994764328,-0.4272800087928772
2639,1349.0,139900.0,-0.244159996509552,-0.061039999127388,-0.122079998254776
2640,1320.0,137000.0,-0.9156000018119812,-0.244159996509552,0.366239994764328
2641,1321.0,137100.0,-0.122079998254776,0.183119997382164,-0.7324799895286559
2642,1322.0,137200.0,-0.122079998254776,0.183119997382164,-0.7324799895286559
2643,1323.0,137300.0,-0.122079998254776,0.122079998254776,-0.3051999807357788
2644,1324.0,137400.0,-0.122079998254776,0.122079998254776,-0.3051999807357788
2645,1325.0,137500.0,-0.244159996509552,0.183119997382164,-0.061039999127388
2646,1326.0,137600.0,-0.244159996509552,0.183119997382164,-0.061039999127388
2647,1327.0,137700.0,-0.244159996509552,0.183119997382164,-0.061039999127388
2648,1328.0,137800.0,-0.6103999614715576,0.244159996509552,0.244159996509552
2649,1329.0,137900.0,-0.6103999614715576,0.244159996509552,0.244159996509552
2650,1330.0,138000.0,-0.8545600175857544,0.366239994764328,-0.4272800087928772
2651,1331.0,138100.0,-0.8545600175857544,0.366239994764328,-0.4272800087928772
2652,1332.0,138200.0,0.7935199737548828,0.6103999614715576,-0.061039999127388
2653,1333.0,138300.0,0.7935199737548828,0.6103999614715576,-0.061039999127388
2654,1334.0,138400.0,0.7935199737548828,0.6103999614715576,-0.061039999127388
2655,1335.0,138500.0,0.122079998254776,0.244159996509552,-0.244159996509552
2656,1336.0,138600.0,0.122079998254776,0.244159996509552,-0.244159996509552
2657,1337.0,138700.0,0.366239994764328,-0.244159996509552,0.122079998254776
2658,1338.0,138800.0,0.366239994764328,-0.244159996509552,0.122079998254776
2659,1339.0,138900.0,-0.061039999127388,0.6103999614715576,-0.488319993019104
2660,1340.0,139000.0,-0.061039999127388,0.6103999614715576,-0.488319993019104
2661,1341.0,139100.0,-0.061039999127388,0.6103999614715576,-0.488319993019104
2662,1342.0,139200.0,-0.061039999127388,0.5493599772453308,-0.122079998254776
2663,1343.0,139300.0,-0.061039999127388,0.5493599772453308,-0.122079998254776
2664,1344.0,139400.0,0.4272800087928772,-0.9156000018119812,-0.061039999127388
2665,1345.0,139500.0,0.4272800087928772,-0.9156000018119812,-0.061039999127388
2666,1346.0,139600.0,-0.122079998254776,-0.366239994764328,-0.4272800087928772
2667,1347.0,139700.0,-0.122079998254776,-0.366239994764328,-0.4272800087928772
2668,1348.0,139800.0,-0.122079998254776,-0.366239994764328,-0.4272800087928772
2669,1349.0,139900.0,-0.244159996509552,-0.061039999127388,-0.122079998254776
2670,1350.0,140000.0,-0.244159996509552,-0.061039999127388,-0.122079998254776
2671,1351.0,140100.0,-1.5260000228881836,0.976639986038208,0.183119997382164
2672,1352.0,140200.0,-1.5260000228881836,0.976639986038208,0.183119997382164
2673,1353.0,140300.0,-0.6103999614715576,-0.122079998254776,-0.122079998254776
2674,1354.0,140400.0,-0.6103999614715576,-0.122079998254776,-0.122079998254776
2675,1355.0,140500.0,-0.6103999614715576,-0.122079998254776,-0.122079998254776
2676,1356.0,140600.0,-0.7935199737548828,-0.366239994764328,0.244159996509552
2677,1357.0,140700.0,-0.7935199737548828,-0.366239994764328,0.244159996509552
2678,1358.0,140800.0,2.624719858169556,-0.5493599772453308,-0.9156000018119812
2679,1359.0,140900.0,2.624719858169556,-0.5493599772453308,-0.9156000018119812
2680,1360.0,141000.0,2.624719858169556,-0.5493599772453308,-0.9156000018119812
2681,1361.0,141100.0,0.244159996509552,1.0987199544906616,-1.4039199352264404
2682,1362.0,141200.0,0.244159996509552,1.0987199544906616,-1.4039199352264404
2683,1363.0,141300.0,-5.615679740905762,2.868880033493042,0.9156000018119812
2684,1364.0,141400.0,-5.615679740905762,2.868880033493042,0.9156000018119812
2685,1365.0,141500.0,0.976639986038208,0.9156000018119812,-0.5493599772453308
2686,1366.0,141600.0,0.976639986038208,0.9156000018119812,-0.5493599772453308
2687,1367.0,141700.0,2.1363999843597408,-0.9156000018119812,-0.4272800087928772
2688,1368.0,141800.0,2.1363999843597408,-0.9156000018119812,-0.4272800087928772
2689,1369.0,141900.0,2.1363999843597408,-0.9156000018119812,-0.4272800087928772
2690,1370.0,142000.0,2.014319896697998,-0.4272800087928772,-0.6714400053024292
2691,1371.0,142100.0,2.014319896697998,-0.4272800087928772,-0.6714400053024292
2692,1372.0,142200.0,0.488319993019104,-0.3051999807357788,-0.7324799895286559
2693,1373.0,142300.0,0.488319993019104,-0.3051999807357788,-0.7324799895286559
2694,1374.0,142400.0,-0.6714400053024292,-0.061039999127388,-0.183119997382164
2695,1375.0,142500.0,-0.6714400053024292,-0.061039999127388,-0.183119997382164
2696,1376.0,142600.0,-0.6714400053024292,-0.061039999127388,-0.183119997382164
2697,1377.0,142700.0,-0.6103999614715576,0.5493599772453308,-0.488319993019104
2698,1378.0,142800.0,-0.6103999614715576,0.5493599772453308,-0.488319993019104
2699,1379.0,142900.0,-0.3051999807357788,0.6714400053024292,-0.244159996509552
2700,1350.0,140000.0,-0.244159996509552,-0.061039999127388,-0.122079998254776
2701,1351.0,140100.0,-1.5260000228881836,0.976639986038208,0.183119997382164
2702,1352.0,140200.0,-1.5260000228881836,0.976639986038208,0.183119997382164
2703,1353.0,140300.0,-0.6103999614715576,-0.122079998254776,-0.122079998254776
2704,1354.0,140400.0,-0.6103999614715576,-0.122079998254776,-0.122079998254776
2705,1355.0,140500.0,-0.6103999614715576,-0.122079998254776,-0.122079998254776
2706,1356.0,140600.0,-0.7935199737548828,-0.366239994764328,0.244159996509552
2707,1357.0,140700.0,-0.7935199737548828,-0.366239994764328,0.244159996509552
2708,1358.0,140800.0,2.624719858169556,-0.5493599772453308,-0.9156000018119812
2709,1359.0,140900.0,2.624719858169556,-0.5493599772453308,-0.9156000018119812
2710,1360.0,141000.0,2.624719858169556,-0.5493599772453308,-0.9156000018119812
2711,1361.0,141100.0,0.244159996509552,1.0987199544906616,-1.4039199352264404
2712,1362.0,141200.0,0.244159996509552,1.0987199544906616,-1.4039199352264404
2713,1363.0,141300.0,-5.615679740905762,2.868880033493042,0.9156000018119812
2714,1364.0,141400.0,-5.615679740905762,2.868880033493042,0.9156000018119812
2715,1365.0,141500.0,0.976639986038208,0.9156000018119812,-0.5493599772453308
2716,1366.0,141600.0,0.976639986038208,0.9156000018119812,-0.5493599772453308
2717,1367.0,141700.0,2.1363999843597408,-0.9156000018119812,-0.4272800087928772
2718,1368.0,141800.0,2.1363999843597408,-0.9156000018119812,-0.4272800087928772
2719,1369.0,141900.0,2.1363999843597408,-0.9156000018119812,-0.4272800087928772
2720,1370.0,142000.0,2.014319896697998,-0.4272800087928772,-0.6714400053024292
2721,1371.0,142100.0,2.014319896697998,-0.4272800087928772,-0.6714400053024292
2722,1372.0,142200.0,0.488319993019104,-0.3051999807357788,-0.7324799895286559
2723,1373.0,142300.0,0.488319993019104,-0.3051999807357788,-0.7324799895286559
2724,1374.0,142400.0,-0.6714400053024292,-0.061039999127388,-0.183119997382164
2725,1375.0,142500.0,-0.6714400053024292,-0.061039999127388,-0.183119997382164
2726,1376.0,142600.0,-0.6714400053024292,-0.061039999127388,-0.183119997382164
2727,1377.0,142700.0,-0.6103999614715576,0.5493599772453308,-0.488319993019104
2728,1378.0,142800.0,-0.6103999614715576,0.5493599772453308,-0.488319993019104
2729,1379.0,142900.0,-0.3051999807357788,0.6714400053024292,-0.244159996509552
2730,1380.0,143000.0,-0.3051999807357788,0.6714400053024292,-0.244159996509552
2731,1381.0,143100.0,0.366239994764328,0.061039999127388,-0.122079998254776
2732,1382.0,143200.0,0.366239994764328,0.061039999127388,-0.122079998254776
2733,1383.0,143300.0,0.366239994764328,0.061039999127388,-0.122079998254776
2734,1384.0,143400.0,0.9156000018119812,-0.122079998254776,0.366239994764328
2735,1385.0,143500.0,0.9156000018119812,-0.122079998254776,0.366239994764328
2736,1386.0,143600.0,-1.6480799913406372,0.488319993019104,0.6103999614715576
2737,1387.0,143700.0,-1.6480799913406372,0.488319993019104,0.6103999614715576
2738,1388.0,143800.0,-2.4415998458862305,2.2584800720214844,-0.6714400053024292
2739,1389.0,143900.0,-2.4415998458862305,2.2584800720214844,-0.6714400053024292
2740,1390.0,144000.0,-2.4415998458862305,2.2584800720214844,-0.6714400053024292
2741,1391.0,144100.0,-3.84552001953125,2.1974399089813232,2.1363999843597408
2742,1392.0,144200.0,-3.84552001953125,2.1974399089813232,2.1363999843597408
2743,1393.0,144300.0,4.089679718017578,-0.366239994764328,-0.6103999614715576
2744,1394.0,144400.0,4.089679718017578,-0.366239994764328,-0.6103999614715576
2745,1395.0,144500.0,0.8545600175857544,0.366239994764328,0.183119997382164
2746,1396.0,144600.0,0.8545600175857544,0.366239994764328,0.183119997382164
2747,1397.0,144700.0,0.8545600175857544,0.366239994764328,0.183119997382164
2748,1398.0,144800.0,-0.488319993019104,1.2207999229431152,-0.976639986038208
2749,1399.0,144900.0,-0.488319993019104,1.2207999229431152,-0.976639986038208
2750,1400.0,145000.0,0.7935199737548828,0.122079998254776,-1.5260000228881836
2751,1401.0,145100.0,0.7935199737548828,0.122079998254776,-1.5260000228881836
2752,1402.0,145200.0,2.014319896697998,2.075360059738159,-0.183119997382164
2753,1403.0,145300.0,2.014319896697998,2.075360059738159,-0.183119997382164
2754,1404.0,145400.0,2.014319896697998,2.075360059738159,-0.183119997382164
2755,1405.0,145500.0,-0.061039999127388,-1.2207999229431152,0.7324799895286559
2756,1406.0,145600.0,-0.061039999127388,-1.2207999229431152,0.7324799895286559
2757,1407.0,145700.0,1.4649599790573118,-1.0376800298690796,-0.6103999614715576
2758,1408.0,145800.0,1.4649599790573118,-1.0376800298690796,-0.6103999614715576
2759,1409.0,145900.0,2.1974399089813232,-2.3805599212646484,0.244159996509552
2760,1380.0,143000.0,-0.3051999807357788,0.6714400053024292,-0.244159996509552
2761,1381.0,143100.0,0.366239994764328,0.061039999127388,-0.122079998254776
2762,1382.0,143200.0,0.366239994764328,0.061039999127388,-0.122079998254776
2763,1383.0,143300.0,0.366239994764328,0.061039999127388,-0.122079998254776
2764,1384.0,143400.0,0.9156000018119812,-0.122079998254776,0.366239994764328
2765,1385.0,143500.0,0.9156000018119812,-0.122079998254776,0.366239994764328
2766,1386.0,143600.0,-1.6480799913406372,0.488319993019104,0.6103999614715576
2767,1387.0,143700.0,-1.6480799913406372,0.488319993019104,0.6103999614715576
2768,1388.0,143800.0,-2.4415998458862305,2.2584800720214844,-0.6714400053024292
2769,1389.0,143900.0,-2.4415998458862305,2.2584800720214844,-0.6714400053024292
2770,1390.0,144000.0,-2.4415998458862305,2.2584800720214844,-0.6714400053024292
2771,1391.0,144100.0,-3.84552001953125,2.1974399089813232,2.1363999843597408
2772,1392.0,144200.0,-3.84552001953125,2.1974399089813232,2.1363999843597408
2773,1393.0,144300.0,4.089679718017578,-0.366239994764328,-0.6103999614715576
2774,1394.0,144400.0,4.089679718017578,-0.366239994764328,-0.6103999614715576
2775,1395.0,144500.0,0.8545600175857544,0.366239994764328,0.183119997382164
2776,1396.0,144600.0,0.8545600175857544,0.366239994764328,0.183119997382164
2777,1397.0,144700.0,0.8545600175857544,0.366239994764328,0.183119997382164
2778,1398.0,144800.0,-0.488319993019104,1.2207999229431152,-0.976639986038208
2779,1399.0,144900.0,-0.488319993019104,1.2207999229431152,-0.976639986038208
2780,1400.0,145000.0,0.7935199737548828,0.122079998254776,-1.5260000228881836
2781,1401.0,145100.0,0.7935199737548828,0.122079998254776,-1.5260000228881836
2782,1402.0,145200.0,2.014319896697998,2.075360059738159,-0.183119997382164
2783,1403.0,145300.0,2.014319896697998,2.075360059738159,-0.183119997382164
2784,1404.0,145400.0,2.014319896697998,2.075360059738159,-0.183119997382164
2785,1405.0,145500.0,-0.061039999127388,-1.2207999229431152,0.7324799895286559
2786,1406.0,145600.0,-0.061039999127388,-1.2207999229431152,0.7324799895286559
2787,1407.0,145700.0,1.4649599790573118,-1.0376800298690796,-0.6103999614715576
2788,1408.0,145800.0,1.4649599790573118,-1.0376800298690796,-0.6103999614715576
2789,1409.0,145900.0,2.1974399089813232,-2.3805599212646484,0.244159996509552
2790,1410.0,146000.0,2.1974399089813232,-2.3805599212646484,0.244159996509552
2791,1411.0,146100.0,2.1974399089813232,-2.3805599212646484,0.244159996509552
2792,1412.0,146200.0,0.3051999807357788,-0.6714400053024292,0.061039999127388
2793,1413.0,146300.0,0.3051999807357788,-0.6714400053024292,0.061039999127388
2794,1414.0,146400.0,0.7324799895286559,0.7324799895286559,0.244159996509552
2795,1415.0,146500.0,0.7324799895286559,0.7324799895286559,0.244159996509552
2796,1416.0,146600.0,-0.7935199737548828,0.366239994764328,0.183119997382164
2797,1417.0,146700.0,-0.7935199737548828,0.366239994764328,0.183119997382164
2798,1418.0,146800.0,0.366239994764328,-0.183119997382164,-0.061039999127388
2799,1419.0,146900.0,0.366239994764328,-0.183119997382164,-0.061039999127388
2800,1420.0,147000.0,-0.244159996509552,-0.3051999807357788,-0.366239994764328
2801,1421.0,147100.0,-0.244159996509552,-0.3051999807357788,-0.366239994764328
2802,1422.0,147200.0,-0.244159996509552,-0.3051999807357788,-0.366239994764328
2803,1423.0,147300.0,-0.5493599772453308,0.061039999127388,0.488319993019104
2804,1424.0,147400.0,-0.5493599772453308,0.061039999127388,0.488319993019104
2805,1425.0,147500.0,1.0376800298690796,0.488319993019104,-0.061039999127388
2806,1426.0,147600.0,1.0376800298690796,0.488319993019104,-0.061039999127388
2807,1427.0,147700.0,1.0376800298690796,0.488319993019104,-0.061039999127388
2808,1428.0,147800.0,2.3195199966430664,-0.366239994764328,-0.5493599772453308
2809,1429.0,147900.0,2.3195199966430664,-0.366239994764328,-0.5493599772453308
2810,1430.0,148000.0,0.5493599772453308,0.488319993019104,-1.2207999229431152
2811,1431.0,148100.0,0.5493599772453308,0.488319993019104,-1.2207999229431152
2812,1432.0,148200.0,-1.1597599983215332,0.3051999807357788,-0.183119997382164
2813,1433.0,148300.0,-1.1597599983215332,0.3051999807357788,-0.183119997382164
2814,1434.0,148400.0,0.488319993019104,0.366239994764328,-0.4272800087928772
2815,1435.0,148500.0,0.488319993019104,0.366239994764328,-0.4272800087928772
2816,1436.0,148600.0,0.4272800087928772,-1.5260000228881836,0.7324799895286559
2817,1437.0,148700.0,0.4272800087928772,-1.5260000228881836,0.7324799895286559
2818,1438.0,148800.0,0.4272800087928772,-1.5260000228881836,0.7324799895286559
2819,1439.0,148900.0,2.2584800720214844,-1.5870399475097656,-0.488319993019104
2820,1410.0,146000.0,2.1974399089813232,-2.3805599212646484,0.244159996509552
2821,1411.0,146100.0,2.1974399089813232,-2.3805599212646484,0.244159996509552
2822,1412.0,146200.0,0.3051999807357788,-0.6714400053024292,0.061039999127388
2823,1413.0,146300.0,0.3051999807357788,-0.6714400053024292,0.061039999127388
2824,1414.0,146400.0,0.7324799895286559,0.7324799895286559,0.244159996509552
2825,1415.0,146500.0,0.7324799895286559,0.7324799895286559,0.244159996509552
2826,1416.0,146600.0,-0.7935199737548828,0.366239994764328,0.183119997382164
2827,1417.0,146700.0,-0.7935199737548828,0.366239994764328,0.183119997382164
2828,1418.0,146800.0,0.366239994764328,-0.183119997382164,-0.061039999127388
2829,1419.0,146900.0,0.366239994764328,-0.183119997382164,-0.061039999127388
2830,1420.0,147000.0,-0.244159996509552,-0.3051999807357788,-0.366239994764328
2831,1421.0,147100.0,-0.244159996509552,-0.3051999807357788,-0.366239994764328
2832,1422.0,147200.0,-0.244159996509552,-0.3051999807357788,-0.366239994764328
2833,1423.0,147300.0,-0.5493599772453308,0.061039999127388,0.488319993019104
2834,1424.0,147400.0,-0.5493599772453308,0.061039999127388,0.488319993019104
2835,1425.0,147500.0,1.0376800298690796,0.488319993019104,-0.061039999127388
2836,1426.0,147600.0,1.0376800298690796,0.488319993019104,-0.061039999127388
2837,1427.0,147700.0,1.0376800298690796,0.488319993019104,-0.061039999127388
2838,1428.0,147800.0,2.3195199966430664,-0.366239994764328,-0.5493599772453308
2839,1429.0,147900.0,2.3195199966430664,-0.366239994764328,-0.5493599772453308
2840,1430.0,148000.0,0.5493599772453308,0.488319993019104,-1.2207999229431152
2841,1431.0,148100.0,0.5493599772453308,0.488319993019104,-1.2207999229431152
2842,1432.0,148200.0,-1.1597599983215332,0.3051999807357788,-0.183119997382164
2843,1433.0,148300.0,-1.1597599983215332,0.3051999807357788,-0.183119997382164
2844,1434.0,148400.0,0.488319993019104,0.366239994764328,-0.4272800087928772
2845,1435.0,148500.0,0.488319993019104,0.366239994764328,-0.4272800087928772
2846,1436.0,148600.0,0.4272800087928772,-1.5260000228881836,0.7324799895286559
2847,1437.0,148700.0,0.4272800087928772,-1.5260000228881836,0.7324799895286559
2848,1438.0,148800.0,0.4272800087928772,-1.5260000228881836,0.7324799895286559
2849,1439.0,148900.0,2.2584800720214844,-1.5870399475097656,-0.488319993019104
2850,1440.0,149000.0,2.2584800720214844,-1.5870399475097656,-0.488319993019104
2851,1441.0,149100.0,-0.3051999807357788,-0.061039999127388,0.7324799895286559
2852,1442.0,149200.0,-0.3051999807357788,-0.061039999127388,0.7324799895286559
2853,1443.0,149300.0,-0.9156000018119812,2.502640008926392,-0.244159996509552
2854,1444.0,149400.0,-0.9156000018119812,2.502640008926392,-0.244159996509552
2855,1445.0,149500.0,1.5260000228881836,-1.2818399667739868,0.3051999807357788
2856,1446.0,149600.0,1.5260000228881836,-1.2818399667739868,0.3051999807357788
2857,1447.0,149700.0,1.5260000228881836,-1.2818399667739868,0.3051999807357788
2858,1448.0,149800.0,5.615679740905762,-2.807839870452881,-2.4415998458862305
2859,1449.0,149900.0,5.615679740905762,-2.807839870452881,-2.4415998458862305
2860,1450.0,150000.0,1.0987199544906616,0.6103999614715576,-2.1363999843597408
2861,1451.0,150100.0,1.0987199544906616,0.6103999614715576,-2.1363999843597408
2862,1452.0,150200.0,-2.685760021209717,0.4272800087928772,-0.061039999127388
2863,1453.0,150300.0,-2.685760021209717,0.4272800087928772,-0.061039999127388
2864,1454.0,150400.0,-2.5636799335479736,0.6714400053024292,0.8545600175857544
2865,1455.0,150500.0,-2.5636799335479736,0.6714400053024292,0.8545600175857544
2866,1456.0,150600.0,-2.5636799335479736,0.6714400053024292,0.8545600175857544
2867,1457.0,150700.0,1.7091200351715088,-0.7324799895286559,-0.6714400053024292
2868,1458.0,150800.0,1.7091200351715088,-0.7324799895286559,-0.6714400053024292
2869,1459.0,150900.0,1.2207999229431152,-1.4039199352264404,-0.122079998254776
2870,1460.0,151000.0,1.2207999229431152,-1.4039199352264404,-0.122079998254776
2871,1461.0,151100.0,-0.366239994764328,0.7324799895286559,0.122079998254776
2872,1462.0,151200.0,-0.366239994764328,0.7324799895286559,0.122079998254776
2873,1463.0,151300.0,-0.366239994764328,0.7324799895286559,0.122079998254776
2874,1464.0,151400.0,0.7935199737548828,0.183119997382164,0.061039999127388
2875,1465.0,151500.0,0.7935199737548828,0.183119997382164,0.061039999127388
2876,1466.0,151600.0,-0.122079998254776,1.4039199352264404,-0.183119997382164
2877,1467.0,151700.0,-0.122079998254776,1.4039199352264404,-0.183119997382164
2878,1468.0,151800.0,0.7935199737548828,0.8545600175857544,0.6714400053024292
2879,1469.0,151900.0,0.7935199737548828,0.8545600175857544,0.6714400053024292
2880,1440.0,149000.0,2.2584800720214844,-1.5870399475097656,-0.488319993019104
2881,1441.0,149100.0,-0.3051999807357788,-0.061039999127388,0.7324799895286559
2882,1442.0,149200.0,-0.3051999807357788,-0.061039999127388,0.7324799895286559
2883,1443.0,149300.0,-0.9156000018119812,2.502640008926392,-0.244159996509552
2884,1444.0,149400.0,-0.9156000018119812,2.502640008926392,-0.244159996509552
2885,1445.0,149500.0,1.5260000228881836,-1.2818399667739868,0.3051999807357788
2886,1446.0,149600.0,1.5260000228881836,-1.2818399667739868,0.3051999807357788
2887,1447.0,149700.0,1.5260000228881836,-1.2818399667739868,0.3051999807357788
2888,1448.0,149800.0,5.615679740905762,-2.807839870452881,-2.4415998458862305
2889,1449.0,149900.0,5.615679740905762,-2.807839870452881,-2.4415998458862305
2890,1450.0,150000.0,1.0987199544906616,0.6103999614715576,-2.1363999843597408
2891,1451.0,150100.0,1.0987199544906616,0.6103999614715576,-2.1363999843597408
2892,1452.0,150200.0,-2.685760021209717,0.4272800087928772,-0.061039999127388
2893,1453.0,150300.0,-2.685760021209717,0.4272800087928772,-0.061039999127388
2894,1454.0,150400.0,-2.5636799335479736,0.6714400053024292,0.8545600175857544
2895,1455.0,150500.0,-2.5636799335479736,0.6714400053024292,0.8545600175857544
2896,1456.0,150600.0,-2.5636799335479736,0.6714400053024292,0.8545600175857544
2897,1457.0,150700.0,1.7091200351715088,-0.7324799895286559,-0.6714400053024292
2898,1458.0,150800.0,1.7091200351715088,-0.7324799895286559,-0.6714400053024292
2899,1459.0,150900.0,1.2207999229431152,-1.4039199352264404,-0.122079998254776
2900,1460.0,151000.0,1.2207999229431152,-1.4039199352264404,-0.122079998254776
2901,1461.0,151100.0,-0.366239994764328,0.7324799895286559,0.122079998254776
2902,1462.0,151200.0,-0.366239994764328,0.7324799895286559,0.122079998254776
2903,1463.0,151300.0,-0.366239994764328,0.7324799895286559,0.122079998254776
2904,1464.0,151400.0,0.7935199737548828,0.183119997382164,0.061039999127388
2905,1465.0,151500.0,0.7935199737548828,0.183119997382164,0.061039999127388
2906,1466.0,151600.0,-0.122079998254776,1.4039199352264404,-0.183119997382164
2907,1467.0,151700.0,-0.122079998254776,1.4039199352264404,-0.183119997382164
2908,1468.0,151800.0,0.7935199737548828,0.8545600175857544,0.6714400053024292
2909,1469.0,151900.0,0.7935199737548828,0.8545600175857544,0.6714400053024292
2910,1470.0,152000.0,0.7935199737548828,0.8545600175857544,0.6714400053024292
2911,1471.0,152100.0,-1.0987199544906616,1.2818399667739868,-0.183119997382164
2912,1472.0,152200.0,-1.0987199544906616,1.2818399667739868,-0.183119997382164
2913,1473.0,152300.0,0.3051999807357788,-0.183119997382164,-0.061039999127388
2914,1474.0,152400.0,0.3051999807357788,-0.183119997382164,-0.061039999127388
2915,1475.0,152500.0,-0.061039999127388,-0.6714400053024292,-0.183119997382164
2916,1476.0,152600.0,-0.061039999127388,-0.6714400053024292,-0.183119997382164
2917,1477.0,152700.0,-0.061039999127388,-0.6714400053024292,-0.183119997382164
2918,1478.0,152800.0,-0.6714400053024292,1.4039199352264404,0.183119997382164
2919,1479.0,152900.0,-0.6714400053024292,1.4039199352264404,0.183119997382164
2920,1480.0,153000.0,-0.183119997382164,-1.2207999229431152,-0.244159996509552
2921,1481.0,153100.0,-0.183119997382164,-1.2207999229431152,-0.244159996509552
2922,1482.0,153200.0,-0.3051999807357788,0.7324799895286559,-0.488319993019104
2923,1483.0,153300.0,-0.3051999807357788,0.7324799895286559,-0.488319993019104
2924,1484.0,153400.0,-0.3051999807357788,0.7324799895286559,-0.488319993019104
2925,1485.0,153500.0,0.976639986038208,-0.6103999614715576,-0.244159996509552
2926,1486.0,153600.0,0.976639986038208,-0.6103999614715576,-0.244159996509552
2927,1487.0,153700.0,0.8545600175857544,1.1597599983215332,-0.7324799895286559
2928,1488.0,153800.0,0.8545600175857544,1.1597599983215332,-0.7324799895286559
2929,1489.0,153900.0,-0.4272800087928772,0.9156000018119812,-0.5493599772453308
2930,1490.0,154000.0,-0.4272800087928772,0.9156000018119812,-0.5493599772453308
2931,1491.0,154100.0,-0.4272800087928772,0.9156000018119812,-0.5493599772453308
2932,1492.0,154200.0,1.0987199544906616,0.6103999614715576,-0.366239994764328
2933,1493.0,154300.0,1.0987199544906616,0.6103999614715576,-0.366239994764328
2934,1494.0,154400.0,-0.4272800087928772,0.061039999127388,-0.4272800087928772
2935,1495.0,154500.0,-0.4272800087928772,0.061039999127388,-0.4272800087928772
2936,1496.0,154600.0,-1.2818399667739868,0.488319993019104,-0.488319993019104
2937,1497.0,154700.0,-1.2818399667739868,0.488319993019104,-0.488319993019104
2938,1498.0,154800.0,-1.2818399667739868,0.488319993019104,-0.488319993019104
2939,1499.0,154900.0,3.2961599826812744,-0.8545600175857544,-1.4039199352264404
2940,1470.0,152000.0,0.7935199737548828,0.8545600175857544,0.6714400053024292
2941,1471.0,152100.0,-1.0987199544906616,1.2818399667739868,-0.183119997382164
2942,1472.0,152200.0,-1.0987199544906616,1.2818399667739868,-0.183119997382164
2943,1473.0,152300.0,0.3051999807357788,-0.183119997382164,-0.061039999127388
2944,1474.0,152400.0,0.3051999807357788,-0.183119997382164,-0.061039999127388
2945,1475.0,152500.0,-0.061039999127388,-0.6714400053024292,-0.183119997382164
2946,1476.0,152600.0,-0.061039999127388,-0.6714400053024292,-0.183119997382164
2947,1477.0,152700.0,-0.061039999127388,-0.6714400053024292,-0.183119997382164
2948,1478.0,152800.0,-0.6714400053024292,1.4039199352264404,0.183119997382164
2949,1479.0,152900.0,-0.6714400053024292,1.4039199352264404,0.183119997382164
2950,1480.0,153000.0,-0.183119997382164,-1.2207999229431152,-0.244159996509552
2951,1481.0,153100.0,-0.183119997382164,-1.2207999229431152,-0.244159996509552
2952,1482.0,153200.0,-0.3051999807357788,0.7324799895286559,-0.488319993019104
2953,1483.0,153300.0,-0.3051999807357788,0.7324799895286559,-0.488319993019104
2954,1484.0,153400.0,-0.3051999807357788,0.7324799895286559,-0.488319993019104
2955,1485.0,153500.0,0.976639986038208,-0.6103999614715576,-0.244159996509552
2956,1486.0,153600.0,0.976639986038208,-0.6103999614715576,-0.244159996509552
2957,1487.0,153700.0,0.8545600175857544,1.1597599983215332,-0.7324799895286559
2958,1488.0,153800.0,0.8545600175857544,1.1597599983215332,-0.7324799895286559
2959,1489.0,153900.0,-0.4272800087928772,0.9156000018119812,-0.5493599772453308
2960,1490.0,154000.0,-0.4272800087928772,0.9156000018119812,-0.5493599772453308
2961,1491.0,154100.0,-0.4272800087928772,0.9156000018119812,-0.5493599772453308
2962,1492.0,154200.0,1.0987199544906616,0.6103999614715576,-0.366239994764328
2963,1493.0,154300.0,1.0987199544906616,0.6103999614715576,-0.366239994764328
2964,1494.0,154400.0,-0.4272800087928772,0.061039999127388,-0.4272800087928772
2965,1495.0,154500.0,-0.4272800087928772,0.061039999127388,-0.4272800087928772
2966,1496.0,154600.0,-1.2818399667739868,0.488319993019104,-0.488319993019104
2967,1497.0,154700.0,-1.2818399667739868,0.488319993019104,-0.488319993019104
2968,1498.0,154800.0,-1.2818399667739868,0.488319993019104,-0.488319993019104
2969,1499.0,154900.0,3.2961599826812744,-0.8545600175857544,-1.4039199352264404
2970,1500.0,155000.0,3.2961599826812744,-0.8545600175857544,-1.4039199352264404
2971,1501.0,155100.0,-3.84552001953125,2.1974399089813232,-0.3051999807357788
2972,1502.0,155200.0,-3.84552001953125,2.1974399089813232,-0.3051999807357788
2973,1503.0,155300.0,-1.7701599597930908,0.4272800087928772,0.4272800087928772
2974,1504.0,155400.0,-1.7701599597930908,0.4272800087928772,0.4272800087928772
2975,1505.0,155500.0,-1.7701599597930908,0.4272800087928772,0.4272800087928772
2976,1506.0,155600.0,-0.183119997382164,-1.5870399475097656,-0.6103999614715576
2977,1507.0,155700.0,-0.183119997382164,-1.5870399475097656,-0.6103999614715576
2978,1508.0,155800.0,-5.676720142364503,3.5403199195861816,0.366239994764328
2979,1509.0,155900.0,-5.676720142364503,3.5403199195861816,0.366239994764328
2980,1510.0,156000.0,-0.122079998254776,-2.3195199966430664,1.8312000036239624
2981,1511.0,156100.0,-0.122079998254776,-2.3195199966430664,1.8312000036239624
2982,1512.0,156200.0,0.976639986038208,-0.244159996509552,-0.7324799895286559
2983,1513.0,156300.0,0.976639986038208,-0.244159996509552,-0.7324799895286559
2984,1514.0,156400.0,0.976639986038208,-0.244159996509552,-0.7324799895286559
2985,1515.0,156500.0,1.2207999229431152,-0.5493599772453308,0.7935199737548828
2986,1516.0,156600.0,1.2207999229431152,-0.5493599772453308,0.7935199737548828
2987,1517.0,156700.0,5.371520042419434,-0.5493599772453308,-0.6714400053024292
2988,1518.0,156800.0,5.371520042419434,-0.5493599772453308,-0.6714400053024292
2989,1519.0,156900.0,5.188399791717528,-2.502640008926392,-0.488319993019104
2990,1520.0,157000.0,5.188399791717528,-2.502640008926392,-0.488319993019104
2991,1521.0,157100.0,-4.822159767150879,3.0520000457763667,1.2207999229431152
2992,1522.0,157200.0,-4.822159767150879,3.0520000457763667,1.2207999229431152
2993,1523.0,157300.0,-4.822159767150879,3.0520000457763667,1.2207999229431152
2994,1524.0,157400.0,1.5870399475097656,1.2818399667739868,-0.9156000018119812
2995,1525.0,157500.0,1.5870399475097656,1.2818399667739868,-0.9156000018119812
2996,1526.0,157600.0,-2.868880033493042,1.1597599983215332,-0.4272800087928772
2997,1527.0,157700.0,-2.868880033493042,1.1597599983215332,-0.4272800087928772
2998,1528.0,157800.0,-0.8545600175857544,1.4649599790573118,0.7324799895286559
2999,1529.0,157900.0,-0.8545600175857544,1.4649599790573118,0.7324799895286559
3000,1500.0,155000.0,3.2961599826812744,-0.8545600175857544,-1.4039199352264404
3001,1501.0,155100.0,-3.84552001953125,2.1974399089813232,-0.3051999807357788
3002,1502.0,155200.0,-3.84552001953125,2.1974399089813232,-0.3051999807357788
3003,1503.0,155300.0,-1.7701599597930908,0.4272800087928772,0.4272800087928772
3004,1504.0,155400.0,-1.7701599597930908,0.4272800087928772,0.4272800087928772
3005,1505.0,155500.0,-1.7701599597930908,0.4272800087928772,0.4272800087928772
3006,1506.0,155600.0,-0.183119997382164,-1.5870399475097656,-0.6103999614715576
3007,1507.0,155700.0,-0.183119997382164,-1.5870399475097656,-0.6103999614715576
3008,1508.0,155800.0,-5.676720142364503,3.5403199195861816,0.366239994764328
3009,1509.0,155900.0,-5.676720142364503,3.5403199195861816,0.366239994764328
3010,1510.0,156000.0,-0.122079998254776,-2.3195199966430664,1.8312000036239624
3011,1511.0,156100.0,-0.122079998254776,-2.3195199966430664,1.8312000036239624
3012,1512.0,156200.0,0.976639986038208,-0.244159996509552,-0.7324799895286559
3013,1513.0,156300.0,0.976639986038208,-0.244159996509552,-0.7324799895286559
3014,1514.0,156400.0,0.976639986038208,-0.244159996509552,-0.7324799895286559
3015,1515.0,156500.0,1.2207999229431152,-0.5493599772453308,0.7935199737548828
3016,1516.0,156600.0,1.2207999229431152,-0.5493599772453308,0.7935199737548828
3017,1517.0,156700.0,5.371520042419434,-0.5493599772453308,-0.6714400053024292
3018,1518.0,156800.0,5.371520042419434,-0.5493599772453308,-0.6714400053024292
3019,1519.0,156900.0,5.188399791717528,-2.502640008926392,-0.488319993019104
3020,1520.0,157000.0,5.188399791717528,-2.502640008926392,-0.488319993019104
3021,1521.0,157100.0,-4.822159767150879,3.0520000457763667,1.2207999229431152
3022,1522.0,157200.0,-4.822159767150879,3.0520000457763667,1.2207999229431152
3023,1523.0,157300.0,-4.822159767150879,3.0520000457763667,1.2207999229431152
3024,1524.0,157400.0,1.5870399475097656,1.2818399667739868,-0.9156000018119812
3025,1525.0,157500.0,1.5870399475097656,1.2818399667739868,-0.9156000018119812
3026,1526.0,157600.0,-2.868880033493042,1.1597599983215332,-0.4272800087928772
3027,1527.0,157700.0,-2.868880033493042,1.1597599983215332,-0.4272800087928772
3028,1528.0,157800.0,-0.8545600175857544,1.4649599790573118,0.7324799895286559
3029,1529.0,157900.0,-0.8545600175857544,1.4649599790573118,0.7324799895286559
3030,1530.0,158000.0,-0.8545600175857544,1.4649599790573118,0.7324799895286559
3031,1531.0,158100.0,-0.366239994764328,0.366239994764328,-0.6103999614715576
3032,1532.0,158200.0,-0.366239994764328,0.366239994764328,-0.6103999614715576
3033,1533.0,158300.0,0.061039999127388,0.6714400053024292,-0.4272800087928772
3034,1534.0,158400.0,0.061039999127388,0.6714400053024292,-0.4272800087928772
3035,1535.0,158500.0,0.183119997382164,1.0987199544906616,0.4272800087928772
3036,1536.0,158600.0,0.183119997382164,1.0987199544906616,0.4272800087928772
3037,1537.0,158700.0,0.183119997382164,1.0987199544906616,0.4272800087928772
3038,1538.0,158800.0,0.4272800087928772,0.7935199737548828,0.183119997382164
3039,1539.0,158900.0,0.4272800087928772,0.7935199737548828,0.183119997382164
3040,1540.0,159000.0,0.122079998254776,0.061039999127388,-0.122079998254776
3041,1541.0,159100.0,0.122079998254776,0.061039999127388,-0.122079998254776
3042,1542.0,159200.0,0.122079998254776,0.061039999127388,-0.122079998254776
3043,1543.0,159300.0,0.3051999807357788,-0.3051999807357788,0.122079998254776
3044,1544.0,159400.0,0.3051999807357788,-0.3051999807357788,0.122079998254776
3045,1545.0,159500.0,-0.244159996509552,0.7324799895286559,0.122079998254776
3046,1546.0,159600.0,-0.244159996509552,0.7324799895286559,0.122079998254776
3047,1547.0,159700.0,-0.5493599772453308,0.122079998254776,-0.122079998254776
3048,1548.0,159800.0,-0.5493599772453308,0.122079998254776,-0.122079998254776
3049,1549.0,159900.0,0.366239994764328,-0.6714400053024292,0.244159996509552
3050,1550.0,160000.0,0.366239994764328,-0.6714400053024292,0.244159996509552
3051,1551.0,160100.0,0.366239994764328,-0.6714400053024292,0.244159996509552
3052,1552.0,160200.0,12.146960258483887,-2.3805599212646484,1.7091200351715088
3053,1553.0,160300.0,12.146960258483887,-2.3805599212646484,1.7091200351715088
3054,1554.0,160400.0,-0.061039999127388,0.366239994764328,-0.7324799895286559
3055,1555.0,160500.0,-0.061039999127388,0.366239994764328,-0.7324799895286559
3056,1556.0,160600.0,-0.061039999127388,0.366239994764328,-0.7324799895286559
3057,1557.0,160700.0,-3.2351200580596924,2.746799945831299,-2.624719858169556
3058,1558.0,160800.0,-3.2351200580596924,2.746799945831299,-2.624719858169556
3059,1559.0,160900.0,-0.8545600175857544,0.8545600175857544,-0.3051999807357788
3060,1530.0,158000.0,-0.8545600175857544,1.4649599790573118,0.7324799895286559
3061,1531.0,158100.0,-0.366239994764328,0.366239994764328,-0.6103999614715576
3062,1532.0,158200.0,-0.366239994764328,0.366239994764328,-0.6103999614715576
3063,1533.0,158300.0,0.061039999127388,0.6714400053024292,-0.4272800087928772
3064,1534.0,158400.0,0.061039999127388,0.6714400053024292,-0.4272800087928772
3065,1535.0,158500.0,0.183119997382164,1.0987199544906616,0.4272800087928772
3066,1536.0,158600.0,0.183119997382164,1.0987199544906616,0.4272800087928772
3067,1537.0,158700.0,0.183119997382164,1.0987199544906616,0.4272800087928772
3068,1538.0,158800.0,0.4272800087928772,0.7935199737548828,0.183119997382164
3069,1539.0,158900.0,0.4272800087928772,0.7935199737548828,0.183119997382164
3070,1540.0,159000.0,0.122079998254776,0.061039999127388,-0.122079998254776
3071,1541.0,159100.0,0.122079998254776,0.061039999127388,-0.122079998254776
3072,1542.0,159200.0,0.122079998254776,0.061039999127388,-0.122079998254776
3073,1543.0,159300.0,0.3051999807357788,-0.3051999807357788,0.122079998254776
3074,1544.0,159400.0,0.3051999807357788,-0.3051999807357788,0.122079998254776
3075,1545.0,159500.0,-0.244159996509552,0.7324799895286559,0.122079998254776
3076,1546.0,159600.0,-0.244159996509552,0.7324799895286559,0.122079998254776
3077,1547.0,159700.0,-0.5493599772453308,0.122079998254776,-0.122079998254776
3078,1548.0,159800.0,-0.5493599772453308,0.122079998254776,-0.122079998254776
3079,1549.0,159900.0,0.366239994764328,-0.6714400053024292,0.244159996509552
3080,1550.0,160000.0,0.366239994764328,-0.6714400053024292,0.244159996509552
3081,1551.0,160100.0,0.366239994764328,-0.6714400053024292,0.244159996509552
3082,1552.0,160200.0,12.146960258483887,-2.3805599212646484,1.7091200351715088
3083,1553.0,160300.0,12.146960258483887,-2.3805599212646484,1.7091200351715088
3084,1554.0,160400.0,-0.061039999127388,0.366239994764328,-0.7324799895286559
3085,1555.0,160500.0,-0.061039999127388,0.366239994764328,-0.7324799895286559
3086,1556.0,160600.0,-0.061039999127388,0.366239994764328,-0.7324799895286559
3087,1557.0,160700.0,-3.2351200580596924,2.746799945831299,-2.624719858169556
3088,1558.0,160800.0,-3.2351200580596924,2.746799945831299,-2.624719858169556
3089,1559.0,160900.0,-0.8545600175857544,0.8545600175857544,-0.3051999807357788
3090,1560.0,161000.0,-0.8545600175857544,0.8545600175857544,-0.3051999807357788
3091,1561.0,161100.0,1.1597599983215332,-0.3051999807357788,0.3051999807357788
3092,1562.0,161200.0,1.1597599983215332,-0.3051999807357788,0.3051999807357788
3093,1563.0,161300.0,-0.7935199737548828,-0.3051999807357788,-0.183119997382164
3094,1564.0,161400.0,-0.7935199737548828,-0.3051999807357788,-0.183119997382164
3095,1565.0,161500.0,-0.7935199737548828,-0.3051999807357788,-0.183119997382164
3096,1566.0,161600.0,-0.3051999807357788,-0.061039999127388,-0.183119997382164
3097,1567.0,161700.0,-0.3051999807357788,-0.061039999127388,-0.183119997382164
3098,1568.0,161800.0,-0.5493599772453308,-0.366239994764328,0.3051999807357788
3099,1569.0,161900.0,-0.5493599772453308,-0.366239994764328,0.3051999807357788
3100,1570.0,162000.0,-0.5493599772453308,-0.366239994764328,0.3051999807357788
3101,1571.0,162100.0,-0.488319993019104,0.8545600175857544,-0.6714400053024292
3102,1572.0,162200.0,-0.488319993019104,0.8545600175857544,-0.6714400053024292
3103,1573.0,162300.0,-1.7701599597930908,0.122079998254776,0.366239994764328
3104,1574.0,162400.0,-1.7701599597930908,0.122079998254776,0.366239994764328
3105,1575.0,162500.0,0.9156000018119812,-0.122079998254776,0.366239994764328
3106,1576.0,162600.0,0.9156000018119812,-0.122079998254776,0.366239994764328
3107,1577.0,162700.0,0.061039999127388,-0.3051999807357788,-0.3051999807357788
3108,1578.0,162800.0,0.061039999127388,-0.3051999807357788,-0.3051999807357788
3109,1579.0,162900.0,0.061039999127388,-0.3051999807357788,-0.3051999807357788
3110,1580.0,163000.0,-0.4272800087928772,0.3051999807357788,0.122079998254776
3111,1581.0,163100.0,-0.4272800087928772,0.3051999807357788,0.122079998254776
3112,1582.0,163200.0,-0.183119997382164,-0.5493599772453308,0.061039999127388
3113,1583.0,163300.0,-0.183119997382164,-0.5493599772453308,0.061039999127388
3114,1584.0,163400.0,-0.183119997382164,-0.5493599772453308,0.061039999127388
3115,1585.0,163500.0,-1.7701599597930908,0.5493599772453308,-0.5493599772453308
3116,1586.0,163600.0,-1.7701599597930908,0.5493599772453308,-0.5493599772453308
3117,1587.0,163700.0,-0.7935199737548828,0.9156000018119812,-0.061039999127388
3118,1588.0,163800.0,-0.7935199737548828,0.9156000018119812,-0.061039999127388
3119,1589.0,163900.0,-0.7324799895286559,0.6103999614715576,-0.183119997382164
3120,1560.0,161000.0,-0.8545600175857544,0.8545600175857544,-0.3051999807357788
3121,1561.0,161100.0,1.1597599983215332,-0.3051999807357788,0.3051999807357788
3122,1562.0,161200.0,1.1597599983215332,-0.3051999807357788,0.3051999807357788
3123,1563.0,161300.0,-0.7935199737548828,-0.3051999807357788,-0.183119997382164
3124,1564.0,161400.0,-0.7935199737548828,-0.3051999807357788,-0.183119997382164
3125,1565.0,161500.0,-0.7935199737548828,-0.3051999807357788,-0.183119997382164
3126,1566.0,161600.0,-0.3051999807357788,-0.061039999127388,-0.183119997382164
3127,1567.0,161700.0,-0.3051999807357788,-0.061039999127388,-0.183119997382164
3128,1568.0,161800.0,-0.5493599772453308,-0.366239994764328,0.3051999807357788
3129,1569.0,161900.0,-0.5493599772453308,-0.366239994764328,0.3051999807357788
3130,1570.0,162000.0,-0.5493599772453308,-0.366239994764328,0.3051999807357788
3131,1571.0,162100.0,-0.488319993019104,0.8545600175857544,-0.6714400053024292
3132,1572.0,162200.0,-0.488319993019104,0.8545600175857544,-0.6714400053024292
3133,1573.0,162300.0,-1.7701599597930908,0.122079998254776,0.366239994764328
3134,1574.0,162400.0,-1.7701599597930908,0.122079998254776,0.366239994764328
3135,1575.0,162500.0,0.9156000018119812,-0.122079998254776,0.366239994764328
3136,1576.0,162600.0,0.9156000018119812,-0.122079998254776,0.366239994764328
3137,1577.0,162700.0,0.061039999127388,-0.3051999807357788,-0.3051999807357788
3138,1578.0,162800.0,0.061039999127388,-0.3051999807357788,-0.3051999807357788
3139,1579.0,162900.0,0.061039999127388,-0.3051999807357788,-0.3051999807357788
3140,1580.0,163000.0,-0.4272800087928772,0.3051999807357788,0.122079998254776
3141,1581.0,163100.0,-0.4272800087928772,0.3051999807357788,0.122079998254776
3142,1582.0,163200.0,-0.183119997382164,-0.5493599772453308,0.061039999127388
3143,1583.0,163300.0,-0.183119997382164,-0.5493599772453308,0.061039999127388
3144,1584.0,163400.0,-0.183119997382164,-0.5493599772453308,0.061039999127388
3145,1585.0,163500.0,-1.7701599597930908,0.5493599772453308,-0.5493599772453308
3146,1586.0,163600.0,-1.7701599597930908,0.5493599772453308,-0.5493599772453308
3147,1587.0,163700.0,-0.7935199737548828,0.9156000018119812,-0.061039999127388
3148,1588.0,163800.0,-0.7935199737548828,0.9156000018119812,-0.061039999127388
3149,1589.0,163900.0,-0.7324799895286559,0.6103999614715576,-0.183119997382164
3150,1590.0,164000.0,-0.7324799895286559,0.6103999614715576,-0.183119997382164
3151,1591.0,164100.0,0.7935199737548828,0.4272800087928772,0.488319993019104
3152,1592.0,164200.0,0.7935199737548828,0.4272800087928772,0.488319993019104
3153,1593.0,164300.0,0.7935199737548828,0.4272800087928772,0.488319993019104
3154,1594.0,164400.0,0.488319993019104,0.244159996509552,0.183119997382164
3155,1595.0,164500.0,0.488319993019104,0.244159996509552,0.183119997382164
3156,1596.0,164600.0,-0.061039999127388,-0.061039999127388,0.366239994764328
3157,1597.0,164700.0,-0.061039999127388,-0.061039999127388,0.366239994764328
3158,1598.0,164800.0,-0.061039999127388,-0.061039999127388,0.366239994764328
3159,1599.0,164900.0,0.061039999127388,0.4272800087928772,0.122079998254776
3160,1600.0,165000.0,0.061039999127388,0.4272800087928772,0.122079998254776
3161,1601.0,165100.0,-0.7935199737548828,0.976639986038208,-0.122079998254776
3162,1602.0,165200.0,-0.7935199737548828,0.976639986038208,-0.122079998254776
3163,1603.0,165300.0,-0.366239994764328,0.183119997382164,-0.3051999807357788
3164,1604.0,165400.0,-0.366239994764328,0.183119997382164,-0.3051999807357788
3165,1605.0,165500.0,1.2818399667739868,-0.244159996509552,-0.244159996509552
3166,1606.0,165600.0,1.2818399667739868,-0.244159996509552,-0.244159996509552
3167,1607.0,165700.0,1.2818399667739868,-0.244159996509552,-0.244159996509552
3168,1608.0,165800.0,0.3051999807357788,0.366239994764328,0.6714400053024292
3169,1609.0,165900.0,0.3051999807357788,0.366239994764328,0.6714400053024292
3170,1610.0,166000.0,-0.7935199737548828,1.0987199544906616,0.4272800087928772
3171,1611.0,166100.0,-0.7935199737548828,1.0987199544906616,0.4272800087928772
3172,1612.0,166200.0,-1.3428800106048584,0.8545600175857544,0.3051999807357788
3173,1613.0,166300.0,-1.3428800106048584,0.8545600175857544,0.3051999807357788
3174,1614.0,166400.0,0.976639986038208,0.7324799895286559,0.366239994764328
3175,1615.0,166500.0,0.976639986038208,0.7324799895286559,0.366239994764328
3176,1616.0,166600.0,0.976639986038208,0.7324799895286559,0.366239994764328
3177,1617.0,166700.0,-0.122079998254776,-0.183119997382164,0.3051999807357788
3178,1618.0,166800.0,-0.122079998254776,-0.183119997382164,0.3051999807357788
3179,1619.0,166900.0,0.244159996509552,-0.183119997382164,-0.366239994764328
3180,1590.0,164000.0,-0.7324799895286559,0.6103999614715576,-0.183119997382164
3181,1591.0,164100.0,0.7935199737548828,0.4272800087928772,0.488319993019104
3182,1592.0,164200.0,0.7935199737548828,0.4272800087928772,0.488319993019104
3183,1593.0,164300.0,0.7935199737548828,0.4272800087928772,0.488319993019104
3184,1594.0,164400.0,0.488319993019104,0.244159996509552,0.183119997382164
3185,1595.0,164500.0,0.488319993019104,0.244159996509552,0.183119997382164
3186,1596.0,164600.0,-0.061039999127388,-0.061039999127388,0.366239994764328
3187,1597.0,164700.0,-0.061039999127388,-0.061039999127388,0.366239994764328
3188,1598.0,164800.0,-0.061039999127388,-0.061039999127388,0.366239994764328
3189,1599.0,164900.0,0.061039999127388,0.4272800087928772,0.122079998254776
3190,1600.0,165000.0,0.061039999127388,0.4272800087928772,0.122079998254776
3191,1601.0,165100.0,-0.7935199737548828,0.976639986038208,-0.122079998254776
3192,1602.0,165200.0,-0.7935199737548828,0.976639986038208,-0.122079998254776
3193,1603.0,165300.0,-0.366239994764328,0.183119997382164,-0.3051999807357788
3194,1604.0,165400.0,-0.366239994764328,0.183119997382164,-0.3051999807357788
3195,1605.0,165500.0,1.2818399667739868,-0.244159996509552,-0.244159996509552
3196,1606.0,165600.0,1.2818399667739868,-0.244159996509552,-0.244159996509552
3197,1607.0,165700.0,1.2818399667739868,-0.244159996509552,-0.244159996509552
3198,1608.0,165800.0,0.3051999807357788,0.366239994764328,0.6714400053024292
3199,1609.0,165900.0,0.3051999807357788,0.366239994764328,0.6714400053024292
3200,1610.0,166000.0,-0.7935199737548828,1.0987199544906616,0.4272800087928772
3201,1611.0,166100.0,-0.7935199737548828,1.0987199544906616,0.4272800087928772
3202,1612.0,166200.0,-1.3428800106048584,0.8545600175857544,0.3051999807357788
3203,1613.0,166300.0,-1.3428800106048584,0.8545600175857544,0.3051999807357788
3204,1614.0,166400.0,0.976639986038208,0.7324799895286559,0.366239994764328
3205,1615.0,166500.0,0.976639986038208,0.7324799895286559,0.366239994764328
3206,1616.0,166600.0,0.976639986038208,0.7324799895286559,0.366239994764328
3207,1617.0,166700.0,-0.122079998254776,-0.183119997382164,0.3051999807357788
3208,1618.0,166800.0,-0.122079998254776,-0.183119997382164,0.3051999807357788
3209,1619.0,166900.0,0.244159996509552,-0.183119997382164,-0.366239994764328
3210,1620.0,167000.0,0.244159996509552,-0.183119997382164,-0.366239994764328
3211,1621.0,167100.0,-1.4649599790573118,0.4272800087928772,-0.183119997382164
3212,1622.0,167200.0,-1.4649599790573118,0.4272800087928772,-0.183119997382164
3213,1623.0,167300.0,0.3051999807357788,0.183119997382164,0.244159996509552
3214,1624.0,167400.0,0.3051999807357788,0.183119997382164,0.244159996509552
3215,1625.0,167500.0,0.3051999807357788,0.183119997382164,0.244159996509552
3216,1626.0,167600.0,0.244159996509552,-0.4272800087928772,0.244159996509552
3217,1627.0,167700.0,0.244159996509552,-0.4272800087928772,0.244159996509552
3218,1628.0,167800.0,-0.5493599772453308,0.366239994764328,0.061039999127388
3219,1629.0,167900.0,-0.5493599772453308,0.366239994764328,0.061039999127388
3220,1630.0,168000.0,1.0987199544906616,-0.122079998254776,1.0987199544906616
3221,1631.0,168100.0,1.0987199544906616,-0.122079998254776,1.0987199544906616
3222,1632.0,168200.0,7.080639839172362,-0.488319993019104,3.9675998687744136
3223,1633.0,168300.0,7.080639839172362,-0.488319993019104,3.9675998687744136
3224,1634.0,168400.0,1.3428800106048584,-0.8545600175857544,5.249439716339111
3225,1635.0,168500.0,1.3428800106048584,-0.8545600175857544,5.249439716339111
3226,1636.0,168600.0,1.3428800106048584,-0.8545600175857544,5.249439716339111
3227,1637.0,168700.0,-15.68727970123291,2.990959882736206,-1.7091200351715088
3228,1638.0,168800.0,-15.68727970123291,2.990959882736206,-1.7091200351715088
3229,1639.0,168900.0,-5.310480117797852,-1.7091200351715088,-0.488319993019104
3230,1640.0,169000.0,-5.310480117797852,-1.7091200351715088,-0.488319993019104
3231,1641.0,169100.0,-0.9156000018119812,-3.1130399703979488,-2.5636799335479736
3232,1642.0,169200.0,-0.9156000018119812,-3.1130399703979488,-2.5636799335479736
3233,1643.0,169300.0,-0.9156000018119812,-3.1130399703979488,-2.5636799335479736
3234,1644.0,169400.0,-0.976639986038208,-0.5493599772453308,-0.183119997382164
3235,1645.0,169500.0,-0.976639986038208,-0.5493599772453308,-0.183119997382164
3236,1646.0,169600.0,-0.5493599772453308,0.183119997382164,0.183119997382164
3237,1647.0,169700.0,-0.5493599772453308,0.183119997382164,0.183119997382164
3238,1648.0,169800.0,-1.5870399475097656,0.9156000018119812,-0.488319993019104
3239,1649.0,169900.0,-1.5870399475097656,0.9156000018119812,-0.488319993019104
3240,1620.0,167000.0,0.244159996509552,-0.183119997382164,-0.366239994764328
3241,1621.0,167100.0,-1.4649599790573118,0.4272800087928772,-0.183119997382164
3242,1622.0,167200.0,-1.4649599790573118,0.4272800087928772,-0.183119997382164
3243,1623.0,167300.0,0.3051999807357788,0.183119997382164,0.244159996509552
3244,1624.0,167400.0,0.3051999807357788,0.183119997382164,0.244159996509552
3245,1625.0,167500.0,0.3051999807357788,0.183119997382164,0.244159996509552
3246,1626.0,167600.0,0.244159996509552,-0.4272800087928772,0.244159996509552
3247,1627.0,167700.0,0.244159996509552,-0.4272800087928772,0.244159996509552
3248,1628.0,167800.0,-0.5493599772453308,0.366239994764328,0.061039999127388
3249,1629.0,167900.0,-0.5493599772453308,0.366239994764328,0.061039999127388
3250,1630.0,168000.0,1.0987199544906616,-0.122079998254776,1.0987199544906616
3251,1631.0,168100.0,1.0987199544906616,-0.122079998254776,1.0987199544906616
3252,1632.0,168200.0,7.080639839172362,-0.488319993019104,3.9675998687744136
3253,1633.0,168300.0,7.080639839172362,-0.488319993019104,3.9675998687744136
3254,1634.0,168400.0,1.3428800106048584,-0.8545600175857544,5.249439716339111
3255,1635.0,168500.0,1.3428800106048584,-0.8545600175857544,5.249439716339111
3256,1636.0,168600.0,1.3428800106048584,-0.8545600175857544,5.249439716339111
3257,1637.0,168700.0,-15.68727970123291,2.990959882736206,-1.7091200351715088
3258,1638.0,168800.0,-15.68727970123291,2.990959882736206,-1.7091200351715088
3259,1639.0,168900.0,-5.310480117797852,-1.7091200351715088,-0.488319993019104
3260,1640.0,169000.0,-5.310480117797852,-1.7091200351715088,-0.488319993019104
3261,1641.0,169100.0,-0.9156000018119812,-3.1130399703979488,-2.5636799335479736
3262,1642.0,169200.0,-0.9156000018119812,-3.1130399703979488,-2.5636799335479736
3263,1643.0,169300.0,-0.9156000018119812,-3.1130399703979488,-2.5636799335479736
3264,1644.0,169400.0,-0.976639986038208,-0.5493599772453308,-0.183119997382164
3265,1645.0,169500.0,-0.976639986038208,-0.5493599772453308,-0.183119997382164
3266,1646.0,169600.0,-0.5493599772453308,0.183119997382164,0.183119997382164
3267,1647.0,169700.0,-0.5493599772453308,0.183119997382164,0.183119997382164
3268,1648.0,169800.0,-1.5870399475097656,0.9156000018119812,-0.488319993019104
3269,1649.0,169900.0,-1.5870399475097656,0.9156000018119812,-0.488319993019104
3270,1650.0,170000.0,-1.5870399475097656,0.9156000018119812,-0.488319993019104
3271,1651.0,170100.0,-0.061039999127388,-0.366239994764328,0.4272800087928772
3272,1652.0,170200.0,-0.061039999127388,-0.366239994764328,0.4272800087928772
3273,1653.0,170300.0,1.4649599790573118,-0.7324799895286559,0.5493599772453308
3274,1654.0,170400.0,1.4649599790573118,-0.7324799895286559,0.5493599772453308
3275,1655.0,170500.0,-0.122079998254776,-0.244159996509552,0.6103999614715576
3276,1656.0,170600.0,-0.122079998254776,-0.244159996509552,0.6103999614715576
3277,1657.0,170700.0,-0.122079998254776,-0.244159996509552,0.6103999614715576
3278,1658.0,170800.0,-0.122079998254776,-0.366239994764328,-0.183119997382164
3279,1659.0,170900.0,-0.122079998254776,-0.366239994764328,-0.183119997382164
3280,1660.0,171000.0,0.244159996509552,-0.183119997382164,-0.5493599772453308
3281,1661.0,171100.0,0.244159996509552,-0.183119997382164,-0.5493599772453308
3282,1662.0,171200.0,0.122079998254776,-0.122079998254776,0.122079998254776
3283,1663.0,171300.0,0.122079998254776,-0.122079998254776,0.122079998254776
3284,1664.0,171400.0,0.122079998254776,-0.122079998254776,0.122079998254776
3285,1665.0,171500.0,0.3051999807357788,-0.183119997382164,-0.5493599772453308
3286,1666.0,171600.0,0.3051999807357788,-0.183119997382164,-0.5493599772453308
3287,1667.0,171700.0,-0.366239994764328,-0.3051999807357788,0.183119997382164
3288,1668.0,171800.0,-0.366239994764328,-0.3051999807357788,0.183119997382164
3289,1669.0,171900.0,-0.7324799895286559,0.4272800087928772,0.366239994764328
3290,1670.0,172000.0,-0.7324799895286559,0.4272800087928772,0.366239994764328
3291,1671.0,172100.0,-0.7324799895286559,0.4272800087928772,0.366239994764328
3292,1672.0,172200.0,-0.366239994764328,0.183119997382164,0.061039999127388
3293,1673.0,172300.0,-0.366239994764328,0.183119997382164,0.061039999127388
3294,1674.0,172400.0,0.7324799895286559,-0.3051999807357788,0.183119997382164
3295,1675.0,172500.0,0.7324799895286559,-0.3051999807357788,0.183119997382164
3296,1676.0,172600.0,0.6714400053024292,0.7935199737548828,0.183119997382164
3297,1677.0,172700.0,0.6714400053024292,0.7935199737548828,0.183119997382164
3298,1678.0,172800.0,-0.183119997382164,-0.6714400053024292,0.5493599772453308
3299,1679.0,172900.0,-0.183119997382164,-0.6714400053024292,0.5493599772453308
